service,pod,timestamp,value
cartservice,cartservice-578c7dc78d-6mtrs,1739285386,55111680
cartservice,cartservice-578c7dc78d-6mtrs,1739285686,60727296
cartservice,cartservice-578c7dc78d-6mtrs,1739285986,59559936
cartservice,cartservice-578c7dc78d-6mtrs,1739286286,60002304
cartservice,cartservice-578c7dc78d-6mtrs,1739286586,63488000
cartservice,cartservice-578c7dc78d-6mtrs,1739286886,183013376
cartservice,cartservice-578c7dc78d-6mtrs,1739287186,64020480
cartservice,cartservice-578c7dc78d-6mtrs,1739287486,64630784
cartservice,cartservice-578c7dc78d-6mtrs,1739287786,162344960
cartservice,cartservice-578c7dc78d-6mtrs,1739288086,68276224
cartservice,cartservice-578c7dc78d-6mtrs,1739288386,194793472
cartservice,cartservice-578c7dc78d-6mtrs,1739288686,196935680
cartservice,cartservice-578c7dc78d-6mtrs,1739288986,199761920
cartservice,cartservice-578c7dc78d-6mtrs,1739289286,200065024
cartservice,cartservice-578c7dc78d-6mtrs,1739289586,200208384
cartservice,cartservice-578c7dc78d-6mtrs,1739289886,202870784
cartservice,cartservice-578c7dc78d-6mtrs,1739290186,203567104
cartservice,cartservice-578c7dc78d-6mtrs,1739290486,205852672
cartservice,cartservice-578c7dc78d-6mtrs,1739290786,206163968
cartservice,cartservice-578c7dc78d-6mtrs,1739291086,207011840
cartservice,cartservice-578c7dc78d-6mtrs,1739291386,206262272
cartservice,cartservice-578c7dc78d-6mtrs,1739291686,206422016
cartservice,cartservice-578c7dc78d-6mtrs,1739291986,200142848
cartservice,cartservice-578c7dc78d-6mtrs,1739292286,127062016
cartservice,cartservice-578c7dc78d-6mtrs,1739292586,202616832
cartservice,cartservice-578c7dc78d-6mtrs,1739292886,204386304
cartservice,cartservice-578c7dc78d-6mtrs,1739293186,77041664
cartservice,cartservice-578c7dc78d-6mtrs,1739293486,207249408
cartservice,cartservice-578c7dc78d-6mtrs,1739293786,209367040
cartservice,cartservice-578c7dc78d-6mtrs,1739294086,209866752
cartservice,cartservice-578c7dc78d-6mtrs,1739294386,210092032
cartservice,cartservice-578c7dc78d-6mtrs,1739294686,210391040
cartservice,cartservice-578c7dc78d-6mtrs,1739294986,210661376
cartservice,cartservice-578c7dc78d-6mtrs,1739295286,210546688
cartservice,cartservice-578c7dc78d-6mtrs,1739295586,210538496
cartservice,cartservice-578c7dc78d-6mtrs,1739295886,210853888
cartservice,cartservice-578c7dc78d-6mtrs,1739296186,210407424
cartservice,cartservice-578c7dc78d-6mtrs,1739296486,208855040
cartservice,cartservice-578c7dc78d-6mtrs,1739296786,209797120
cartservice,cartservice-578c7dc78d-6mtrs,1739297086,198983680
cartservice,cartservice-578c7dc78d-6mtrs,1739297386,201748480
cartservice,cartservice-578c7dc78d-6mtrs,1739297686,204156928
cartservice,cartservice-578c7dc78d-6mtrs,1739297986,205033472
cartservice,cartservice-578c7dc78d-6mtrs,1739298286,205049856
cartservice,cartservice-578c7dc78d-6mtrs,1739298586,206102528
cartservice,cartservice-578c7dc78d-6mtrs,1739298886,206213120
cartservice,cartservice-578c7dc78d-6mtrs,1739299186,206893056
cartservice,cartservice-578c7dc78d-6mtrs,1739299486,206303232
cartservice,cartservice-578c7dc78d-6mtrs,1739299786,206745600
cartservice,cartservice-578c7dc78d-6mtrs,1739300086,206753792
cartservice,cartservice-578c7dc78d-6mtrs,1739300386,207400960
cartservice,cartservice-578c7dc78d-6mtrs,1739300686,208797696
cartservice,cartservice-578c7dc78d-6mtrs,1739300986,208535552
cartservice,cartservice-578c7dc78d-6mtrs,1739301286,201117696
cartservice,cartservice-578c7dc78d-6mtrs,1739301586,202510336
cartservice,cartservice-578c7dc78d-6mtrs,1739301886,203096064
cartservice,cartservice-578c7dc78d-6mtrs,1739302186,203255808
cartservice,cartservice-578c7dc78d-6mtrs,1739302486,203362304
cartservice,cartservice-578c7dc78d-6mtrs,1739302786,203493376
cartservice,cartservice-578c7dc78d-6mtrs,1739303086,207413248
cartservice,cartservice-578c7dc78d-6mtrs,1739303386,202661888
cartservice,cartservice-578c7dc78d-6mtrs,1739303686,207966208
cartservice,cartservice-578c7dc78d-6mtrs,1739303986,208084992
cartservice,cartservice-578c7dc78d-6mtrs,1739304286,208863232
cartservice,cartservice-578c7dc78d-6mtrs,1739304586,208945152
cartservice,cartservice-578c7dc78d-6mtrs,1739304886,79982592
cartservice,cartservice-578c7dc78d-6mtrs,1739305186,79663104
cartservice,cartservice-578c7dc78d-6mtrs,1739305486,79659008
cartservice,cartservice-578c7dc78d-6mtrs,1739305786,107057152
cartservice,cartservice-578c7dc78d-6mtrs,1739306086,129331200
cartservice,cartservice-578c7dc78d-6mtrs,1739306386,205172736
cartservice,cartservice-578c7dc78d-6mtrs,1739306686,206970880
cartservice,cartservice-578c7dc78d-6mtrs,1739306986,207560704
cartservice,cartservice-578c7dc78d-6mtrs,1739307286,207912960
cartservice,cartservice-578c7dc78d-6mtrs,1739307586,206663680
cartservice,cartservice-578c7dc78d-6mtrs,1739307886,210731008
cartservice,cartservice-578c7dc78d-6mtrs,1739308186,212090880
cartservice,cartservice-578c7dc78d-6mtrs,1739308486,211615744
cartservice,cartservice-578c7dc78d-6mtrs,1739308786,211881984
cartservice,cartservice-578c7dc78d-6mtrs,1739309086,81240064
cartservice,cartservice-578c7dc78d-6mtrs,1739309386,196374528
cartservice,cartservice-578c7dc78d-6mtrs,1739309686,197251072
cartservice,cartservice-578c7dc78d-6mtrs,1739309986,197828608
cartservice,cartservice-578c7dc78d-6mtrs,1739310286,201871360
cartservice,cartservice-578c7dc78d-6mtrs,1739310586,202948608
cartservice,cartservice-578c7dc78d-6mtrs,1739310886,203018240
cartservice,cartservice-578c7dc78d-6mtrs,1739311186,147042304
cartservice,cartservice-578c7dc78d-6mtrs,1739311486,203100160
cartservice,cartservice-578c7dc78d-6mtrs,1739311786,204161024
cartservice,cartservice-578c7dc78d-6mtrs,1739312086,204509184
cartservice,cartservice-578c7dc78d-6mtrs,1739312386,205180928
cartservice,cartservice-578c7dc78d-6mtrs,1739312686,205418496
cartservice,cartservice-578c7dc78d-6mtrs,1739312986,206426112
cartservice,cartservice-578c7dc78d-6mtrs,1739313286,205963264
cartservice,cartservice-578c7dc78d-6mtrs,1739313586,205840384
cartservice,cartservice-578c7dc78d-6mtrs,1739313886,205750272
cartservice,cartservice-578c7dc78d-6mtrs,1739314186,206123008
cartservice,cartservice-578c7dc78d-6mtrs,1739314486,206049280
cartservice,cartservice-578c7dc78d-6mtrs,1739314786,206368768
cartservice,cartservice-578c7dc78d-6mtrs,1739315086,206761984
cartservice,cartservice-578c7dc78d-6mtrs,1739315386,207282176
cartservice,cartservice-578c7dc78d-6mtrs,1739315686,206999552
cartservice,cartservice-578c7dc78d-6mtrs,1739315986,207130624
cartservice,cartservice-578c7dc78d-6mtrs,1739316286,207933440
cartservice,cartservice-578c7dc78d-6mtrs,1739316586,207949824
cartservice,cartservice-578c7dc78d-6mtrs,1739316886,207867904
cartservice,cartservice-578c7dc78d-6mtrs,1739317186,208429056
cartservice,cartservice-578c7dc78d-6mtrs,1739317486,208138240
cartservice,cartservice-578c7dc78d-6mtrs,1739317786,208162816
cartservice,cartservice-578c7dc78d-6mtrs,1739318086,208363520
cartservice,cartservice-578c7dc78d-6mtrs,1739318386,203030528
cartservice,cartservice-578c7dc78d-6mtrs,1739318686,205877248
cartservice,cartservice-578c7dc78d-6mtrs,1739318986,205615104
cartservice,cartservice-578c7dc78d-6mtrs,1739319286,206073856
cartservice,cartservice-578c7dc78d-6mtrs,1739319586,206303232
cartservice,cartservice-578c7dc78d-6mtrs,1739319886,207040512
cartservice,cartservice-578c7dc78d-6mtrs,1739320186,207216640
cartservice,cartservice-578c7dc78d-6mtrs,1739320486,207073280
cartservice,cartservice-578c7dc78d-6mtrs,1739320786,208080896
cartservice,cartservice-578c7dc78d-6mtrs,1739321086,207519744
cartservice,cartservice-578c7dc78d-6mtrs,1739321386,207450112
cartservice,cartservice-578c7dc78d-6mtrs,1739321686,209711104
cartservice,cartservice-578c7dc78d-6mtrs,1739321986,211501056
cartservice,cartservice-578c7dc78d-6mtrs,1739322286,212164608
cartservice,cartservice-578c7dc78d-6mtrs,1739322586,211816448
cartservice,cartservice-578c7dc78d-6mtrs,1739322886,197881856
cartservice,cartservice-578c7dc78d-6mtrs,1739323186,211271680
cartservice,cartservice-578c7dc78d-6mtrs,1739323486,211537920
cartservice,cartservice-578c7dc78d-6mtrs,1739323786,212258816
cartservice,cartservice-578c7dc78d-6mtrs,1739324086,212389888
cartservice,cartservice-578c7dc78d-6mtrs,1739324386,213176320
cartservice,cartservice-578c7dc78d-6mtrs,1739324686,213708800
cartservice,cartservice-578c7dc78d-6mtrs,1739324986,214073344
cartservice,cartservice-578c7dc78d-6mtrs,1739325286,132321280
cartservice,cartservice-578c7dc78d-6mtrs,1739325586,200331264
cartservice,cartservice-578c7dc78d-6mtrs,1739325886,200450048
cartservice,cartservice-578c7dc78d-6mtrs,1739326186,200876032
cartservice,cartservice-578c7dc78d-6mtrs,1739326486,204054528
cartservice,cartservice-578c7dc78d-6mtrs,1739326786,204120064
cartservice,cartservice-578c7dc78d-6mtrs,1739327086,204242944
cartservice,cartservice-578c7dc78d-6mtrs,1739327386,80076800
cartservice,cartservice-578c7dc78d-6mtrs,1739327686,206897152
cartservice,cartservice-578c7dc78d-6mtrs,1739327986,205467648
cartservice,cartservice-578c7dc78d-6mtrs,1739328286,206381056
cartservice,cartservice-578c7dc78d-6mtrs,1739328586,206319616
cartservice,cartservice-578c7dc78d-6mtrs,1739328886,206462976
cartservice,cartservice-578c7dc78d-6mtrs,1739329186,206852096
cartservice,cartservice-578c7dc78d-6mtrs,1739329486,208052224
cartservice,cartservice-578c7dc78d-6mtrs,1739329786,209326080
cartservice,cartservice-578c7dc78d-6mtrs,1739330086,209637376
cartservice,cartservice-578c7dc78d-6mtrs,1739330386,209281024
cartservice,cartservice-578c7dc78d-6mtrs,1739330686,209702912
cartservice,cartservice-578c7dc78d-6mtrs,1739330986,210350080
cartservice,cartservice-578c7dc78d-6mtrs,1739331286,130162688
cartservice,cartservice-578c7dc78d-6mtrs,1739331586,201420800
cartservice,cartservice-578c7dc78d-6mtrs,1739331886,204369920
cartservice,cartservice-578c7dc78d-6mtrs,1739332186,207273984
cartservice,cartservice-578c7dc78d-6mtrs,1739332486,207847424
cartservice,cartservice-578c7dc78d-6mtrs,1739332786,207953920
cartservice,cartservice-578c7dc78d-6mtrs,1739333086,207925248
cartservice,cartservice-578c7dc78d-6mtrs,1739333386,209092608
cartservice,cartservice-578c7dc78d-6mtrs,1739333686,209276928
cartservice,cartservice-578c7dc78d-6mtrs,1739333986,201695232
cartservice,cartservice-578c7dc78d-6mtrs,1739334286,214138880
cartservice,cartservice-578c7dc78d-6mtrs,1739334586,201285632
cartservice,cartservice-578c7dc78d-6mtrs,1739334886,206434304
cartservice,cartservice-578c7dc78d-6mtrs,1739335186,207081472
cartservice,cartservice-578c7dc78d-6mtrs,1739335486,208273408
cartservice,cartservice-578c7dc78d-6mtrs,1739335786,208539648
cartservice,cartservice-578c7dc78d-6mtrs,1739336086,208633856
cartservice,cartservice-578c7dc78d-6mtrs,1739336386,209797120
cartservice,cartservice-578c7dc78d-6mtrs,1739336686,203223040
cartservice,cartservice-578c7dc78d-6mtrs,1739336986,93020160
cartservice,cartservice-578c7dc78d-6mtrs,1739337286,205836288
cartservice,cartservice-578c7dc78d-6mtrs,1739337586,82710528
cartservice,cartservice-578c7dc78d-6mtrs,1739337886,84217856
cartservice,cartservice-578c7dc78d-6mtrs,1739338186,84656128
cartservice,cartservice-578c7dc78d-6mtrs,1739338486,196907008
cartservice,cartservice-578c7dc78d-6mtrs,1739338786,83435520
cartservice,cartservice-578c7dc78d-6mtrs,1739339086,82767872
cartservice,cartservice-578c7dc78d-6mtrs,1739339386,86671360
cartservice,cartservice-578c7dc78d-6mtrs,1739339686,188280832
cartservice,cartservice-578c7dc78d-6mtrs,1739339986,85401600
cartservice,cartservice-578c7dc78d-6mtrs,1739340286,86732800
cartservice,cartservice-578c7dc78d-6mtrs,1739340586,87957504
cartservice,cartservice-578c7dc78d-6mtrs,1739340886,86618112
cartservice,cartservice-578c7dc78d-6mtrs,1739341186,87023616
cartservice,cartservice-578c7dc78d-6mtrs,1739341486,87367680
cartservice,cartservice-578c7dc78d-6mtrs,1739341786,87384064
cartservice,cartservice-578c7dc78d-6mtrs,1739342086,88514560
cartservice,cartservice-578c7dc78d-6mtrs,1739342386,88793088
cartservice,cartservice-578c7dc78d-6mtrs,1739342686,88358912
cartservice,cartservice-578c7dc78d-6mtrs,1739342986,139337728
cartservice,cartservice-578c7dc78d-6mtrs,1739343286,87052288
cartservice,cartservice-578c7dc78d-6mtrs,1739343586,87011328
cartservice,cartservice-578c7dc78d-6mtrs,1739343886,87003136
cartservice,cartservice-578c7dc78d-6mtrs,1739344186,89108480
cartservice,cartservice-578c7dc78d-6mtrs,1739344486,87846912
cartservice,cartservice-578c7dc78d-6mtrs,1739344786,88997888
cartservice,cartservice-578c7dc78d-6mtrs,1739345086,220545024
cartservice,cartservice-578c7dc78d-6mtrs,1739345386,90632192
cartservice,cartservice-578c7dc78d-6mtrs,1739345686,90632192
cartservice,cartservice-578c7dc78d-6mtrs,1739345986,92266496
cartservice,cartservice-578c7dc78d-6mtrs,1739346286,91975680
cartservice,cartservice-578c7dc78d-6mtrs,1739346586,90828800
cartservice,cartservice-578c7dc78d-6mtrs,1739346886,90902528
cartservice,cartservice-578c7dc78d-6mtrs,1739347186,92545024
cartservice,cartservice-578c7dc78d-6mtrs,1739347486,198053888
cartservice,cartservice-578c7dc78d-6mtrs,1739347786,93396992
cartservice,cartservice-578c7dc78d-6mtrs,1739348086,95133696
cartservice,cartservice-578c7dc78d-6mtrs,1739348386,93679616
cartservice,cartservice-578c7dc78d-6mtrs,1739348686,93392896
cartservice,cartservice-578c7dc78d-6mtrs,1739348986,94810112
cartservice,cartservice-578c7dc78d-6mtrs,1739349286,95100928
cartservice,cartservice-578c7dc78d-6mtrs,1739349586,95543296
cartservice,cartservice-578c7dc78d-6mtrs,1739349886,93605888
cartservice,cartservice-578c7dc78d-6mtrs,1739350186,93835264
cartservice,cartservice-578c7dc78d-6mtrs,1739350486,92758016
cartservice,cartservice-578c7dc78d-6mtrs,1739350786,92758016
cartservice,cartservice-578c7dc78d-6mtrs,1739351086,92745728
cartservice,cartservice-578c7dc78d-6mtrs,1739351386,94658560
cartservice,cartservice-578c7dc78d-6mtrs,1739351686,93007872
cartservice,cartservice-578c7dc78d-6mtrs,1739351986,94670848
cartservice,cartservice-578c7dc78d-6mtrs,1739352286,93286400
cartservice,cartservice-578c7dc78d-6mtrs,1739352586,93224960
cartservice,cartservice-578c7dc78d-6mtrs,1739352886,93249536
cartservice,cartservice-578c7dc78d-6mtrs,1739353186,113487872
cartservice,cartservice-578c7dc78d-6mtrs,1739353486,93265920
cartservice,cartservice-578c7dc78d-6mtrs,1739353786,95698944
cartservice,cartservice-578c7dc78d-6mtrs,1739354086,95604736
cartservice,cartservice-578c7dc78d-6mtrs,1739354386,98930688
cartservice,cartservice-578c7dc78d-6mtrs,1739354686,97693696
cartservice,cartservice-578c7dc78d-6mtrs,1739354986,99004416
cartservice,cartservice-578c7dc78d-6mtrs,1739355286,97460224
cartservice,cartservice-578c7dc78d-6mtrs,1739355586,92725248
cartservice,cartservice-578c7dc78d-6mtrs,1739355886,92876800
cartservice,cartservice-578c7dc78d-6mtrs,1739356186,93687808
cartservice,cartservice-578c7dc78d-6mtrs,1739356486,93704192
cartservice,cartservice-578c7dc78d-6mtrs,1739356786,95469568
cartservice,cartservice-578c7dc78d-6mtrs,1739357086,95780864
cartservice,cartservice-578c7dc78d-6mtrs,1739357386,95916032
cartservice,cartservice-578c7dc78d-6mtrs,1739357686,144621568
cartservice,cartservice-578c7dc78d-6mtrs,1739357986,94384128
cartservice,cartservice-578c7dc78d-6mtrs,1739358286,94711808
cartservice,cartservice-578c7dc78d-6mtrs,1739358586,96698368
cartservice,cartservice-578c7dc78d-6mtrs,1739358886,96096256
cartservice,cartservice-578c7dc78d-6mtrs,1739359186,94736384
cartservice,cartservice-578c7dc78d-6mtrs,1739359486,173408256
cartservice,cartservice-578c7dc78d-6mtrs,1739359786,94326784
cartservice,cartservice-578c7dc78d-6mtrs,1739360086,94720000
cartservice,cartservice-578c7dc78d-6mtrs,1739360386,93790208
cartservice,cartservice-578c7dc78d-6mtrs,1739360686,93921280
cartservice,cartservice-578c7dc78d-6mtrs,1739360986,97656832
cartservice,cartservice-578c7dc78d-6mtrs,1739361286,97779712
cartservice,cartservice-578c7dc78d-6mtrs,1739361586,96464896
cartservice,cartservice-578c7dc78d-6mtrs,1739361886,163979264
cartservice,cartservice-578c7dc78d-6mtrs,1739362186,96112640
cartservice,cartservice-578c7dc78d-6mtrs,1739362486,96419840
cartservice,cartservice-578c7dc78d-6mtrs,1739362786,97824768
cartservice,cartservice-578c7dc78d-6mtrs,1739363086,96215040
cartservice,cartservice-578c7dc78d-6mtrs,1739363386,97996800
cartservice,cartservice-578c7dc78d-6mtrs,1739363686,98148352
cartservice,cartservice-578c7dc78d-6mtrs,1739363986,98312192
cartservice,cartservice-578c7dc78d-6mtrs,1739364286,96473088
cartservice,cartservice-578c7dc78d-6mtrs,1739364586,98045952
cartservice,cartservice-578c7dc78d-6mtrs,1739364886,146100224
cartservice,cartservice-578c7dc78d-6mtrs,1739365186,97193984
cartservice,cartservice-578c7dc78d-6mtrs,1739365486,95977472
cartservice,cartservice-578c7dc78d-6mtrs,1739365786,96239616
cartservice,cartservice-578c7dc78d-6mtrs,1739366086,96288768
cartservice,cartservice-578c7dc78d-6mtrs,1739366386,96063488
cartservice,cartservice-578c7dc78d-6mtrs,1739366686,96079872
cartservice,cartservice-578c7dc78d-6mtrs,1739366986,96112640
cartservice,cartservice-578c7dc78d-6mtrs,1739367286,97837056
cartservice,cartservice-578c7dc78d-6mtrs,1739367586,97939456
cartservice,cartservice-578c7dc78d-6mtrs,1739367886,143790080
cartservice,cartservice-578c7dc78d-6mtrs,1739368186,96280576
cartservice,cartservice-578c7dc78d-6mtrs,1739368486,96362496
cartservice,cartservice-578c7dc78d-6mtrs,1739368786,96333824
cartservice,cartservice-578c7dc78d-6mtrs,1739369086,98717696
cartservice,cartservice-578c7dc78d-6mtrs,1739369386,100782080
cartservice,cartservice-578c7dc78d-6mtrs,1739369686,98652160
cartservice,cartservice-578c7dc78d-6mtrs,1739369986,98721792
cartservice,cartservice-578c7dc78d-6mtrs,1739370286,100327424
cartservice,cartservice-578c7dc78d-6mtrs,1739370586,193515520
cartservice,cartservice-578c7dc78d-6mtrs,1739370886,98971648
cartservice,cartservice-578c7dc78d-6mtrs,1739371186,98086912
cartservice,cartservice-578c7dc78d-6mtrs,1739371486,98435072
cartservice,cartservice-578c7dc78d-6mtrs,1739371786,98299904
cartservice,cartservice-578c7dc78d-6mtrs,1739372086,100151296
cartservice,cartservice-578c7dc78d-6mtrs,1739372386,100065280
cartservice,cartservice-578c7dc78d-6mtrs,1739372686,98803712
cartservice,cartservice-578c7dc78d-6mtrs,1739372986,100425728
cartservice,cartservice-578c7dc78d-6mtrs,1739373286,98500608
cartservice,cartservice-578c7dc78d-6mtrs,1739373586,98656256
cartservice,cartservice-578c7dc78d-6mtrs,1739373886,98811904
cartservice,cartservice-578c7dc78d-6mtrs,1739374186,98648064
cartservice,cartservice-578c7dc78d-6mtrs,1739374486,102887424
cartservice,cartservice-578c7dc78d-6mtrs,1739374786,101380096
cartservice,cartservice-578c7dc78d-6mtrs,1739375086,227885056
cartservice,cartservice-578c7dc78d-6mtrs,1739375386,100958208
cartservice,cartservice-578c7dc78d-6mtrs,1739375686,101711872
cartservice,cartservice-578c7dc78d-6mtrs,1739375986,100958208
cartservice,cartservice-578c7dc78d-6mtrs,1739376286,101052416
cartservice,cartservice-578c7dc78d-6mtrs,1739376586,100192256
cartservice,cartservice-578c7dc78d-6mtrs,1739376886,101535744
cartservice,cartservice-578c7dc78d-6mtrs,1739377186,101474304
cartservice,cartservice-578c7dc78d-6mtrs,1739377486,100343808
cartservice,cartservice-578c7dc78d-6mtrs,1739377786,100380672
cartservice,cartservice-578c7dc78d-6mtrs,1739378086,100413440
cartservice,cartservice-578c7dc78d-6mtrs,1739378386,102002688
cartservice,cartservice-578c7dc78d-6mtrs,1739378686,100618240
cartservice,cartservice-578c7dc78d-6mtrs,1739378986,100683776
cartservice,cartservice-578c7dc78d-6mtrs,1739379286,102043648
cartservice,cartservice-578c7dc78d-6mtrs,1739379586,100511744
cartservice,cartservice-578c7dc78d-6mtrs,1739379886,229642240
cartservice,cartservice-578c7dc78d-6mtrs,1739380186,150536192
cartservice,cartservice-578c7dc78d-6mtrs,1739380486,102563840
cartservice,cartservice-578c7dc78d-6mtrs,1739380786,104046592
cartservice,cartservice-578c7dc78d-6mtrs,1739381086,102678528
cartservice,cartservice-578c7dc78d-6mtrs,1739381386,102952960
cartservice,cartservice-578c7dc78d-6mtrs,1739381686,104325120
cartservice,cartservice-578c7dc78d-6mtrs,1739381986,104218624
cartservice,cartservice-578c7dc78d-6mtrs,1739382286,102252544
cartservice,cartservice-578c7dc78d-6mtrs,1739382586,102600704
cartservice,cartservice-578c7dc78d-6mtrs,1739382886,102543360
cartservice,cartservice-578c7dc78d-6mtrs,1739383186,104202240
cartservice,cartservice-578c7dc78d-6mtrs,1739383486,102768640
cartservice,cartservice-578c7dc78d-6mtrs,1739383786,104304640
cartservice,cartservice-578c7dc78d-6mtrs,1739384086,102785024
cartservice,cartservice-578c7dc78d-6mtrs,1739384386,103116800
cartservice,cartservice-578c7dc78d-6mtrs,1739384686,104353792
cartservice,cartservice-578c7dc78d-6mtrs,1739384986,152207360
cartservice,cartservice-578c7dc78d-6mtrs,1739385286,102985728
cartservice,cartservice-578c7dc78d-6mtrs,1739385586,103256064
cartservice,cartservice-578c7dc78d-6mtrs,1739385886,105369600
cartservice,cartservice-578c7dc78d-6mtrs,1739386186,104632320
cartservice,cartservice-578c7dc78d-6mtrs,1739386486,103342080
cartservice,cartservice-578c7dc78d-6mtrs,1739386786,104767488
cartservice,cartservice-578c7dc78d-6mtrs,1739387086,103292928
redis-cart,redis-cart-558f8d8d44-flgb8,1739458786,48615424
redis-cart,redis-cart-558f8d8d44-flgb8,1739459086,48754688
redis-cart,redis-cart-558f8d8d44-flgb8,1739459386,48816128
redis-cart,redis-cart-558f8d8d44-flgb8,1739459686,49676288
redis-cart,redis-cart-558f8d8d44-flgb8,1739459986,49942528
redis-cart,redis-cart-558f8d8d44-flgb8,1739460286,50286592
redis-cart,redis-cart-558f8d8d44-flgb8,1739460586,53891072
redis-cart,redis-cart-558f8d8d44-flgb8,1739460886,52555776
redis-cart,redis-cart-558f8d8d44-flgb8,1739461186,52559872
redis-cart,redis-cart-558f8d8d44-flgb8,1739461486,52559872
redis-cart,redis-cart-558f8d8d44-flgb8,1739461786,52563968
redis-cart,redis-cart-558f8d8d44-flgb8,1739462086,52649984
redis-cart,redis-cart-558f8d8d44-flgb8,1739462386,52776960
redis-cart,redis-cart-558f8d8d44-flgb8,1739462686,52776960
redis-cart,redis-cart-558f8d8d44-flgb8,1739462986,52789248
redis-cart,redis-cart-558f8d8d44-flgb8,1739463286,53473280
redis-cart,redis-cart-558f8d8d44-flgb8,1739463586,55091200
redis-cart,redis-cart-558f8d8d44-flgb8,1739463886,55341056
redis-cart,redis-cart-558f8d8d44-flgb8,1739464186,57532416
redis-cart,redis-cart-558f8d8d44-flgb8,1739464486,57556992
redis-cart,redis-cart-558f8d8d44-flgb8,1739464786,57565184
redis-cart,redis-cart-558f8d8d44-flgb8,1739465086,57602048
redis-cart,redis-cart-558f8d8d44-flgb8,1739465386,57905152
redis-cart,redis-cart-558f8d8d44-flgb8,1739465686,57864192
redis-cart,redis-cart-558f8d8d44-flgb8,1739465986,60039168
redis-cart,redis-cart-558f8d8d44-flgb8,1739466286,57987072
redis-cart,redis-cart-558f8d8d44-flgb8,1739466586,57548800
redis-cart,redis-cart-558f8d8d44-flgb8,1739466886,57556992
redis-cart,redis-cart-558f8d8d44-flgb8,1739467186,57552896
redis-cart,redis-cart-558f8d8d44-flgb8,1739467486,57712640
redis-cart,redis-cart-558f8d8d44-flgb8,1739467786,57884672
redis-cart,redis-cart-558f8d8d44-flgb8,1739468086,57806848
redis-cart,redis-cart-558f8d8d44-flgb8,1739468386,57782272
redis-cart,redis-cart-558f8d8d44-flgb8,1739468686,57786368
redis-cart,redis-cart-558f8d8d44-flgb8,1739468986,57790464
redis-cart,redis-cart-558f8d8d44-flgb8,1739469286,57995264
redis-cart,redis-cart-558f8d8d44-flgb8,1739469586,58245120
redis-cart,redis-cart-558f8d8d44-flgb8,1739469886,59166720
redis-cart,redis-cart-558f8d8d44-flgb8,1739470186,59301888
redis-cart,redis-cart-558f8d8d44-flgb8,1739470486,60108800
redis-cart,redis-cart-558f8d8d44-flgb8,1739470786,59916288
redis-cart,redis-cart-558f8d8d44-flgb8,1739471086,60063744
redis-cart,redis-cart-558f8d8d44-flgb8,1739471386,60104704
redis-cart,redis-cart-558f8d8d44-flgb8,1739471686,60207104
redis-cart,redis-cart-558f8d8d44-flgb8,1739471986,60338176
redis-cart,redis-cart-558f8d8d44-flgb8,1739472286,59707392
redis-cart,redis-cart-558f8d8d44-flgb8,1739472586,59715584
redis-cart,redis-cart-558f8d8d44-flgb8,1739472886,59703296
redis-cart,redis-cart-558f8d8d44-flgb8,1739473186,59756544
redis-cart,redis-cart-558f8d8d44-flgb8,1739473486,60293120
redis-cart,redis-cart-558f8d8d44-flgb8,1739473786,61808640
redis-cart,redis-cart-558f8d8d44-flgb8,1739474086,62971904
redis-cart,redis-cart-558f8d8d44-flgb8,1739474386,63004672
redis-cart,redis-cart-558f8d8d44-flgb8,1739474686,64888832
redis-cart,redis-cart-558f8d8d44-flgb8,1739474986,63062016
redis-cart,redis-cart-558f8d8d44-flgb8,1739475286,63098880
redis-cart,redis-cart-558f8d8d44-flgb8,1739475586,63115264
redis-cart,redis-cart-558f8d8d44-flgb8,1739475886,63365120
redis-cart,redis-cart-558f8d8d44-flgb8,1739476186,63139840
redis-cart,redis-cart-558f8d8d44-flgb8,1739476486,63131648
redis-cart,redis-cart-558f8d8d44-flgb8,1739476786,63049728
redis-cart,redis-cart-558f8d8d44-flgb8,1739477086,63115264
redis-cart,redis-cart-558f8d8d44-flgb8,1739477386,63295488
redis-cart,redis-cart-558f8d8d44-flgb8,1739477686,63258624
redis-cart,redis-cart-558f8d8d44-flgb8,1739477986,63328256
redis-cart,redis-cart-558f8d8d44-flgb8,1739478286,63393792
redis-cart,redis-cart-558f8d8d44-flgb8,1739478586,63340544
redis-cart,redis-cart-558f8d8d44-flgb8,1739478886,62832640
redis-cart,redis-cart-558f8d8d44-flgb8,1739479186,62836736
redis-cart,redis-cart-558f8d8d44-flgb8,1739479486,62849024
redis-cart,redis-cart-558f8d8d44-flgb8,1739479786,62873600
redis-cart,redis-cart-558f8d8d44-flgb8,1739480086,63070208
redis-cart,redis-cart-558f8d8d44-flgb8,1739480386,62898176
redis-cart,redis-cart-558f8d8d44-flgb8,1739480686,63483904
redis-cart,redis-cart-558f8d8d44-flgb8,1739480986,63455232
redis-cart,redis-cart-558f8d8d44-flgb8,1739481286,63520768
redis-cart,redis-cart-558f8d8d44-flgb8,1739481586,63557632
redis-cart,redis-cart-558f8d8d44-flgb8,1739481886,66220032
redis-cart,redis-cart-558f8d8d44-flgb8,1739482186,64864256
redis-cart,redis-cart-558f8d8d44-flgb8,1739482486,64770048
redis-cart,redis-cart-558f8d8d44-flgb8,1739482786,64802816
redis-cart,redis-cart-558f8d8d44-flgb8,1739483086,64806912
redis-cart,redis-cart-558f8d8d44-flgb8,1739483386,64622592
redis-cart,redis-cart-558f8d8d44-flgb8,1739483686,65085440
redis-cart,redis-cart-558f8d8d44-flgb8,1739483986,64675840
redis-cart,redis-cart-558f8d8d44-flgb8,1739484286,65208320
redis-cart,redis-cart-558f8d8d44-flgb8,1739484586,66052096
redis-cart,redis-cart-558f8d8d44-flgb8,1739484886,67747840
redis-cart,redis-cart-558f8d8d44-flgb8,1739485186,68157440
redis-cart,redis-cart-558f8d8d44-flgb8,1739485486,69181440
redis-cart,redis-cart-558f8d8d44-flgb8,1739485786,70348800
redis-cart,redis-cart-558f8d8d44-flgb8,1739486086,71286784
redis-cart,redis-cart-558f8d8d44-flgb8,1739486386,71991296
redis-cart,redis-cart-558f8d8d44-flgb8,1739486686,72466432
redis-cart,redis-cart-558f8d8d44-flgb8,1739486986,72953856
redis-cart,redis-cart-558f8d8d44-flgb8,1739487286,72941568
redis-cart,redis-cart-558f8d8d44-flgb8,1739487586,73691136
redis-cart,redis-cart-558f8d8d44-flgb8,1739487886,73805824
redis-cart,redis-cart-558f8d8d44-sszqx,1739226586,63336448
redis-cart,redis-cart-558f8d8d44-sszqx,1739226886,64131072
redis-cart,redis-cart-558f8d8d44-sszqx,1739227186,64876544
redis-cart,redis-cart-558f8d8d44-sszqx,1739227486,65617920
redis-cart,redis-cart-558f8d8d44-sszqx,1739227786,66359296
redis-cart,redis-cart-558f8d8d44-sszqx,1739228086,67198976
redis-cart,redis-cart-558f8d8d44-sszqx,1739228386,68616192
redis-cart,redis-cart-558f8d8d44-sszqx,1739228686,69361664
redis-cart,redis-cart-558f8d8d44-sszqx,1739228986,71704576
redis-cart,redis-cart-558f8d8d44-sszqx,1739229286,70901760
redis-cart,redis-cart-558f8d8d44-sszqx,1739229586,71651328
redis-cart,redis-cart-558f8d8d44-sszqx,1739229886,72388608
redis-cart,redis-cart-558f8d8d44-sszqx,1739230186,73105408
redis-cart,redis-cart-558f8d8d44-sszqx,1739230486,73854976
redis-cart,redis-cart-558f8d8d44-sszqx,1739230786,76128256
redis-cart,redis-cart-558f8d8d44-sszqx,1739231086,75276288
redis-cart,redis-cart-558f8d8d44-sszqx,1739231386,75677696
redis-cart,redis-cart-558f8d8d44-sszqx,1739231686,76464128
redis-cart,redis-cart-558f8d8d44-sszqx,1739231986,77230080
redis-cart,redis-cart-558f8d8d44-sszqx,1739232286,77307904
redis-cart,redis-cart-558f8d8d44-sszqx,1739232586,78065664
redis-cart,redis-cart-558f8d8d44-sszqx,1739232886,78860288
redis-cart,redis-cart-558f8d8d44-sszqx,1739233186,80912384
redis-cart,redis-cart-558f8d8d44-sszqx,1739233486,81387520
redis-cart,redis-cart-558f8d8d44-sszqx,1739233786,82173952
redis-cart,redis-cart-558f8d8d44-sszqx,1739234086,82952192
redis-cart,redis-cart-558f8d8d44-sszqx,1739234386,84217856
redis-cart,redis-cart-558f8d8d44-sszqx,1739234686,84725760
redis-cart,redis-cart-558f8d8d44-sszqx,1739234986,85495808
redis-cart,redis-cart-558f8d8d44-sszqx,1739235286,86282240
redis-cart,redis-cart-558f8d8d44-sszqx,1739235586,86962176
redis-cart,redis-cart-558f8d8d44-sszqx,1739235886,87764992
redis-cart,redis-cart-558f8d8d44-sszqx,1739236186,88227840
redis-cart,redis-cart-558f8d8d44-sszqx,1739236486,88203264
redis-cart,redis-cart-558f8d8d44-sszqx,1739236786,88989696
redis-cart,redis-cart-558f8d8d44-sszqx,1739237086,97677312
redis-cart,redis-cart-558f8d8d44-sszqx,1739237386,90517504
redis-cart,redis-cart-558f8d8d44-sszqx,1739237686,91447296
redis-cart,redis-cart-558f8d8d44-sszqx,1739237986,91590656
redis-cart,redis-cart-558f8d8d44-sszqx,1739238286,91590656
redis-cart,redis-cart-558f8d8d44-sszqx,1739238586,91852800
redis-cart,redis-cart-558f8d8d44-sszqx,1739238886,91721728
redis-cart,redis-cart-558f8d8d44-sszqx,1739239186,92585984
redis-cart,redis-cart-558f8d8d44-sszqx,1739239486,95252480
redis-cart,redis-cart-558f8d8d44-sszqx,1739239786,94224384
redis-cart,redis-cart-558f8d8d44-sszqx,1739240086,94994432
redis-cart,redis-cart-558f8d8d44-sszqx,1739240386,95666176
redis-cart,redis-cart-558f8d8d44-sszqx,1739240686,96464896
redis-cart,redis-cart-558f8d8d44-sszqx,1739240986,97239040
redis-cart,redis-cart-558f8d8d44-sszqx,1739241286,97337344
redis-cart,redis-cart-558f8d8d44-sszqx,1739241586,97935360
redis-cart,redis-cart-558f8d8d44-sszqx,1739241886,98660352
redis-cart,redis-cart-558f8d8d44-sszqx,1739242186,99471360
redis-cart,redis-cart-558f8d8d44-sszqx,1739242486,100532224
redis-cart,redis-cart-558f8d8d44-sszqx,1739242786,100966400
redis-cart,redis-cart-558f8d8d44-sszqx,1739243086,101584896
redis-cart,redis-cart-558f8d8d44-sszqx,1739243386,102440960
redis-cart,redis-cart-558f8d8d44-sszqx,1739243686,105402368
redis-cart,redis-cart-558f8d8d44-sszqx,1739243986,106463232
redis-cart,redis-cart-558f8d8d44-sszqx,1739244286,106930176
redis-cart,redis-cart-558f8d8d44-sszqx,1739244586,107753472
redis-cart,redis-cart-558f8d8d44-sszqx,1739244886,110485504
redis-cart,redis-cart-558f8d8d44-sszqx,1739245186,109494272
redis-cart,redis-cart-558f8d8d44-sszqx,1739245486,110252032
redis-cart,redis-cart-558f8d8d44-sszqx,1739245786,111042560
redis-cart,redis-cart-558f8d8d44-sszqx,1739246086,111726592
redis-cart,redis-cart-558f8d8d44-sszqx,1739246386,111955968
redis-cart,redis-cart-558f8d8d44-sszqx,1739246686,112828416
redis-cart,redis-cart-558f8d8d44-sszqx,1739246986,113754112
redis-cart,redis-cart-558f8d8d44-sszqx,1739247286,114659328
redis-cart,redis-cart-558f8d8d44-sszqx,1739247586,115609600
redis-cart,redis-cart-558f8d8d44-sszqx,1739247886,116502528
redis-cart,redis-cart-558f8d8d44-sszqx,1739248186,117440512
redis-cart,redis-cart-558f8d8d44-sszqx,1739248486,118444032
redis-cart,redis-cart-558f8d8d44-sszqx,1739248786,121040896
redis-cart,redis-cart-558f8d8d44-sszqx,1739249086,120209408
redis-cart,redis-cart-558f8d8d44-sszqx,1739249386,121171968
redis-cart,redis-cart-558f8d8d44-sszqx,1739249686,122204160
redis-cart,redis-cart-558f8d8d44-sszqx,1739249986,123252736
redis-cart,redis-cart-558f8d8d44-sszqx,1739250286,134770688
redis-cart,redis-cart-558f8d8d44-sszqx,1739250586,127209472
redis-cart,redis-cart-558f8d8d44-sszqx,1739250886,126636032
redis-cart,redis-cart-558f8d8d44-sszqx,1739251186,127553536
redis-cart,redis-cart-558f8d8d44-sszqx,1739251486,127692800
redis-cart,redis-cart-558f8d8d44-sszqx,1739251786,127442944
redis-cart,redis-cart-558f8d8d44-sszqx,1739252086,127848448
redis-cart,redis-cart-558f8d8d44-sszqx,1739252386,128864256
redis-cart,redis-cart-558f8d8d44-sszqx,1739252686,128987136
redis-cart,redis-cart-558f8d8d44-sszqx,1739252986,130002944
redis-cart,redis-cart-558f8d8d44-sszqx,1739253286,141864960
redis-cart,redis-cart-558f8d8d44-sszqx,1739253586,132403200
redis-cart,redis-cart-558f8d8d44-sszqx,1739253886,133414912
redis-cart,redis-cart-558f8d8d44-sszqx,1739254186,134062080
redis-cart,redis-cart-558f8d8d44-sszqx,1739254486,137121792
redis-cart,redis-cart-558f8d8d44-sszqx,1739254786,136507392
redis-cart,redis-cart-558f8d8d44-sszqx,1739255086,137203712
redis-cart,redis-cart-558f8d8d44-sszqx,1739255386,137273344
redis-cart,redis-cart-558f8d8d44-sszqx,1739255686,137670656
redis-cart,redis-cart-558f8d8d44-sszqx,1739255986,137461760
redis-cart,redis-cart-558f8d8d44-sszqx,1739256286,139538432
redis-cart,redis-cart-558f8d8d44-sszqx,1739256586,137977856
redis-cart,redis-cart-558f8d8d44-sszqx,1739256886,138715136
redis-cart,redis-cart-558f8d8d44-sszqx,1739257186,138891264
redis-cart,redis-cart-558f8d8d44-sszqx,1739257486,138977280
redis-cart,redis-cart-558f8d8d44-sszqx,1739257786,139390976
redis-cart,redis-cart-558f8d8d44-sszqx,1739258086,139399168
redis-cart,redis-cart-558f8d8d44-sszqx,1739258386,139415552
redis-cart,redis-cart-558f8d8d44-sszqx,1739258686,139485184
redis-cart,redis-cart-558f8d8d44-sszqx,1739258986,139489280
redis-cart,redis-cart-558f8d8d44-sszqx,1739259286,139857920
redis-cart,redis-cart-558f8d8d44-sszqx,1739259586,139964416
redis-cart,redis-cart-558f8d8d44-sszqx,1739259886,140079104
redis-cart,redis-cart-558f8d8d44-sszqx,1739260186,140353536
redis-cart,redis-cart-558f8d8d44-sszqx,1739260486,140890112
redis-cart,redis-cart-558f8d8d44-sszqx,1739260786,140390400
redis-cart,redis-cart-558f8d8d44-sszqx,1739261086,149192704
redis-cart,redis-cart-558f8d8d44-sszqx,1739261386,142352384
redis-cart,redis-cart-558f8d8d44-sszqx,1739261686,143368192
redis-cart,redis-cart-558f8d8d44-sszqx,1739261986,145137664
redis-cart,redis-cart-558f8d8d44-sszqx,1739262286,146046976
redis-cart,redis-cart-558f8d8d44-sszqx,1739262586,148070400
redis-cart,redis-cart-558f8d8d44-sszqx,1739262886,153329664
redis-cart,redis-cart-558f8d8d44-sszqx,1739263186,153657344
redis-cart,redis-cart-558f8d8d44-sszqx,1739263486,154013696
redis-cart,redis-cart-558f8d8d44-sszqx,1739263786,154165248
redis-cart,redis-cart-558f8d8d44-sszqx,1739264086,154288128
redis-cart,redis-cart-558f8d8d44-sszqx,1739264386,154365952
redis-cart,redis-cart-558f8d8d44-sszqx,1739264686,165359616
redis-cart,redis-cart-558f8d8d44-sszqx,1739264986,156430336
redis-cart,redis-cart-558f8d8d44-sszqx,1739265286,158048256
redis-cart,redis-cart-558f8d8d44-sszqx,1739265586,159268864
redis-cart,redis-cart-558f8d8d44-sszqx,1739265886,160608256
redis-cart,redis-cart-558f8d8d44-sszqx,1739266186,162037760
redis-cart,redis-cart-558f8d8d44-sszqx,1739266486,162484224
redis-cart,redis-cart-558f8d8d44-sszqx,1739266786,162504704
redis-cart,redis-cart-558f8d8d44-sszqx,1739267086,162856960
redis-cart,redis-cart-558f8d8d44-sszqx,1739267386,162631680
redis-cart,redis-cart-558f8d8d44-sszqx,1739267686,162861056
redis-cart,redis-cart-558f8d8d44-sszqx,1739267986,161968128
redis-cart,redis-cart-558f8d8d44-sszqx,1739268286,161964032
redis-cart,redis-cart-558f8d8d44-sszqx,1739268586,161964032
redis-cart,redis-cart-558f8d8d44-sszqx,1739268886,161955840
redis-cart,redis-cart-558f8d8d44-sszqx,1739269186,161955840
redis-cart,redis-cart-558f8d8d44-sszqx,1739269486,162000896
redis-cart,redis-cart-558f8d8d44-sszqx,1739269786,162672640
redis-cart,redis-cart-558f8d8d44-sszqx,1739270086,163360768
redis-cart,redis-cart-558f8d8d44-sszqx,1739270386,163786752
redis-cart,redis-cart-558f8d8d44-sszqx,1739270686,165023744
redis-cart,redis-cart-558f8d8d44-sszqx,1739270986,167419904
redis-cart,redis-cart-558f8d8d44-sszqx,1739271286,165842944
redis-cart,redis-cart-558f8d8d44-sszqx,1739271586,165994496
redis-cart,redis-cart-558f8d8d44-sszqx,1739271886,166055936
redis-cart,redis-cart-558f8d8d44-sszqx,1739272186,166051840
redis-cart,redis-cart-558f8d8d44-sszqx,1739272486,166477824
redis-cart,redis-cart-558f8d8d44-sszqx,1739272786,167497728
redis-cart,redis-cart-558f8d8d44-sszqx,1739273086,167792640
redis-cart,redis-cart-558f8d8d44-sszqx,1739273386,168284160
redis-cart,redis-cart-558f8d8d44-sszqx,1739273686,167628800
redis-cart,redis-cart-558f8d8d44-sszqx,1739273986,167669760
redis-cart,redis-cart-558f8d8d44-sszqx,1739274286,167968768
redis-cart,redis-cart-558f8d8d44-sszqx,1739274586,169635840
redis-cart,redis-cart-558f8d8d44-sszqx,1739274886,169627648
redis-cart,redis-cart-558f8d8d44-sszqx,1739275186,169914368
redis-cart,redis-cart-558f8d8d44-sszqx,1739275486,169906176
redis-cart,redis-cart-558f8d8d44-sszqx,1739275786,170020864
redis-cart,redis-cart-558f8d8d44-sszqx,1739276086,171429888
redis-cart,redis-cart-558f8d8d44-sszqx,1739276386,170217472
redis-cart,redis-cart-558f8d8d44-sszqx,1739276686,170008576
redis-cart,redis-cart-558f8d8d44-sszqx,1739276986,170012672
redis-cart,redis-cart-558f8d8d44-sszqx,1739277286,170303488
redis-cart,redis-cart-558f8d8d44-sszqx,1739277586,170303488
redis-cart,redis-cart-558f8d8d44-sszqx,1739277886,172150784
redis-cart,redis-cart-558f8d8d44-sszqx,1739278186,170844160
redis-cart,redis-cart-558f8d8d44-sszqx,1739278486,170921984
redis-cart,redis-cart-558f8d8d44-sszqx,1739278786,171028480
redis-cart,redis-cart-558f8d8d44-sszqx,1739279086,171143168
redis-cart,redis-cart-558f8d8d44-sszqx,1739279386,174465024
redis-cart,redis-cart-558f8d8d44-sszqx,1739279686,172810240
redis-cart,redis-cart-558f8d8d44-sszqx,1739279986,173940736
redis-cart,redis-cart-558f8d8d44-sszqx,1739280286,174325760
redis-cart,redis-cart-558f8d8d44-sszqx,1739280586,174231552
redis-cart,redis-cart-558f8d8d44-sszqx,1739280886,174252032
redis-cart,redis-cart-558f8d8d44-sszqx,1739281186,174247936
redis-cart,redis-cart-558f8d8d44-sszqx,1739281486,174116864
redis-cart,redis-cart-558f8d8d44-sszqx,1739281786,174260224
redis-cart,redis-cart-558f8d8d44-sszqx,1739282086,174305280
redis-cart,redis-cart-558f8d8d44-sszqx,1739282386,174350336
redis-cart,redis-cart-558f8d8d44-sszqx,1739282686,174501888
redis-cart,redis-cart-558f8d8d44-sszqx,1739282986,174575616
redis-cart,redis-cart-558f8d8d44-sszqx,1739283286,174571520
redis-cart,redis-cart-558f8d8d44-sszqx,1739283586,176586752
redis-cart,redis-cart-558f8d8d44-sszqx,1739283886,174706688
redis-cart,redis-cart-558f8d8d44-sszqx,1739284186,174714880
redis-cart,redis-cart-558f8d8d44-sszqx,1739284486,179433472
redis-cart,redis-cart-558f8d8d44-sszqx,1739284786,174829568
redis-cart,redis-cart-558f8d8d44-sszqx,1739285086,174907392
redis-cart,redis-cart-558f8d8d44-sszqx,1739285386,174571520
redis-cart,redis-cart-558f8d8d44-sszqx,1739285686,182439936
redis-cart,redis-cart-558f8d8d44-sszqx,1739285986,174632960
redis-cart,redis-cart-558f8d8d44-sszqx,1739286286,174788608
redis-cart,redis-cart-558f8d8d44-sszqx,1739286586,174919680
redis-cart,redis-cart-558f8d8d44-sszqx,1739286886,175165440
redis-cart,redis-cart-558f8d8d44-sszqx,1739287186,175710208
redis-cart,redis-cart-558f8d8d44-sszqx,1739287486,175464448
redis-cart,redis-cart-558f8d8d44-sszqx,1739287786,173543424
redis-cart,redis-cart-558f8d8d44-sszqx,1739288086,179183616
redis-cart,redis-cart-558f8d8d44-sszqx,1739288386,182173696
redis-cart,redis-cart-558f8d8d44-sszqx,1739288686,183013376
redis-cart,redis-cart-558f8d8d44-sszqx,1739288986,183812096
redis-cart,redis-cart-558f8d8d44-sszqx,1739289286,184733696
redis-cart,redis-cart-558f8d8d44-sszqx,1739289586,185556992
redis-cart,redis-cart-558f8d8d44-sszqx,1739289886,186368000
redis-cart,redis-cart-558f8d8d44-sszqx,1739290186,187617280
redis-cart,redis-cart-558f8d8d44-sszqx,1739290486,188403712
redis-cart,redis-cart-558f8d8d44-sszqx,1739290786,189145088
redis-cart,redis-cart-558f8d8d44-sszqx,1739291086,190025728
redis-cart,redis-cart-558f8d8d44-sszqx,1739291386,190849024
redis-cart,redis-cart-558f8d8d44-sszqx,1739291686,191901696
redis-cart,redis-cart-558f8d8d44-sszqx,1739291986,192733184
redis-cart,redis-cart-558f8d8d44-sszqx,1739292286,193449984
redis-cart,redis-cart-558f8d8d44-sszqx,1739292586,194281472
redis-cart,redis-cart-558f8d8d44-sszqx,1739292886,194867200
redis-cart,redis-cart-558f8d8d44-sszqx,1739293186,202706944
redis-cart,redis-cart-558f8d8d44-sszqx,1739293486,195485696
redis-cart,redis-cart-558f8d8d44-sszqx,1739293786,197890048
redis-cart,redis-cart-558f8d8d44-sszqx,1739294086,197222400
redis-cart,redis-cart-558f8d8d44-sszqx,1739294386,206450688
redis-cart,redis-cart-558f8d8d44-sszqx,1739294686,198901760
redis-cart,redis-cart-558f8d8d44-sszqx,1739294986,199634944
redis-cart,redis-cart-558f8d8d44-sszqx,1739295286,200568832
redis-cart,redis-cart-558f8d8d44-sszqx,1739295586,202686464
redis-cart,redis-cart-558f8d8d44-sszqx,1739295886,202260480
redis-cart,redis-cart-558f8d8d44-sszqx,1739296186,202805248
redis-cart,redis-cart-558f8d8d44-sszqx,1739296486,203902976
redis-cart,redis-cart-558f8d8d44-sszqx,1739296786,213553152
redis-cart,redis-cart-558f8d8d44-sszqx,1739297086,205144064
redis-cart,redis-cart-558f8d8d44-sszqx,1739297386,206405632
redis-cart,redis-cart-558f8d8d44-sszqx,1739297686,206995456
redis-cart,redis-cart-558f8d8d44-sszqx,1739297986,207572992
redis-cart,redis-cart-558f8d8d44-sszqx,1739298286,211128320
redis-cart,redis-cart-558f8d8d44-sszqx,1739298586,209145856
redis-cart,redis-cart-558f8d8d44-sszqx,1739298886,209977344
redis-cart,redis-cart-558f8d8d44-sszqx,1739299186,210767872
redis-cart,redis-cart-558f8d8d44-sszqx,1739299486,211857408
redis-cart,redis-cart-558f8d8d44-sszqx,1739299786,212598784
redis-cart,redis-cart-558f8d8d44-sszqx,1739300086,213426176
redis-cart,redis-cart-558f8d8d44-sszqx,1739300386,214253568
redis-cart,redis-cart-558f8d8d44-sszqx,1739300686,214892544
redis-cart,redis-cart-558f8d8d44-sszqx,1739300986,215719936
redis-cart,redis-cart-558f8d8d44-sszqx,1739301286,216518656
redis-cart,redis-cart-558f8d8d44-sszqx,1739301586,217333760
redis-cart,redis-cart-558f8d8d44-sszqx,1739301886,218402816
redis-cart,redis-cart-558f8d8d44-sszqx,1739302186,218939392
redis-cart,redis-cart-558f8d8d44-sszqx,1739302486,219627520
redis-cart,redis-cart-558f8d8d44-sszqx,1739302786,220422144
redis-cart,redis-cart-558f8d8d44-sszqx,1739303086,222670848
redis-cart,redis-cart-558f8d8d44-sszqx,1739303386,222052352
redis-cart,redis-cart-558f8d8d44-sszqx,1739303686,223096832
redis-cart,redis-cart-558f8d8d44-sszqx,1739303986,223657984
redis-cart,redis-cart-558f8d8d44-sszqx,1739304286,224210944
redis-cart,redis-cart-558f8d8d44-sszqx,1739304586,225271808
redis-cart,redis-cart-558f8d8d44-sszqx,1739304886,226062336
redis-cart,redis-cart-558f8d8d44-sszqx,1739305186,225112064
redis-cart,redis-cart-558f8d8d44-sszqx,1739305486,225107968
redis-cart,redis-cart-558f8d8d44-sszqx,1739305786,225112064
redis-cart,redis-cart-558f8d8d44-sszqx,1739306086,225185792
redis-cart,redis-cart-558f8d8d44-sszqx,1739306386,225898496
redis-cart,redis-cart-558f8d8d44-sszqx,1739306686,227315712
redis-cart,redis-cart-558f8d8d44-sszqx,1739306986,227753984
redis-cart,redis-cart-558f8d8d44-sszqx,1739307286,228823040
redis-cart,redis-cart-558f8d8d44-sszqx,1739307586,229462016
redis-cart,redis-cart-558f8d8d44-sszqx,1739307886,229978112
redis-cart,redis-cart-558f8d8d44-sszqx,1739308186,231055360
redis-cart,redis-cart-558f8d8d44-sszqx,1739308486,233525248
redis-cart,redis-cart-558f8d8d44-sszqx,1739308786,232677376
redis-cart,redis-cart-558f8d8d44-sszqx,1739309086,233672704
redis-cart,redis-cart-558f8d8d44-sszqx,1739309386,233775104
redis-cart,redis-cart-558f8d8d44-sszqx,1739309686,234037248
redis-cart,redis-cart-558f8d8d44-sszqx,1739309986,234827776
redis-cart,redis-cart-558f8d8d44-sszqx,1739310286,235622400
redis-cart,redis-cart-558f8d8d44-sszqx,1739310586,236466176
redis-cart,redis-cart-558f8d8d44-sszqx,1739310886,237268992
redis-cart,redis-cart-558f8d8d44-sszqx,1739311186,238198784
redis-cart,redis-cart-558f8d8d44-sszqx,1739311486,238759936
redis-cart,redis-cart-558f8d8d44-sszqx,1739311786,239595520
redis-cart,redis-cart-558f8d8d44-sszqx,1739312086,241008640
redis-cart,redis-cart-558f8d8d44-sszqx,1739312386,241438720
redis-cart,redis-cart-558f8d8d44-sszqx,1739312686,242139136
redis-cart,redis-cart-558f8d8d44-sszqx,1739312986,242946048
redis-cart,redis-cart-558f8d8d44-sszqx,1739313286,243740672
redis-cart,redis-cart-558f8d8d44-sszqx,1739313586,244367360
redis-cart,redis-cart-558f8d8d44-sszqx,1739313886,245178368
redis-cart,redis-cart-558f8d8d44-sszqx,1739314186,255021056
redis-cart,redis-cart-558f8d8d44-sszqx,1739314486,255426560
redis-cart,redis-cart-558f8d8d44-sszqx,1739314786,256491520
redis-cart,redis-cart-558f8d8d44-sszqx,1739315086,257024000
redis-cart,redis-cart-558f8d8d44-sszqx,1739315386,257847296
redis-cart,redis-cart-558f8d8d44-sszqx,1739315686,260198400
redis-cart,redis-cart-558f8d8d44-sszqx,1739315986,259735552
redis-cart,redis-cart-558f8d8d44-sszqx,1739316286,260562944
redis-cart,redis-cart-558f8d8d44-sszqx,1739316586,261373952
redis-cart,redis-cart-558f8d8d44-sszqx,1739316886,262156288
redis-cart,redis-cart-558f8d8d44-sszqx,1739317186,262971392
redis-cart,redis-cart-558f8d8d44-sszqx,1739317486,272150528
redis-cart,redis-cart-558f8d8d44-sszqx,1739317786,264724480
redis-cart,redis-cart-558f8d8d44-sszqx,1739318086,265306112
redis-cart,redis-cart-558f8d8d44-sszqx,1739318386,265781248
redis-cart,redis-cart-558f8d8d44-sszqx,1739318686,266608640
redis-cart,redis-cart-558f8d8d44-sszqx,1739318986,267423744
redis-cart,redis-cart-558f8d8d44-sszqx,1739319286,268226560
redis-cart,redis-cart-558f8d8d44-sszqx,1739319586,269201408
redis-cart,redis-cart-558f8d8d44-sszqx,1739319886,277872640
redis-cart,redis-cart-558f8d8d44-sszqx,1739320186,270839808
redis-cart,redis-cart-558f8d8d44-sszqx,1739320486,271831040
redis-cart,redis-cart-558f8d8d44-sszqx,1739320786,280649728
redis-cart,redis-cart-558f8d8d44-sszqx,1739321086,273301504
redis-cart,redis-cart-558f8d8d44-sszqx,1739321386,274202624
redis-cart,redis-cart-558f8d8d44-sszqx,1739321686,275083264
redis-cart,redis-cart-558f8d8d44-sszqx,1739321986,275509248
redis-cart,redis-cart-558f8d8d44-sszqx,1739322286,276312064
redis-cart,redis-cart-558f8d8d44-sszqx,1739322586,277114880
redis-cart,redis-cart-558f8d8d44-sszqx,1739322886,277843968
redis-cart,redis-cart-558f8d8d44-sszqx,1739323186,278593536
redis-cart,redis-cart-558f8d8d44-sszqx,1739323486,279453696
redis-cart,redis-cart-558f8d8d44-sszqx,1739323786,286318592
redis-cart,redis-cart-558f8d8d44-sszqx,1739324086,281198592
redis-cart,redis-cart-558f8d8d44-sszqx,1739324386,282062848
redis-cart,redis-cart-558f8d8d44-sszqx,1739324686,282869760
redis-cart,redis-cart-558f8d8d44-sszqx,1739324986,283869184
redis-cart,redis-cart-558f8d8d44-sszqx,1739325286,284516352
redis-cart,redis-cart-558f8d8d44-sszqx,1739325586,285335552
redis-cart,redis-cart-558f8d8d44-sszqx,1739325886,286015488
redis-cart,redis-cart-558f8d8d44-sszqx,1739326186,286814208
redis-cart,redis-cart-558f8d8d44-sszqx,1739326486,287178752
redis-cart,redis-cart-558f8d8d44-sszqx,1739326786,287997952
redis-cart,redis-cart-558f8d8d44-sszqx,1739327086,288817152
redis-cart,redis-cart-558f8d8d44-sszqx,1739327386,290062336
redis-cart,redis-cart-558f8d8d44-sszqx,1739327686,290709504
redis-cart,redis-cart-558f8d8d44-sszqx,1739327986,291319808
redis-cart,redis-cart-558f8d8d44-sszqx,1739328286,292130816
redis-cart,redis-cart-558f8d8d44-sszqx,1739328586,303435776
redis-cart,redis-cart-558f8d8d44-sszqx,1739328886,293879808
redis-cart,redis-cart-558f8d8d44-sszqx,1739329186,294670336
redis-cart,redis-cart-558f8d8d44-sszqx,1739329486,295477248
redis-cart,redis-cart-558f8d8d44-sszqx,1739329786,296280064
redis-cart,redis-cart-558f8d8d44-sszqx,1739330086,297074688
redis-cart,redis-cart-558f8d8d44-sszqx,1739330386,297865216
redis-cart,redis-cart-558f8d8d44-sszqx,1739330686,298942464
redis-cart,redis-cart-558f8d8d44-sszqx,1739330986,299073536
redis-cart,redis-cart-558f8d8d44-sszqx,1739331286,302006272
redis-cart,redis-cart-558f8d8d44-sszqx,1739331586,302735360
redis-cart,redis-cart-558f8d8d44-sszqx,1739331886,303267840
redis-cart,redis-cart-558f8d8d44-sszqx,1739332186,303869952
redis-cart,redis-cart-558f8d8d44-sszqx,1739332486,306393088
redis-cart,redis-cart-558f8d8d44-sszqx,1739332786,305819648
redis-cart,redis-cart-558f8d8d44-sszqx,1739333086,306610176
redis-cart,redis-cart-558f8d8d44-sszqx,1739333386,307412992
redis-cart,redis-cart-558f8d8d44-sszqx,1739333686,305352704
redis-cart,redis-cart-558f8d8d44-sszqx,1739333986,306339840
redis-cart,redis-cart-558f8d8d44-sszqx,1739334286,308576256
redis-cart,redis-cart-558f8d8d44-sszqx,1739334586,315559936
redis-cart,redis-cart-558f8d8d44-sszqx,1739334886,307408896
redis-cart,redis-cart-558f8d8d44-sszqx,1739335186,305184768
redis-cart,redis-cart-558f8d8d44-sszqx,1739335486,306089984
redis-cart,redis-cart-558f8d8d44-sszqx,1739335786,306888704
redis-cart,redis-cart-558f8d8d44-sszqx,1739336086,307933184
redis-cart,redis-cart-558f8d8d44-sszqx,1739336386,308461568
redis-cart,redis-cart-558f8d8d44-sszqx,1739336686,309235712
redis-cart,redis-cart-558f8d8d44-sszqx,1739336986,309460992
redis-cart,redis-cart-558f8d8d44-sszqx,1739337286,309817344
redis-cart,redis-cart-558f8d8d44-sszqx,1739337586,309915648
redis-cart,redis-cart-558f8d8d44-sszqx,1739337886,309473280
redis-cart,redis-cart-558f8d8d44-sszqx,1739338186,315461632
redis-cart,redis-cart-558f8d8d44-sszqx,1739338486,310792192
redis-cart,redis-cart-558f8d8d44-sszqx,1739338786,310607872
redis-cart,redis-cart-558f8d8d44-sszqx,1739339086,310685696
redis-cart,redis-cart-558f8d8d44-sszqx,1739339386,315461632
redis-cart,redis-cart-558f8d8d44-sszqx,1739339686,311885824
redis-cart,redis-cart-558f8d8d44-sszqx,1739339986,311558144
redis-cart,redis-cart-558f8d8d44-sszqx,1739340286,314994688
redis-cart,redis-cart-558f8d8d44-sszqx,1739340586,315072512
redis-cart,redis-cart-558f8d8d44-sszqx,1739340886,315215872
redis-cart,redis-cart-558f8d8d44-sszqx,1739341186,315265024
redis-cart,redis-cart-558f8d8d44-sszqx,1739341486,315183104
redis-cart,redis-cart-558f8d8d44-sszqx,1739341786,315117568
redis-cart,redis-cart-558f8d8d44-sszqx,1739342086,312000512
redis-cart,redis-cart-558f8d8d44-sszqx,1739342386,315449344
redis-cart,redis-cart-558f8d8d44-sszqx,1739342686,315514880
redis-cart,redis-cart-558f8d8d44-sszqx,1739342986,316956672
redis-cart,redis-cart-558f8d8d44-sszqx,1739343286,315699200
redis-cart,redis-cart-558f8d8d44-sszqx,1739343586,315514880
redis-cart,redis-cart-558f8d8d44-sszqx,1739343886,315269120
redis-cart,redis-cart-558f8d8d44-sszqx,1739344186,315568128
redis-cart,redis-cart-558f8d8d44-sszqx,1739344486,315437056
redis-cart,redis-cart-558f8d8d44-sszqx,1739344786,315916288
redis-cart,redis-cart-558f8d8d44-sszqx,1739345086,315473920
redis-cart,redis-cart-558f8d8d44-sszqx,1739345386,314994688
redis-cart,redis-cart-558f8d8d44-sszqx,1739345686,315170816
redis-cart,redis-cart-558f8d8d44-sszqx,1739345986,315240448
redis-cart,redis-cart-558f8d8d44-sszqx,1739346286,315174912
redis-cart,redis-cart-558f8d8d44-sszqx,1739346586,315424768
redis-cart,redis-cart-558f8d8d44-sszqx,1739346886,315121664
redis-cart,redis-cart-558f8d8d44-sszqx,1739347186,315453440
redis-cart,redis-cart-558f8d8d44-sszqx,1739347486,315183104
redis-cart,redis-cart-558f8d8d44-sszqx,1739347786,315514880
redis-cart,redis-cart-558f8d8d44-sszqx,1739348086,315330560
redis-cart,redis-cart-558f8d8d44-sszqx,1739348386,315559936
redis-cart,redis-cart-558f8d8d44-sszqx,1739348686,315772928
redis-cart,redis-cart-558f8d8d44-sszqx,1739348986,315953152
redis-cart,redis-cart-558f8d8d44-sszqx,1739349286,315568128
redis-cart,redis-cart-558f8d8d44-sszqx,1739349586,315559936
redis-cart,redis-cart-558f8d8d44-sszqx,1739349886,315625472
redis-cart,redis-cart-558f8d8d44-sszqx,1739350186,317542400
redis-cart,redis-cart-558f8d8d44-sszqx,1739350486,315080704
redis-cart,redis-cart-558f8d8d44-sszqx,1739350786,315215872
redis-cart,redis-cart-558f8d8d44-sszqx,1739351086,315392000
redis-cart,redis-cart-558f8d8d44-sszqx,1739351386,315203584
redis-cart,redis-cart-558f8d8d44-sszqx,1739351686,315420672
redis-cart,redis-cart-558f8d8d44-sszqx,1739351986,315371520
redis-cart,redis-cart-558f8d8d44-sszqx,1739352286,315944960
redis-cart,redis-cart-558f8d8d44-sszqx,1739352586,315318272
redis-cart,redis-cart-558f8d8d44-sszqx,1739352886,315420672
redis-cart,redis-cart-558f8d8d44-sszqx,1739353186,315478016
redis-cart,redis-cart-558f8d8d44-sszqx,1739353486,315432960
redis-cart,redis-cart-558f8d8d44-sszqx,1739353786,315469824
redis-cart,redis-cart-558f8d8d44-sszqx,1739354086,317153280
redis-cart,redis-cart-558f8d8d44-sszqx,1739354386,315600896
redis-cart,redis-cart-558f8d8d44-sszqx,1739354686,315535360
redis-cart,redis-cart-558f8d8d44-sszqx,1739354986,315723776
redis-cart,redis-cart-558f8d8d44-sszqx,1739355286,315248640
redis-cart,redis-cart-558f8d8d44-sszqx,1739355586,314769408
redis-cart,redis-cart-558f8d8d44-sszqx,1739355886,314953728
redis-cart,redis-cart-558f8d8d44-sszqx,1739356186,315133952
redis-cart,redis-cart-558f8d8d44-sszqx,1739356486,315092992
redis-cart,redis-cart-558f8d8d44-sszqx,1739356786,315133952
redis-cart,redis-cart-558f8d8d44-sszqx,1739357086,312647680
redis-cart,redis-cart-558f8d8d44-sszqx,1739357386,315097088
redis-cart,redis-cart-558f8d8d44-sszqx,1739357686,316813312
redis-cart,redis-cart-558f8d8d44-sszqx,1739357986,315162624
redis-cart,redis-cart-558f8d8d44-sszqx,1739358286,315252736
redis-cart,redis-cart-558f8d8d44-sszqx,1739358586,315428864
redis-cart,redis-cart-558f8d8d44-sszqx,1739358886,315453440
redis-cart,redis-cart-558f8d8d44-sszqx,1739359186,315469824
redis-cart,redis-cart-558f8d8d44-sszqx,1739359486,317186048
redis-cart,redis-cart-558f8d8d44-sszqx,1739359786,315367424
redis-cart,redis-cart-558f8d8d44-sszqx,1739360086,315408384
redis-cart,redis-cart-558f8d8d44-sszqx,1739360386,315215872
redis-cart,redis-cart-558f8d8d44-sszqx,1739360686,315097088
redis-cart,redis-cart-558f8d8d44-sszqx,1739360986,315322368
redis-cart,redis-cart-558f8d8d44-sszqx,1739361286,315469824
redis-cart,redis-cart-558f8d8d44-sszqx,1739361586,311926784
redis-cart,redis-cart-558f8d8d44-sszqx,1739361886,315330560
redis-cart,redis-cart-558f8d8d44-sszqx,1739362186,315400192
redis-cart,redis-cart-558f8d8d44-sszqx,1739362486,315314176
redis-cart,redis-cart-558f8d8d44-sszqx,1739362786,315473920
redis-cart,redis-cart-558f8d8d44-sszqx,1739363086,315486208
redis-cart,redis-cart-558f8d8d44-sszqx,1739363386,315588608
redis-cart,redis-cart-558f8d8d44-sszqx,1739363686,315404288
redis-cart,redis-cart-558f8d8d44-sszqx,1739363986,315408384
redis-cart,redis-cart-558f8d8d44-sszqx,1739364286,315383808
redis-cart,redis-cart-558f8d8d44-sszqx,1739364586,315293696
redis-cart,redis-cart-558f8d8d44-sszqx,1739364886,315514880
redis-cart,redis-cart-558f8d8d44-sszqx,1739365186,315592704
redis-cart,redis-cart-558f8d8d44-sszqx,1739365486,315224064
redis-cart,redis-cart-558f8d8d44-sszqx,1739365786,315179008
redis-cart,redis-cart-558f8d8d44-sszqx,1739366086,315215872
redis-cart,redis-cart-558f8d8d44-sszqx,1739366386,315113472
redis-cart,redis-cart-558f8d8d44-sszqx,1739366686,315604992
redis-cart,redis-cart-558f8d8d44-sszqx,1739366986,315523072
redis-cart,redis-cart-558f8d8d44-sszqx,1739367286,315248640
redis-cart,redis-cart-558f8d8d44-sszqx,1739367586,315346944
redis-cart,redis-cart-558f8d8d44-sszqx,1739367886,315277312
redis-cart,redis-cart-558f8d8d44-sszqx,1739368186,315408384
redis-cart,redis-cart-558f8d8d44-sszqx,1739368486,315449344
redis-cart,redis-cart-558f8d8d44-sszqx,1739368786,315674624
redis-cart,redis-cart-558f8d8d44-sszqx,1739369086,315592704
redis-cart,redis-cart-558f8d8d44-sszqx,1739369386,315482112
redis-cart,redis-cart-558f8d8d44-sszqx,1739369686,315322368
redis-cart,redis-cart-558f8d8d44-sszqx,1739369986,315543552
redis-cart,redis-cart-558f8d8d44-sszqx,1739370286,315523072
redis-cart,redis-cart-558f8d8d44-sszqx,1739370586,317333504
redis-cart,redis-cart-558f8d8d44-sszqx,1739370886,315158528
redis-cart,redis-cart-558f8d8d44-sszqx,1739371186,315035648
redis-cart,redis-cart-558f8d8d44-sszqx,1739371486,315039744
redis-cart,redis-cart-558f8d8d44-sszqx,1739371786,315117568
redis-cart,redis-cart-558f8d8d44-sszqx,1739372086,315355136
redis-cart,redis-cart-558f8d8d44-sszqx,1739372386,315392000
redis-cart,redis-cart-558f8d8d44-sszqx,1739372686,315224064
redis-cart,redis-cart-558f8d8d44-sszqx,1739372986,315379712
redis-cart,redis-cart-558f8d8d44-sszqx,1739373286,315396096
redis-cart,redis-cart-558f8d8d44-sszqx,1739373586,315318272
redis-cart,redis-cart-558f8d8d44-sszqx,1739373886,315400192
redis-cart,redis-cart-558f8d8d44-sszqx,1739374186,315490304
redis-cart,redis-cart-558f8d8d44-sszqx,1739374486,318312448
redis-cart,redis-cart-558f8d8d44-sszqx,1739374786,316108800
redis-cart,redis-cart-558f8d8d44-sszqx,1739375086,316178432
redis-cart,redis-cart-558f8d8d44-sszqx,1739375386,316276736
redis-cart,redis-cart-558f8d8d44-sszqx,1739375686,316063744
redis-cart,redis-cart-558f8d8d44-sszqx,1739375986,316321792
redis-cart,redis-cart-558f8d8d44-sszqx,1739376286,316194816
redis-cart,redis-cart-558f8d8d44-sszqx,1739376586,315252736
redis-cart,redis-cart-558f8d8d44-sszqx,1739376886,315285504
redis-cart,redis-cart-558f8d8d44-sszqx,1739377186,315318272
redis-cart,redis-cart-558f8d8d44-sszqx,1739377486,315478016
redis-cart,redis-cart-558f8d8d44-sszqx,1739377786,315146240
redis-cart,redis-cart-558f8d8d44-sszqx,1739378086,315293696
redis-cart,redis-cart-558f8d8d44-sszqx,1739378386,315203584
redis-cart,redis-cart-558f8d8d44-sszqx,1739378686,315179008
redis-cart,redis-cart-558f8d8d44-sszqx,1739378986,315166720
redis-cart,redis-cart-558f8d8d44-sszqx,1739379286,315551744
redis-cart,redis-cart-558f8d8d44-sszqx,1739379586,315514880
redis-cart,redis-cart-558f8d8d44-sszqx,1739379886,315457536
redis-cart,redis-cart-558f8d8d44-sszqx,1739380186,315514880
redis-cart,redis-cart-558f8d8d44-sszqx,1739380486,315846656
redis-cart,redis-cart-558f8d8d44-sszqx,1739380786,315408384
redis-cart,redis-cart-558f8d8d44-sszqx,1739381086,315465728
redis-cart,redis-cart-558f8d8d44-sszqx,1739381386,315650048
redis-cart,redis-cart-558f8d8d44-sszqx,1739381686,315752448
redis-cart,redis-cart-558f8d8d44-sszqx,1739381986,315633664
redis-cart,redis-cart-558f8d8d44-sszqx,1739382286,313806848
redis-cart,redis-cart-558f8d8d44-sszqx,1739382586,315211776
redis-cart,redis-cart-558f8d8d44-sszqx,1739382886,315465728
redis-cart,redis-cart-558f8d8d44-sszqx,1739383186,315326464
redis-cart,redis-cart-558f8d8d44-sszqx,1739383486,315232256
redis-cart,redis-cart-558f8d8d44-sszqx,1739383786,315187200
redis-cart,redis-cart-558f8d8d44-sszqx,1739384086,315310080
redis-cart,redis-cart-558f8d8d44-sszqx,1739384386,314564608
redis-cart,redis-cart-558f8d8d44-sszqx,1739384686,315469824
redis-cart,redis-cart-558f8d8d44-sszqx,1739384986,315408384
redis-cart,redis-cart-558f8d8d44-sszqx,1739385286,315273216
redis-cart,redis-cart-558f8d8d44-sszqx,1739385586,315400192
redis-cart,redis-cart-558f8d8d44-sszqx,1739385886,315351040
redis-cart,redis-cart-558f8d8d44-sszqx,1739386186,315281408
redis-cart,redis-cart-558f8d8d44-sszqx,1739386486,315379712
redis-cart,redis-cart-558f8d8d44-sszqx,1739386786,315609088
redis-cart,redis-cart-558f8d8d44-sszqx,1739387086,43556864
redis-cart,redis-cart-558f8d8d44-sszqx,1739387386,46673920
redis-cart,redis-cart-558f8d8d44-sszqx,1739387686,46391296
redis-cart,redis-cart-558f8d8d44-sszqx,1739387986,46821376
redis-cart,redis-cart-558f8d8d44-sszqx,1739388286,46837760
redis-cart,redis-cart-558f8d8d44-sszqx,1739388586,47992832
redis-cart,redis-cart-558f8d8d44-sszqx,1739388886,48541696
redis-cart,redis-cart-558f8d8d44-sszqx,1739389186,47968256
redis-cart,redis-cart-558f8d8d44-sszqx,1739389486,49045504
redis-cart,redis-cart-558f8d8d44-sszqx,1739389786,49254400
redis-cart,redis-cart-558f8d8d44-sszqx,1739390086,49434624
redis-cart,redis-cart-558f8d8d44-sszqx,1739390386,49500160
redis-cart,redis-cart-558f8d8d44-sszqx,1739390686,50401280
redis-cart,redis-cart-558f8d8d44-sszqx,1739390986,274522112
redis-cart,redis-cart-558f8d8d44-sszqx,1739391286,49086464
redis-cart,redis-cart-558f8d8d44-sszqx,1739391586,49311744
redis-cart,redis-cart-558f8d8d44-sszqx,1739391886,50630656
redis-cart,redis-cart-558f8d8d44-sszqx,1739392186,186683392
checkoutservice,checkoutservice-85dd8f9547-g6fwd,1739226586,75681792
checkoutservice,checkoutservice-85dd8f9547-g6fwd,1739226886,75583488
checkoutservice,checkoutservice-85dd8f9547-g6fwd,1739227186,75649024
checkoutservice,checkoutservice-85dd8f9547-g6fwd,1739227486,77762560
checkoutservice,checkoutservice-85dd8f9547-g6fwd,1739227786,77807616
checkoutservice,checkoutservice-85dd8f9547-g6fwd,1739228086,77586432
checkoutservice,checkoutservice-85dd8f9547-g6fwd,1739228386,77860864
checkoutservice,checkoutservice-85dd8f9547-g6fwd,1739228686,77844480
checkoutservice,checkoutservice-85dd8f9547-g6fwd,1739228986,77893632
checkoutservice,checkoutservice-85dd8f9547-g6fwd,1739229286,79089664
checkoutservice,checkoutservice-85dd8f9547-g6fwd,1739229586,78483456
checkoutservice,checkoutservice-85dd8f9547-g6fwd,1739229886,78307328
checkoutservice,checkoutservice-85dd8f9547-g6fwd,1739230186,78499840
checkoutservice,checkoutservice-85dd8f9547-g6fwd,1739230486,78008320
checkoutservice,checkoutservice-85dd8f9547-g6fwd,1739230786,78036992
checkoutservice,checkoutservice-85dd8f9547-g6fwd,1739231086,77840384
checkoutservice,checkoutservice-85dd8f9547-g6fwd,1739231386,77778944
checkoutservice,checkoutservice-85dd8f9547-g6fwd,1739231686,78000128
checkoutservice,checkoutservice-85dd8f9547-g6fwd,1739231986,77484032
checkoutservice,checkoutservice-85dd8f9547-g6fwd,1739232286,78102528
checkoutservice,checkoutservice-85dd8f9547-g6fwd,1739232586,77844480
checkoutservice,checkoutservice-85dd8f9547-g6fwd,1739232886,78123008
checkoutservice,checkoutservice-85dd8f9547-g6fwd,1739233186,77877248
checkoutservice,checkoutservice-85dd8f9547-g6fwd,1739233486,78221312
checkoutservice,checkoutservice-85dd8f9547-g6fwd,1739233786,77971456
checkoutservice,checkoutservice-85dd8f9547-g6fwd,1739234086,77959168
checkoutservice,checkoutservice-85dd8f9547-g6fwd,1739234386,77824000
checkoutservice,checkoutservice-85dd8f9547-g6fwd,1739234686,78561280
checkoutservice,checkoutservice-85dd8f9547-g6fwd,1739234986,78090240
checkoutservice,checkoutservice-85dd8f9547-g6fwd,1739235286,78372864
checkoutservice,checkoutservice-85dd8f9547-g6fwd,1739235586,77897728
checkoutservice,checkoutservice-85dd8f9547-g6fwd,1739235886,78278656
checkoutservice,checkoutservice-85dd8f9547-g6fwd,1739236186,78237696
checkoutservice,checkoutservice-85dd8f9547-g6fwd,1739236486,78315520
checkoutservice,checkoutservice-85dd8f9547-g6fwd,1739236786,78352384
checkoutservice,checkoutservice-85dd8f9547-g6fwd,1739237086,78295040
checkoutservice,checkoutservice-85dd8f9547-g6fwd,1739237386,78557184
checkoutservice,checkoutservice-85dd8f9547-g6fwd,1739237686,78675968
checkoutservice,checkoutservice-85dd8f9547-g6fwd,1739237986,77721600
checkoutservice,checkoutservice-85dd8f9547-g6fwd,1739238286,78352384
checkoutservice,checkoutservice-85dd8f9547-g6fwd,1739238586,78159872
checkoutservice,checkoutservice-85dd8f9547-g6fwd,1739238886,78516224
checkoutservice,checkoutservice-85dd8f9547-g6fwd,1739239186,78114816
checkoutservice,checkoutservice-85dd8f9547-g6fwd,1739239486,78135296
checkoutservice,checkoutservice-85dd8f9547-g6fwd,1739239786,78528512
checkoutservice,checkoutservice-85dd8f9547-g6fwd,1739240086,78049280
checkoutservice,checkoutservice-85dd8f9547-g6fwd,1739240386,77737984
checkoutservice,checkoutservice-85dd8f9547-g6fwd,1739240686,77565952
checkoutservice,checkoutservice-85dd8f9547-g6fwd,1739240986,78200832
checkoutservice,checkoutservice-85dd8f9547-g6fwd,1739241286,77651968
checkoutservice,checkoutservice-85dd8f9547-g6fwd,1739241586,77938688
checkoutservice,checkoutservice-85dd8f9547-g6fwd,1739241886,78258176
checkoutservice,checkoutservice-85dd8f9547-g6fwd,1739242186,78712832
checkoutservice,checkoutservice-85dd8f9547-g6fwd,1739242486,78209024
checkoutservice,checkoutservice-85dd8f9547-g6fwd,1739242786,79044608
checkoutservice,checkoutservice-85dd8f9547-g6fwd,1739243086,78479360
checkoutservice,checkoutservice-85dd8f9547-g6fwd,1739243386,78622720
checkoutservice,checkoutservice-85dd8f9547-g6fwd,1739243686,78163968
checkoutservice,checkoutservice-85dd8f9547-g6fwd,1739243986,79261696
checkoutservice,checkoutservice-85dd8f9547-g6fwd,1739244286,78438400
checkoutservice,checkoutservice-85dd8f9547-g6fwd,1739244586,78331904
checkoutservice,checkoutservice-85dd8f9547-g6fwd,1739244886,78422016
checkoutservice,checkoutservice-85dd8f9547-g6fwd,1739245186,78626816
checkoutservice,checkoutservice-85dd8f9547-g6fwd,1739245486,77844480
checkoutservice,checkoutservice-85dd8f9547-g6fwd,1739245786,78843904
checkoutservice,checkoutservice-85dd8f9547-g6fwd,1739246086,78327808
checkoutservice,checkoutservice-85dd8f9547-g6fwd,1739246386,78376960
checkoutservice,checkoutservice-85dd8f9547-g6fwd,1739246686,80510976
checkoutservice,checkoutservice-85dd8f9547-g6fwd,1739246986,80359424
checkoutservice,checkoutservice-85dd8f9547-g6fwd,1739247286,80617472
checkoutservice,checkoutservice-85dd8f9547-g6fwd,1739247586,80871424
checkoutservice,checkoutservice-85dd8f9547-g6fwd,1739247886,80982016
checkoutservice,checkoutservice-85dd8f9547-g6fwd,1739248186,81039360
checkoutservice,checkoutservice-85dd8f9547-g6fwd,1739248486,80990208
checkoutservice,checkoutservice-85dd8f9547-g6fwd,1739248786,82829312
checkoutservice,checkoutservice-85dd8f9547-g6fwd,1739249086,83017728
checkoutservice,checkoutservice-85dd8f9547-g6fwd,1739249386,82923520
checkoutservice,checkoutservice-85dd8f9547-g6fwd,1739249686,83075072
checkoutservice,checkoutservice-85dd8f9547-g6fwd,1739249986,83001344
checkoutservice,checkoutservice-85dd8f9547-g6fwd,1739250286,83243008
checkoutservice,checkoutservice-85dd8f9547-g6fwd,1739250586,82862080
checkoutservice,checkoutservice-85dd8f9547-g6fwd,1739250886,82329600
checkoutservice,checkoutservice-85dd8f9547-g6fwd,1739251186,82853888
checkoutservice,checkoutservice-85dd8f9547-g6fwd,1739251486,82886656
checkoutservice,checkoutservice-85dd8f9547-g6fwd,1739251786,82321408
checkoutservice,checkoutservice-85dd8f9547-g6fwd,1739252086,82812928
checkoutservice,checkoutservice-85dd8f9547-g6fwd,1739252386,82546688
checkoutservice,checkoutservice-85dd8f9547-g6fwd,1739252686,82997248
checkoutservice,checkoutservice-85dd8f9547-g6fwd,1739252986,82595840
checkoutservice,checkoutservice-85dd8f9547-g6fwd,1739253286,83251200
checkoutservice,checkoutservice-85dd8f9547-g6fwd,1739253586,83460096
checkoutservice,checkoutservice-85dd8f9547-g6fwd,1739253886,85524480
checkoutservice,checkoutservice-85dd8f9547-g6fwd,1739254186,85577728
checkoutservice,checkoutservice-85dd8f9547-g6fwd,1739254486,84914176
checkoutservice,checkoutservice-85dd8f9547-g6fwd,1739254786,85139456
checkoutservice,checkoutservice-85dd8f9547-g6fwd,1739255086,85438464
checkoutservice,checkoutservice-85dd8f9547-g6fwd,1739255386,85467136
checkoutservice,checkoutservice-85dd8f9547-g6fwd,1739255686,85618688
checkoutservice,checkoutservice-85dd8f9547-g6fwd,1739255986,84537344
checkoutservice,checkoutservice-85dd8f9547-g6fwd,1739256286,85078016
checkoutservice,checkoutservice-85dd8f9547-g6fwd,1739256586,85598208
checkoutservice,checkoutservice-85dd8f9547-g6fwd,1739256886,86450176
checkoutservice,checkoutservice-85dd8f9547-g6fwd,1739257186,85651456
checkoutservice,checkoutservice-85dd8f9547-g6fwd,1739257486,85680128
checkoutservice,checkoutservice-85dd8f9547-g6fwd,1739257786,86085632
checkoutservice,checkoutservice-85dd8f9547-g6fwd,1739258086,85372928
checkoutservice,checkoutservice-85dd8f9547-g6fwd,1739258386,85614592
checkoutservice,checkoutservice-85dd8f9547-g6fwd,1739258686,85725184
checkoutservice,checkoutservice-85dd8f9547-g6fwd,1739258986,85635072
checkoutservice,checkoutservice-85dd8f9547-g6fwd,1739259286,86138880
checkoutservice,checkoutservice-85dd8f9547-g6fwd,1739259586,87289856
checkoutservice,checkoutservice-85dd8f9547-g6fwd,1739259886,85917696
checkoutservice,checkoutservice-85dd8f9547-g6fwd,1739260186,86065152
checkoutservice,checkoutservice-85dd8f9547-g6fwd,1739260486,85991424
checkoutservice,checkoutservice-85dd8f9547-g6fwd,1739260786,86286336
checkoutservice,checkoutservice-85dd8f9547-g6fwd,1739261086,86212608
checkoutservice,checkoutservice-85dd8f9547-g6fwd,1739261386,85463040
checkoutservice,checkoutservice-85dd8f9547-g6fwd,1739261686,85839872
checkoutservice,checkoutservice-85dd8f9547-g6fwd,1739261986,86155264
checkoutservice,checkoutservice-85dd8f9547-g6fwd,1739262286,85872640
checkoutservice,checkoutservice-85dd8f9547-g6fwd,1739262586,85893120
checkoutservice,checkoutservice-85dd8f9547-g6fwd,1739262886,85200896
checkoutservice,checkoutservice-85dd8f9547-g6fwd,1739263186,90263552
checkoutservice,checkoutservice-85dd8f9547-g6fwd,1739263486,92090368
checkoutservice,checkoutservice-85dd8f9547-g6fwd,1739263786,94289920
checkoutservice,checkoutservice-85dd8f9547-g6fwd,1739264086,94101504
checkoutservice,checkoutservice-85dd8f9547-g6fwd,1739264386,94380032
checkoutservice,checkoutservice-85dd8f9547-g6fwd,1739264686,94740480
checkoutservice,checkoutservice-85dd8f9547-g6fwd,1739264986,94588928
checkoutservice,checkoutservice-85dd8f9547-g6fwd,1739265286,94789632
checkoutservice,checkoutservice-85dd8f9547-g6fwd,1739265586,94826496
checkoutservice,checkoutservice-85dd8f9547-g6fwd,1739265886,94695424
checkoutservice,checkoutservice-85dd8f9547-g6fwd,1739266186,94683136
checkoutservice,checkoutservice-85dd8f9547-g6fwd,1739266486,94552064
checkoutservice,checkoutservice-85dd8f9547-g6fwd,1739266786,94294016
checkoutservice,checkoutservice-85dd8f9547-g6fwd,1739267086,94105600
checkoutservice,checkoutservice-85dd8f9547-g6fwd,1739267386,94068736
checkoutservice,checkoutservice-85dd8f9547-g6fwd,1739267686,93913088
checkoutservice,checkoutservice-85dd8f9547-g6fwd,1739267986,93569024
checkoutservice,checkoutservice-85dd8f9547-g6fwd,1739268286,93822976
checkoutservice,checkoutservice-85dd8f9547-g6fwd,1739268586,93884416
checkoutservice,checkoutservice-85dd8f9547-g6fwd,1739268886,93691904
checkoutservice,checkoutservice-85dd8f9547-g6fwd,1739269186,93925376
checkoutservice,checkoutservice-85dd8f9547-g6fwd,1739269486,93790208
checkoutservice,checkoutservice-85dd8f9547-g6fwd,1739269786,94883840
checkoutservice,checkoutservice-85dd8f9547-g6fwd,1739270086,95182848
checkoutservice,checkoutservice-85dd8f9547-g6fwd,1739270386,94801920
checkoutservice,checkoutservice-85dd8f9547-g6fwd,1739270686,96235520
checkoutservice,checkoutservice-85dd8f9547-g6fwd,1739270986,95432704
checkoutservice,checkoutservice-85dd8f9547-g6fwd,1739271286,95748096
checkoutservice,checkoutservice-85dd8f9547-g6fwd,1739271586,95309824
checkoutservice,checkoutservice-85dd8f9547-g6fwd,1739271886,96251904
checkoutservice,checkoutservice-85dd8f9547-g6fwd,1739272186,95821824
checkoutservice,checkoutservice-85dd8f9547-g6fwd,1739272486,95682560
checkoutservice,checkoutservice-85dd8f9547-g6fwd,1739272786,94814208
checkoutservice,checkoutservice-85dd8f9547-g6fwd,1739273086,94998528
checkoutservice,checkoutservice-85dd8f9547-g6fwd,1739273386,95289344
checkoutservice,checkoutservice-85dd8f9547-g6fwd,1739273686,94212096
checkoutservice,checkoutservice-85dd8f9547-g6fwd,1739273986,94339072
checkoutservice,checkoutservice-85dd8f9547-g6fwd,1739274286,94318592
checkoutservice,checkoutservice-85dd8f9547-g6fwd,1739274586,94826496
checkoutservice,checkoutservice-85dd8f9547-g6fwd,1739274886,94584832
checkoutservice,checkoutservice-85dd8f9547-g6fwd,1739275186,94937088
checkoutservice,checkoutservice-85dd8f9547-g6fwd,1739275486,94613504
checkoutservice,checkoutservice-85dd8f9547-g6fwd,1739275786,94588928
checkoutservice,checkoutservice-85dd8f9547-g6fwd,1739276086,94502912
checkoutservice,checkoutservice-85dd8f9547-g6fwd,1739276386,94482432
checkoutservice,checkoutservice-85dd8f9547-g6fwd,1739276686,94646272
checkoutservice,checkoutservice-85dd8f9547-g6fwd,1739276986,95232000
checkoutservice,checkoutservice-85dd8f9547-g6fwd,1739277286,95215616
checkoutservice,checkoutservice-85dd8f9547-g6fwd,1739277586,94883840
checkoutservice,checkoutservice-85dd8f9547-g6fwd,1739277886,94633984
checkoutservice,checkoutservice-85dd8f9547-g6fwd,1739278186,94179328
checkoutservice,checkoutservice-85dd8f9547-g6fwd,1739278486,93384704
checkoutservice,checkoutservice-85dd8f9547-g6fwd,1739278786,94670848
checkoutservice,checkoutservice-85dd8f9547-g6fwd,1739279086,94470144
checkoutservice,checkoutservice-85dd8f9547-g6fwd,1739279386,95068160
checkoutservice,checkoutservice-85dd8f9547-g6fwd,1739279686,94314496
checkoutservice,checkoutservice-85dd8f9547-g6fwd,1739279986,95182848
checkoutservice,checkoutservice-85dd8f9547-g6fwd,1739280286,94371840
checkoutservice,checkoutservice-85dd8f9547-g6fwd,1739280586,95125504
checkoutservice,checkoutservice-85dd8f9547-g6fwd,1739280886,94834688
checkoutservice,checkoutservice-85dd8f9547-g6fwd,1739281186,94482432
checkoutservice,checkoutservice-85dd8f9547-g6fwd,1739281486,94867456
checkoutservice,checkoutservice-85dd8f9547-g6fwd,1739281786,94470144
checkoutservice,checkoutservice-85dd8f9547-g6fwd,1739282086,95039488
checkoutservice,checkoutservice-85dd8f9547-g6fwd,1739282386,94949376
checkoutservice,checkoutservice-85dd8f9547-g6fwd,1739282686,97378304
checkoutservice,checkoutservice-85dd8f9547-g6fwd,1739282986,97574912
checkoutservice,checkoutservice-85dd8f9547-g6fwd,1739283286,97796096
checkoutservice,checkoutservice-85dd8f9547-g6fwd,1739283586,98263040
checkoutservice,checkoutservice-85dd8f9547-g6fwd,1739283886,98410496
checkoutservice,checkoutservice-85dd8f9547-g6fwd,1739284186,98004992
checkoutservice,checkoutservice-85dd8f9547-g6fwd,1739284486,96452608
checkoutservice,checkoutservice-85dd8f9547-g6fwd,1739284786,96370688
checkoutservice,checkoutservice-85dd8f9547-g6fwd,1739285086,96931840
checkoutservice,checkoutservice-85dd8f9547-g6fwd,1739285386,96456704
checkoutservice,checkoutservice-85dd8f9547-g6fwd,1739285686,96362496
checkoutservice,checkoutservice-85dd8f9547-g6fwd,1739285986,96731136
checkoutservice,checkoutservice-85dd8f9547-g6fwd,1739286286,96399360
checkoutservice,checkoutservice-85dd8f9547-g6fwd,1739286586,97234944
checkoutservice,checkoutservice-85dd8f9547-g6fwd,1739286886,98275328
checkoutservice,checkoutservice-85dd8f9547-g6fwd,1739287186,99340288
checkoutservice,checkoutservice-85dd8f9547-g6fwd,1739287486,99442688
checkoutservice,checkoutservice-85dd8f9547-g6fwd,1739287786,73138176
checkoutservice,checkoutservice-85dd8f9547-g6fwd,1739288086,82563072
checkoutservice,checkoutservice-85dd8f9547-g6fwd,1739288386,86142976
checkoutservice,checkoutservice-85dd8f9547-g6fwd,1739288686,86773760
checkoutservice,checkoutservice-85dd8f9547-g6fwd,1739288986,87040000
checkoutservice,checkoutservice-85dd8f9547-g6fwd,1739289286,87310336
checkoutservice,checkoutservice-85dd8f9547-g6fwd,1739289586,87302144
checkoutservice,checkoutservice-85dd8f9547-g6fwd,1739289886,89935872
checkoutservice,checkoutservice-85dd8f9547-g6fwd,1739290186,90099712
checkoutservice,checkoutservice-85dd8f9547-g6fwd,1739290486,89972736
checkoutservice,checkoutservice-85dd8f9547-g6fwd,1739290786,90685440
checkoutservice,checkoutservice-85dd8f9547-g6fwd,1739291086,89866240
checkoutservice,checkoutservice-85dd8f9547-g6fwd,1739291386,90779648
checkoutservice,checkoutservice-85dd8f9547-g6fwd,1739291686,90648576
checkoutservice,checkoutservice-85dd8f9547-g6fwd,1739291986,93192192
checkoutservice,checkoutservice-85dd8f9547-g6fwd,1739292286,93646848
checkoutservice,checkoutservice-85dd8f9547-g6fwd,1739292586,93650944
checkoutservice,checkoutservice-85dd8f9547-g6fwd,1739292886,93552640
checkoutservice,checkoutservice-85dd8f9547-g6fwd,1739293186,93765632
checkoutservice,checkoutservice-85dd8f9547-g6fwd,1739293486,93622272
checkoutservice,checkoutservice-85dd8f9547-g6fwd,1739293786,92758016
checkoutservice,checkoutservice-85dd8f9547-g6fwd,1739294086,92577792
checkoutservice,checkoutservice-85dd8f9547-g6fwd,1739294386,92921856
checkoutservice,checkoutservice-85dd8f9547-g6fwd,1739294686,92622848
checkoutservice,checkoutservice-85dd8f9547-g6fwd,1739294986,92987392
checkoutservice,checkoutservice-85dd8f9547-g6fwd,1739295286,93257728
checkoutservice,checkoutservice-85dd8f9547-g6fwd,1739295586,92868608
checkoutservice,checkoutservice-85dd8f9547-g6fwd,1739295886,93061120
checkoutservice,checkoutservice-85dd8f9547-g6fwd,1739296186,93290496
checkoutservice,checkoutservice-85dd8f9547-g6fwd,1739296486,93499392
checkoutservice,checkoutservice-85dd8f9547-g6fwd,1739296786,93532160
checkoutservice,checkoutservice-85dd8f9547-g6fwd,1739297086,93921280
checkoutservice,checkoutservice-85dd8f9547-g6fwd,1739297386,93245440
checkoutservice,checkoutservice-85dd8f9547-g6fwd,1739297686,93265920
checkoutservice,checkoutservice-85dd8f9547-g6fwd,1739297986,93577216
checkoutservice,checkoutservice-85dd8f9547-g6fwd,1739298286,93188096
checkoutservice,checkoutservice-85dd8f9547-g6fwd,1739298586,92897280
checkoutservice,checkoutservice-85dd8f9547-g6fwd,1739298886,93278208
checkoutservice,checkoutservice-85dd8f9547-g6fwd,1739299186,93102080
checkoutservice,checkoutservice-85dd8f9547-g6fwd,1739299486,93171712
checkoutservice,checkoutservice-85dd8f9547-g6fwd,1739299786,93421568
checkoutservice,checkoutservice-85dd8f9547-g6fwd,1739300086,93503488
checkoutservice,checkoutservice-85dd8f9547-g6fwd,1739300386,93675520
checkoutservice,checkoutservice-85dd8f9547-g6fwd,1739300686,93523968
checkoutservice,checkoutservice-85dd8f9547-g6fwd,1739300986,94085120
checkoutservice,checkoutservice-85dd8f9547-g6fwd,1739301286,93892608
checkoutservice,checkoutservice-85dd8f9547-g6fwd,1739301586,93589504
checkoutservice,checkoutservice-85dd8f9547-g6fwd,1739301886,93888512
checkoutservice,checkoutservice-85dd8f9547-g6fwd,1739302186,93589504
checkoutservice,checkoutservice-85dd8f9547-g6fwd,1739302486,93450240
checkoutservice,checkoutservice-85dd8f9547-g6fwd,1739302786,93470720
checkoutservice,checkoutservice-85dd8f9547-g6fwd,1739303086,93188096
checkoutservice,checkoutservice-85dd8f9547-g6fwd,1739303386,92487680
checkoutservice,checkoutservice-85dd8f9547-g6fwd,1739303686,92876800
checkoutservice,checkoutservice-85dd8f9547-g6fwd,1739303986,92782592
checkoutservice,checkoutservice-85dd8f9547-g6fwd,1739304286,92569600
checkoutservice,checkoutservice-85dd8f9547-g6fwd,1739304586,93310976
checkoutservice,checkoutservice-85dd8f9547-g6fwd,1739304886,92958720
checkoutservice,checkoutservice-85dd8f9547-g6fwd,1739305186,93106176
checkoutservice,checkoutservice-85dd8f9547-g6fwd,1739305486,92835840
checkoutservice,checkoutservice-85dd8f9547-g6fwd,1739305786,92946432
checkoutservice,checkoutservice-85dd8f9547-g6fwd,1739306086,93052928
checkoutservice,checkoutservice-85dd8f9547-g6fwd,1739306386,93130752
checkoutservice,checkoutservice-85dd8f9547-g6fwd,1739306686,93171712
checkoutservice,checkoutservice-85dd8f9547-g6fwd,1739306986,93511680
checkoutservice,checkoutservice-85dd8f9547-g6fwd,1739307286,93560832
checkoutservice,checkoutservice-85dd8f9547-g6fwd,1739307586,92819456
checkoutservice,checkoutservice-85dd8f9547-g6fwd,1739307886,92835840
checkoutservice,checkoutservice-85dd8f9547-g6fwd,1739308186,92786688
checkoutservice,checkoutservice-85dd8f9547-g6fwd,1739308486,93040640
checkoutservice,checkoutservice-85dd8f9547-g6fwd,1739308786,93319168
checkoutservice,checkoutservice-85dd8f9547-g6fwd,1739309086,93261824
checkoutservice,checkoutservice-85dd8f9547-g6fwd,1739309386,93335552
checkoutservice,checkoutservice-85dd8f9547-g6fwd,1739309686,93204480
checkoutservice,checkoutservice-85dd8f9547-g6fwd,1739309986,93241344
checkoutservice,checkoutservice-85dd8f9547-g6fwd,1739310286,93245440
checkoutservice,checkoutservice-85dd8f9547-g6fwd,1739310586,93114368
checkoutservice,checkoutservice-85dd8f9547-g6fwd,1739310886,93663232
checkoutservice,checkoutservice-85dd8f9547-g6fwd,1739311186,93335552
checkoutservice,checkoutservice-85dd8f9547-g6fwd,1739311486,93470720
checkoutservice,checkoutservice-85dd8f9547-g6fwd,1739311786,93487104
checkoutservice,checkoutservice-85dd8f9547-g6fwd,1739312086,92909568
checkoutservice,checkoutservice-85dd8f9547-g6fwd,1739312386,92921856
checkoutservice,checkoutservice-85dd8f9547-g6fwd,1739312686,93110272
checkoutservice,checkoutservice-85dd8f9547-g6fwd,1739312986,92704768
checkoutservice,checkoutservice-85dd8f9547-g6fwd,1739313286,93503488
checkoutservice,checkoutservice-85dd8f9547-g6fwd,1739313586,93229056
checkoutservice,checkoutservice-85dd8f9547-g6fwd,1739313886,93102080
checkoutservice,checkoutservice-85dd8f9547-g6fwd,1739314186,93294592
checkoutservice,checkoutservice-85dd8f9547-g6fwd,1739314486,93437952
checkoutservice,checkoutservice-85dd8f9547-g6fwd,1739314786,93310976
checkoutservice,checkoutservice-85dd8f9547-g6fwd,1739315086,93536256
checkoutservice,checkoutservice-85dd8f9547-g6fwd,1739315386,93528064
checkoutservice,checkoutservice-85dd8f9547-g6fwd,1739315686,93908992
checkoutservice,checkoutservice-85dd8f9547-g6fwd,1739315986,93642752
checkoutservice,checkoutservice-85dd8f9547-g6fwd,1739316286,92844032
checkoutservice,checkoutservice-85dd8f9547-g6fwd,1739316586,92639232
checkoutservice,checkoutservice-85dd8f9547-g6fwd,1739316886,92807168
checkoutservice,checkoutservice-85dd8f9547-g6fwd,1739317186,93286400
checkoutservice,checkoutservice-85dd8f9547-g6fwd,1739317486,93364224
checkoutservice,checkoutservice-85dd8f9547-g6fwd,1739317786,93241344
checkoutservice,checkoutservice-85dd8f9547-g6fwd,1739318086,93323264
checkoutservice,checkoutservice-85dd8f9547-g6fwd,1739318386,93224960
checkoutservice,checkoutservice-85dd8f9547-g6fwd,1739318686,93986816
checkoutservice,checkoutservice-85dd8f9547-g6fwd,1739318986,93896704
checkoutservice,checkoutservice-85dd8f9547-g6fwd,1739319286,93700096
checkoutservice,checkoutservice-85dd8f9547-g6fwd,1739319586,93196288
checkoutservice,checkoutservice-85dd8f9547-g6fwd,1739319886,93499392
checkoutservice,checkoutservice-85dd8f9547-g6fwd,1739320186,92848128
checkoutservice,checkoutservice-85dd8f9547-g6fwd,1739320486,93143040
checkoutservice,checkoutservice-85dd8f9547-g6fwd,1739320786,93241344
checkoutservice,checkoutservice-85dd8f9547-g6fwd,1739321086,93356032
checkoutservice,checkoutservice-85dd8f9547-g6fwd,1739321386,93110272
checkoutservice,checkoutservice-85dd8f9547-g6fwd,1739321686,93130752
checkoutservice,checkoutservice-85dd8f9547-g6fwd,1739321986,93327360
checkoutservice,checkoutservice-85dd8f9547-g6fwd,1739322286,93368320
checkoutservice,checkoutservice-85dd8f9547-g6fwd,1739322586,93827072
checkoutservice,checkoutservice-85dd8f9547-g6fwd,1739322886,93659136
checkoutservice,checkoutservice-85dd8f9547-g6fwd,1739323186,93556736
checkoutservice,checkoutservice-85dd8f9547-g6fwd,1739323486,93851648
checkoutservice,checkoutservice-85dd8f9547-g6fwd,1739323786,93503488
checkoutservice,checkoutservice-85dd8f9547-g6fwd,1739324086,93573120
checkoutservice,checkoutservice-85dd8f9547-g6fwd,1739324386,94052352
checkoutservice,checkoutservice-85dd8f9547-g6fwd,1739324686,93229056
checkoutservice,checkoutservice-85dd8f9547-g6fwd,1739324986,93057024
checkoutservice,checkoutservice-85dd8f9547-g6fwd,1739325286,93130752
checkoutservice,checkoutservice-85dd8f9547-g6fwd,1739325586,93073408
checkoutservice,checkoutservice-85dd8f9547-g6fwd,1739325886,93261824
checkoutservice,checkoutservice-85dd8f9547-g6fwd,1739326186,93401088
checkoutservice,checkoutservice-85dd8f9547-g6fwd,1739326486,93736960
checkoutservice,checkoutservice-85dd8f9547-g6fwd,1739326786,93581312
checkoutservice,checkoutservice-85dd8f9547-g6fwd,1739327086,93384704
checkoutservice,checkoutservice-85dd8f9547-g6fwd,1739327386,93306880
checkoutservice,checkoutservice-85dd8f9547-g6fwd,1739327686,93712384
checkoutservice,checkoutservice-85dd8f9547-g6fwd,1739327986,93220864
checkoutservice,checkoutservice-85dd8f9547-g6fwd,1739328286,93614080
checkoutservice,checkoutservice-85dd8f9547-g6fwd,1739328586,93495296
checkoutservice,checkoutservice-85dd8f9547-g6fwd,1739328886,93380608
checkoutservice,checkoutservice-85dd8f9547-g6fwd,1739329186,92831744
checkoutservice,checkoutservice-85dd8f9547-g6fwd,1739329486,93061120
checkoutservice,checkoutservice-85dd8f9547-g6fwd,1739329786,93446144
checkoutservice,checkoutservice-85dd8f9547-g6fwd,1739330086,92774400
checkoutservice,checkoutservice-85dd8f9547-g6fwd,1739330386,93356032
checkoutservice,checkoutservice-85dd8f9547-g6fwd,1739330686,93446144
checkoutservice,checkoutservice-85dd8f9547-g6fwd,1739330986,93609984
checkoutservice,checkoutservice-85dd8f9547-g6fwd,1739331286,94269440
checkoutservice,checkoutservice-85dd8f9547-g6fwd,1739331586,93945856
checkoutservice,checkoutservice-85dd8f9547-g6fwd,1739331886,94257152
checkoutservice,checkoutservice-85dd8f9547-g6fwd,1739332186,94257152
checkoutservice,checkoutservice-85dd8f9547-g6fwd,1739332486,93949952
checkoutservice,checkoutservice-85dd8f9547-g6fwd,1739332786,94265344
checkoutservice,checkoutservice-85dd8f9547-g6fwd,1739333086,94183424
checkoutservice,checkoutservice-85dd8f9547-g6fwd,1739333386,94740480
checkoutservice,checkoutservice-85dd8f9547-g6fwd,1739333686,93855744
checkoutservice,checkoutservice-85dd8f9547-g6fwd,1739333986,95698944
checkoutservice,checkoutservice-85dd8f9547-g6fwd,1739334286,95387648
checkoutservice,checkoutservice-85dd8f9547-g6fwd,1739334586,95821824
checkoutservice,checkoutservice-85dd8f9547-g6fwd,1739334886,95518720
checkoutservice,checkoutservice-85dd8f9547-g6fwd,1739335186,95850496
checkoutservice,checkoutservice-85dd8f9547-g6fwd,1739335486,95678464
checkoutservice,checkoutservice-85dd8f9547-g6fwd,1739335786,96034816
checkoutservice,checkoutservice-85dd8f9547-g6fwd,1739336086,95584256
checkoutservice,checkoutservice-85dd8f9547-g6fwd,1739336386,96079872
checkoutservice,checkoutservice-85dd8f9547-g6fwd,1739336686,95744000
checkoutservice,checkoutservice-85dd8f9547-g6fwd,1739336986,96174080
checkoutservice,checkoutservice-85dd8f9547-g6fwd,1739337286,96288768
checkoutservice,checkoutservice-85dd8f9547-g6fwd,1739337586,96542720
checkoutservice,checkoutservice-85dd8f9547-g6fwd,1739337886,96493568
checkoutservice,checkoutservice-85dd8f9547-g6fwd,1739338186,96612352
checkoutservice,checkoutservice-85dd8f9547-g6fwd,1739338486,96993280
checkoutservice,checkoutservice-85dd8f9547-g6fwd,1739338786,95309824
checkoutservice,checkoutservice-85dd8f9547-g6fwd,1739339086,95916032
checkoutservice,checkoutservice-85dd8f9547-g6fwd,1739339386,96481280
checkoutservice,checkoutservice-85dd8f9547-g6fwd,1739339686,96706560
checkoutservice,checkoutservice-85dd8f9547-g6fwd,1739339986,96747520
checkoutservice,checkoutservice-85dd8f9547-g6fwd,1739340286,98643968
checkoutservice,checkoutservice-85dd8f9547-g6fwd,1739340586,99196928
checkoutservice,checkoutservice-85dd8f9547-g6fwd,1739340886,98680832
checkoutservice,checkoutservice-85dd8f9547-g6fwd,1739341186,98738176
checkoutservice,checkoutservice-85dd8f9547-g6fwd,1739341486,98701312
checkoutservice,checkoutservice-85dd8f9547-g6fwd,1739341786,98598912
checkoutservice,checkoutservice-85dd8f9547-g6fwd,1739342086,98410496
checkoutservice,checkoutservice-85dd8f9547-g6fwd,1739342386,99221504
checkoutservice,checkoutservice-85dd8f9547-g6fwd,1739342686,98910208
checkoutservice,checkoutservice-85dd8f9547-g6fwd,1739342986,98861056
checkoutservice,checkoutservice-85dd8f9547-g6fwd,1739343286,98533376
checkoutservice,checkoutservice-85dd8f9547-g6fwd,1739343586,98107392
checkoutservice,checkoutservice-85dd8f9547-g6fwd,1739343886,97464320
checkoutservice,checkoutservice-85dd8f9547-g6fwd,1739344186,98156544
checkoutservice,checkoutservice-85dd8f9547-g6fwd,1739344486,98390016
checkoutservice,checkoutservice-85dd8f9547-g6fwd,1739344786,98455552
checkoutservice,checkoutservice-85dd8f9547-g6fwd,1739345086,99282944
checkoutservice,checkoutservice-85dd8f9547-g6fwd,1739345386,98480128
checkoutservice,checkoutservice-85dd8f9547-g6fwd,1739345686,98811904
checkoutservice,checkoutservice-85dd8f9547-g6fwd,1739345986,99209216
checkoutservice,checkoutservice-85dd8f9547-g6fwd,1739346286,98668544
checkoutservice,checkoutservice-85dd8f9547-g6fwd,1739346586,98762752
checkoutservice,checkoutservice-85dd8f9547-g6fwd,1739346886,98668544
checkoutservice,checkoutservice-85dd8f9547-g6fwd,1739347186,99008512
checkoutservice,checkoutservice-85dd8f9547-g6fwd,1739347486,99188736
checkoutservice,checkoutservice-85dd8f9547-g6fwd,1739347786,99082240
checkoutservice,checkoutservice-85dd8f9547-g6fwd,1739348086,100683776
checkoutservice,checkoutservice-85dd8f9547-g6fwd,1739348386,100970496
checkoutservice,checkoutservice-85dd8f9547-g6fwd,1739348686,100532224
checkoutservice,checkoutservice-85dd8f9547-g6fwd,1739348986,102301696
checkoutservice,checkoutservice-85dd8f9547-g6fwd,1739349286,102273024
checkoutservice,checkoutservice-85dd8f9547-g6fwd,1739349586,102576128
checkoutservice,checkoutservice-85dd8f9547-g6fwd,1739349886,102719488
checkoutservice,checkoutservice-85dd8f9547-g6fwd,1739350186,102563840
checkoutservice,checkoutservice-85dd8f9547-g6fwd,1739350486,102154240
checkoutservice,checkoutservice-85dd8f9547-g6fwd,1739350786,102547456
checkoutservice,checkoutservice-85dd8f9547-g6fwd,1739351086,102584320
checkoutservice,checkoutservice-85dd8f9547-g6fwd,1739351386,102486016
checkoutservice,checkoutservice-85dd8f9547-g6fwd,1739351686,102871040
checkoutservice,checkoutservice-85dd8f9547-g6fwd,1739351986,102633472
checkoutservice,checkoutservice-85dd8f9547-g6fwd,1739352286,102707200
checkoutservice,checkoutservice-85dd8f9547-g6fwd,1739352586,102617088
checkoutservice,checkoutservice-85dd8f9547-g6fwd,1739352886,102584320
checkoutservice,checkoutservice-85dd8f9547-g6fwd,1739353186,102617088
checkoutservice,checkoutservice-85dd8f9547-g6fwd,1739353486,101736448
checkoutservice,checkoutservice-85dd8f9547-g6fwd,1739353786,102264832
checkoutservice,checkoutservice-85dd8f9547-g6fwd,1739354086,102490112
checkoutservice,checkoutservice-85dd8f9547-g6fwd,1739354386,102391808
checkoutservice,checkoutservice-85dd8f9547-g6fwd,1739354686,102268928
checkoutservice,checkoutservice-85dd8f9547-g6fwd,1739354986,104763392
checkoutservice,checkoutservice-85dd8f9547-g6fwd,1739355286,104542208
checkoutservice,checkoutservice-85dd8f9547-g6fwd,1739355586,105164800
checkoutservice,checkoutservice-85dd8f9547-g6fwd,1739355886,105443328
checkoutservice,checkoutservice-85dd8f9547-g6fwd,1739356186,105197568
checkoutservice,checkoutservice-85dd8f9547-g6fwd,1739356486,105357312
checkoutservice,checkoutservice-85dd8f9547-g6fwd,1739356786,104992768
checkoutservice,checkoutservice-85dd8f9547-g6fwd,1739357086,105504768
checkoutservice,checkoutservice-85dd8f9547-g6fwd,1739357386,105664512
checkoutservice,checkoutservice-85dd8f9547-g6fwd,1739357686,105377792
checkoutservice,checkoutservice-85dd8f9547-g6fwd,1739357986,105701376
checkoutservice,checkoutservice-85dd8f9547-g6fwd,1739358286,105553920
checkoutservice,checkoutservice-85dd8f9547-g6fwd,1739358586,104439808
checkoutservice,checkoutservice-85dd8f9547-g6fwd,1739358886,104681472
checkoutservice,checkoutservice-85dd8f9547-g6fwd,1739359186,104644608
checkoutservice,checkoutservice-85dd8f9547-g6fwd,1739359486,105254912
checkoutservice,checkoutservice-85dd8f9547-g6fwd,1739359786,104652800
checkoutservice,checkoutservice-85dd8f9547-g6fwd,1739360086,107409408
checkoutservice,checkoutservice-85dd8f9547-g6fwd,1739360386,107462656
checkoutservice,checkoutservice-85dd8f9547-g6fwd,1739360686,107872256
checkoutservice,checkoutservice-85dd8f9547-g6fwd,1739360986,107151360
checkoutservice,checkoutservice-85dd8f9547-g6fwd,1739361286,106995712
checkoutservice,checkoutservice-85dd8f9547-g6fwd,1739361586,107520000
checkoutservice,checkoutservice-85dd8f9547-g6fwd,1739361886,107323392
checkoutservice,checkoutservice-85dd8f9547-g6fwd,1739362186,107065344
checkoutservice,checkoutservice-85dd8f9547-g6fwd,1739362486,107237376
checkoutservice,checkoutservice-85dd8f9547-g6fwd,1739362786,107266048
checkoutservice,checkoutservice-85dd8f9547-g6fwd,1739363086,107450368
checkoutservice,checkoutservice-85dd8f9547-g6fwd,1739363386,107704320
checkoutservice,checkoutservice-85dd8f9547-g6fwd,1739363686,107261952
checkoutservice,checkoutservice-85dd8f9547-g6fwd,1739363986,106692608
checkoutservice,checkoutservice-85dd8f9547-g6fwd,1739364286,106651648
checkoutservice,checkoutservice-85dd8f9547-g6fwd,1739364586,106766336
checkoutservice,checkoutservice-85dd8f9547-g6fwd,1739364886,107003904
checkoutservice,checkoutservice-85dd8f9547-g6fwd,1739365186,106905600
checkoutservice,checkoutservice-85dd8f9547-g6fwd,1739365486,106913792
checkoutservice,checkoutservice-85dd8f9547-g6fwd,1739365786,106876928
checkoutservice,checkoutservice-85dd8f9547-g6fwd,1739366086,106971136
checkoutservice,checkoutservice-85dd8f9547-g6fwd,1739366386,107212800
checkoutservice,checkoutservice-85dd8f9547-g6fwd,1739366686,106831872
checkoutservice,checkoutservice-85dd8f9547-g6fwd,1739366986,107155456
checkoutservice,checkoutservice-85dd8f9547-g6fwd,1739367286,107433984
checkoutservice,checkoutservice-85dd8f9547-g6fwd,1739367586,107716608
checkoutservice,checkoutservice-85dd8f9547-g6fwd,1739367886,107638784
checkoutservice,checkoutservice-85dd8f9547-g6fwd,1739368186,107511808
checkoutservice,checkoutservice-85dd8f9547-g6fwd,1739368486,107462656
checkoutservice,checkoutservice-85dd8f9547-g6fwd,1739368786,107401216
checkoutservice,checkoutservice-85dd8f9547-g6fwd,1739369086,106598400
checkoutservice,checkoutservice-85dd8f9547-g6fwd,1739369386,106967040
checkoutservice,checkoutservice-85dd8f9547-g6fwd,1739369686,106840064
checkoutservice,checkoutservice-85dd8f9547-g6fwd,1739369986,106618880
checkoutservice,checkoutservice-85dd8f9547-g6fwd,1739370286,107122688
checkoutservice,checkoutservice-85dd8f9547-g6fwd,1739370586,107122688
checkoutservice,checkoutservice-85dd8f9547-g6fwd,1739370886,106921984
checkoutservice,checkoutservice-85dd8f9547-g6fwd,1739371186,106975232
checkoutservice,checkoutservice-85dd8f9547-g6fwd,1739371486,107343872
checkoutservice,checkoutservice-85dd8f9547-g6fwd,1739371786,107573248
checkoutservice,checkoutservice-85dd8f9547-g6fwd,1739372086,107692032
checkoutservice,checkoutservice-85dd8f9547-g6fwd,1739372386,107352064
checkoutservice,checkoutservice-85dd8f9547-g6fwd,1739372686,107384832
checkoutservice,checkoutservice-85dd8f9547-g6fwd,1739372986,107393024
checkoutservice,checkoutservice-85dd8f9547-g6fwd,1739373286,107331584
checkoutservice,checkoutservice-85dd8f9547-g6fwd,1739373586,107315200
checkoutservice,checkoutservice-85dd8f9547-g6fwd,1739373886,107139072
checkoutservice,checkoutservice-85dd8f9547-g6fwd,1739374186,108056576
checkoutservice,checkoutservice-85dd8f9547-g6fwd,1739374486,108175360
checkoutservice,checkoutservice-85dd8f9547-g6fwd,1739374786,106688512
checkoutservice,checkoutservice-85dd8f9547-g6fwd,1739375086,107057152
checkoutservice,checkoutservice-85dd8f9547-g6fwd,1739375386,106655744
checkoutservice,checkoutservice-85dd8f9547-g6fwd,1739375686,106921984
checkoutservice,checkoutservice-85dd8f9547-g6fwd,1739375986,107143168
checkoutservice,checkoutservice-85dd8f9547-g6fwd,1739376286,106917888
checkoutservice,checkoutservice-85dd8f9547-g6fwd,1739376586,106967040
checkoutservice,checkoutservice-85dd8f9547-g6fwd,1739376886,107266048
checkoutservice,checkoutservice-85dd8f9547-g6fwd,1739377186,106909696
checkoutservice,checkoutservice-85dd8f9547-g6fwd,1739377486,107536384
checkoutservice,checkoutservice-85dd8f9547-g6fwd,1739377786,107479040
checkoutservice,checkoutservice-85dd8f9547-g6fwd,1739378086,107180032
checkoutservice,checkoutservice-85dd8f9547-g6fwd,1739378386,106893312
checkoutservice,checkoutservice-85dd8f9547-g6fwd,1739378686,107216896
checkoutservice,checkoutservice-85dd8f9547-g6fwd,1739378986,110129152
checkoutservice,checkoutservice-85dd8f9547-g6fwd,1739379286,109928448
checkoutservice,checkoutservice-85dd8f9547-g6fwd,1739379586,110137344
checkoutservice,checkoutservice-85dd8f9547-g6fwd,1739379886,112574464
checkoutservice,checkoutservice-85dd8f9547-g6fwd,1739380186,109797376
checkoutservice,checkoutservice-85dd8f9547-g6fwd,1739380486,109514752
checkoutservice,checkoutservice-85dd8f9547-g6fwd,1739380786,109072384
checkoutservice,checkoutservice-85dd8f9547-g6fwd,1739381086,109731840
checkoutservice,checkoutservice-85dd8f9547-g6fwd,1739381386,109322240
checkoutservice,checkoutservice-85dd8f9547-g6fwd,1739381686,109301760
checkoutservice,checkoutservice-85dd8f9547-g6fwd,1739381986,109117440
checkoutservice,checkoutservice-85dd8f9547-g6fwd,1739382286,109047808
checkoutservice,checkoutservice-85dd8f9547-g6fwd,1739382586,109568000
checkoutservice,checkoutservice-85dd8f9547-g6fwd,1739382886,109101056
checkoutservice,checkoutservice-85dd8f9547-g6fwd,1739383186,109375488
checkoutservice,checkoutservice-85dd8f9547-g6fwd,1739383486,109268992
checkoutservice,checkoutservice-85dd8f9547-g6fwd,1739383786,109408256
checkoutservice,checkoutservice-85dd8f9547-g6fwd,1739384086,109051904
checkoutservice,checkoutservice-85dd8f9547-g6fwd,1739384386,109457408
checkoutservice,checkoutservice-85dd8f9547-g6fwd,1739384686,109613056
checkoutservice,checkoutservice-85dd8f9547-g6fwd,1739384986,109039616
checkoutservice,checkoutservice-85dd8f9547-g6fwd,1739385286,110538752
checkoutservice,checkoutservice-85dd8f9547-g6fwd,1739385586,110284800
checkoutservice,checkoutservice-85dd8f9547-g6fwd,1739385886,110235648
checkoutservice,checkoutservice-85dd8f9547-g6fwd,1739386186,110305280
checkoutservice,checkoutservice-85dd8f9547-g6fwd,1739386486,109576192
checkoutservice,checkoutservice-85dd8f9547-g6fwd,1739386786,108695552
checkoutservice,checkoutservice-85dd8f9547-g6fwd,1739387086,68325376
checkoutservice,checkoutservice-85dd8f9547-g6fwd,1739387386,69136384
checkoutservice,checkoutservice-85dd8f9547-g6fwd,1739387686,69500928
checkoutservice,checkoutservice-85dd8f9547-g6fwd,1739387986,71688192
checkoutservice,checkoutservice-85dd8f9547-g6fwd,1739388286,72384512
checkoutservice,checkoutservice-85dd8f9547-g6fwd,1739388586,72331264
checkoutservice,checkoutservice-85dd8f9547-g6fwd,1739388886,74506240
checkoutservice,checkoutservice-85dd8f9547-g6fwd,1739389186,73777152
checkoutservice,checkoutservice-85dd8f9547-g6fwd,1739389486,74256384
checkoutservice,checkoutservice-85dd8f9547-g6fwd,1739389786,75112448
checkoutservice,checkoutservice-85dd8f9547-g6fwd,1739390086,75767808
checkoutservice,checkoutservice-85dd8f9547-g6fwd,1739390386,75833344
checkoutservice,checkoutservice-85dd8f9547-g6fwd,1739390686,75919360
checkoutservice,checkoutservice-85dd8f9547-g6fwd,1739390986,75599872
checkoutservice,checkoutservice-85dd8f9547-g6fwd,1739391286,75280384
checkoutservice,checkoutservice-85dd8f9547-g6fwd,1739391586,76091392
checkoutservice,checkoutservice-85dd8f9547-g6fwd,1739391886,75943936
checkoutservice,checkoutservice-85dd8f9547-g6fwd,1739392186,76439552
checkoutservice,checkoutservice-85dd8f9547-g6fwd,1739392486,76488704
checkoutservice,checkoutservice-85dd8f9547-g6fwd,1739392786,77168640
checkoutservice,checkoutservice-85dd8f9547-g6fwd,1739393086,79437824
checkoutservice,checkoutservice-85dd8f9547-g6fwd,1739393386,78077952
checkoutservice,checkoutservice-85dd8f9547-g6fwd,1739393686,78274560
checkoutservice,checkoutservice-85dd8f9547-g6fwd,1739393986,78073856
checkoutservice,checkoutservice-85dd8f9547-g6fwd,1739394286,78659584
checkoutservice,checkoutservice-85dd8f9547-g6fwd,1739394586,78557184
checkoutservice,checkoutservice-85dd8f9547-g6fwd,1739394886,78512128
checkoutservice,checkoutservice-85dd8f9547-g6fwd,1739395186,78905344
checkoutservice,checkoutservice-85dd8f9547-g6fwd,1739395486,78872576
checkoutservice,checkoutservice-85dd8f9547-g6fwd,1739395786,79187968
checkoutservice,checkoutservice-85dd8f9547-g6fwd,1739396086,78524416
checkoutservice,checkoutservice-85dd8f9547-g6fwd,1739396386,79007744
checkoutservice,checkoutservice-85dd8f9547-g6fwd,1739396686,78909440
checkoutservice,checkoutservice-85dd8f9547-g6fwd,1739396986,78938112
checkoutservice,checkoutservice-85dd8f9547-g6fwd,1739397286,78913536
checkoutservice,checkoutservice-85dd8f9547-g6fwd,1739397586,78659584
checkoutservice,checkoutservice-85dd8f9547-g6fwd,1739397886,78581760
checkoutservice,checkoutservice-85dd8f9547-g6fwd,1739398186,78532608
checkoutservice,checkoutservice-85dd8f9547-g6fwd,1739398486,78405632
checkoutservice,checkoutservice-85dd8f9547-g6fwd,1739398786,78614528
checkoutservice,checkoutservice-85dd8f9547-g6fwd,1739399086,78569472
checkoutservice,checkoutservice-85dd8f9547-g6fwd,1739399386,78663680
checkoutservice,checkoutservice-85dd8f9547-g6fwd,1739399686,78917632
checkoutservice,checkoutservice-85dd8f9547-g6fwd,1739399986,79384576
checkoutservice,checkoutservice-85dd8f9547-g6fwd,1739400286,79126528
checkoutservice,checkoutservice-85dd8f9547-g6fwd,1739400586,79982592
checkoutservice,checkoutservice-85dd8f9547-g6fwd,1739400886,79495168
checkoutservice,checkoutservice-85dd8f9547-g6fwd,1739401186,79785984
checkoutservice,checkoutservice-85dd8f9547-g6fwd,1739401486,79532032
checkoutservice,checkoutservice-85dd8f9547-g6fwd,1739401786,79458304
checkoutservice,checkoutservice-85dd8f9547-g6fwd,1739402086,79593472
checkoutservice,checkoutservice-85dd8f9547-g6fwd,1739402386,79724544
checkoutservice,checkoutservice-85dd8f9547-g6fwd,1739402686,80007168
checkoutservice,checkoutservice-85dd8f9547-g6fwd,1739402986,80158720
checkoutservice,checkoutservice-85dd8f9547-g6fwd,1739403286,79728640
checkoutservice,checkoutservice-85dd8f9547-g6fwd,1739403586,78770176
checkoutservice,checkoutservice-85dd8f9547-g6fwd,1739403886,79052800
checkoutservice,checkoutservice-85dd8f9547-g6fwd,1739404186,78548992
checkoutservice,checkoutservice-85dd8f9547-g6fwd,1739404486,78618624
checkoutservice,checkoutservice-85dd8f9547-g6fwd,1739404786,78749696
checkoutservice,checkoutservice-85dd8f9547-g6fwd,1739405086,79282176
checkoutservice,checkoutservice-85dd8f9547-g6fwd,1739405386,79056896
checkoutservice,checkoutservice-85dd8f9547-g6fwd,1739405686,79364096
checkoutservice,checkoutservice-85dd8f9547-g6fwd,1739405986,79523840
checkoutservice,checkoutservice-85dd8f9547-g6fwd,1739406286,79110144
checkoutservice,checkoutservice-85dd8f9547-g6fwd,1739406586,79441920
checkoutservice,checkoutservice-85dd8f9547-g6fwd,1739406886,79224832
checkoutservice,checkoutservice-85dd8f9547-g6fwd,1739407186,79228928
checkoutservice,checkoutservice-85dd8f9547-g6fwd,1739407486,79101952
checkoutservice,checkoutservice-85dd8f9547-g6fwd,1739407786,79183872
checkoutservice,checkoutservice-85dd8f9547-g6fwd,1739408086,79441920
checkoutservice,checkoutservice-85dd8f9547-g6fwd,1739408386,79138816
checkoutservice,checkoutservice-85dd8f9547-g6fwd,1739408686,78921728
checkoutservice,checkoutservice-85dd8f9547-g6fwd,1739408986,79044608
checkoutservice,checkoutservice-85dd8f9547-g6fwd,1739409286,78807040
checkoutservice,checkoutservice-85dd8f9547-g6fwd,1739409586,78884864
checkoutservice,checkoutservice-85dd8f9547-g6fwd,1739409886,78835712
checkoutservice,checkoutservice-85dd8f9547-g6fwd,1739410186,78962688
checkoutservice,checkoutservice-85dd8f9547-g6fwd,1739410486,79495168
checkoutservice,checkoutservice-85dd8f9547-g6fwd,1739410786,78594048
checkoutservice,checkoutservice-85dd8f9547-g6fwd,1739411086,79114240
checkoutservice,checkoutservice-85dd8f9547-g6fwd,1739411386,79503360
checkoutservice,checkoutservice-85dd8f9547-g6fwd,1739411686,79699968
checkoutservice,checkoutservice-85dd8f9547-g6fwd,1739411986,79376384
checkoutservice,checkoutservice-85dd8f9547-g6fwd,1739412286,79601664
checkoutservice,checkoutservice-85dd8f9547-g6fwd,1739412586,79736832
checkoutservice,checkoutservice-85dd8f9547-g6fwd,1739412886,82624512
checkoutservice,checkoutservice-85dd8f9547-g6fwd,1739413186,82067456
checkoutservice,checkoutservice-85dd8f9547-g6fwd,1739413486,80822272
checkoutservice,checkoutservice-85dd8f9547-g6fwd,1739413786,81055744
checkoutservice,checkoutservice-85dd8f9547-g6fwd,1739414086,81444864
checkoutservice,checkoutservice-85dd8f9547-g6fwd,1739414386,81256448
checkoutservice,checkoutservice-85dd8f9547-g6fwd,1739414686,80965632
checkoutservice,checkoutservice-85dd8f9547-g6fwd,1739414986,80879616
checkoutservice,checkoutservice-85dd8f9547-g6fwd,1739415286,81756160
checkoutservice,checkoutservice-85dd8f9547-g6fwd,1739415586,80605184
checkoutservice,checkoutservice-85dd8f9547-g6fwd,1739415886,81117184
checkoutservice,checkoutservice-85dd8f9547-g6fwd,1739416186,80838656
checkoutservice,checkoutservice-85dd8f9547-g6fwd,1739416486,81387520
checkoutservice,checkoutservice-85dd8f9547-g6fwd,1739416786,81043456
checkoutservice,checkoutservice-85dd8f9547-g6fwd,1739417086,81506304
checkoutservice,checkoutservice-85dd8f9547-g6fwd,1739417386,81559552
checkoutservice,checkoutservice-85dd8f9547-g6fwd,1739417686,81367040
checkoutservice,checkoutservice-85dd8f9547-g6fwd,1739417986,81211392
checkoutservice,checkoutservice-85dd8f9547-g6fwd,1739418286,81625088
checkoutservice,checkoutservice-85dd8f9547-g6fwd,1739418586,81080320
checkoutservice,checkoutservice-85dd8f9547-g6fwd,1739418886,81494016
checkoutservice,checkoutservice-85dd8f9547-g6fwd,1739419186,81354752
checkoutservice,checkoutservice-85dd8f9547-g6fwd,1739419486,81674240
checkoutservice,checkoutservice-85dd8f9547-g6fwd,1739419786,82100224
checkoutservice,checkoutservice-85dd8f9547-g6fwd,1739420086,84856832
checkoutservice,checkoutservice-85dd8f9547-g6fwd,1739420386,84414464
checkoutservice,checkoutservice-85dd8f9547-g6fwd,1739420686,84815872
checkoutservice,checkoutservice-85dd8f9547-g6fwd,1739420986,84426752
checkoutservice,checkoutservice-85dd8f9547-g6fwd,1739421286,84713472
checkoutservice,checkoutservice-85dd8f9547-g6fwd,1739421586,84594688
checkoutservice,checkoutservice-85dd8f9547-g6fwd,1739421886,84701184
checkoutservice,checkoutservice-85dd8f9547-g6fwd,1739422186,84221952
checkoutservice,checkoutservice-85dd8f9547-g6fwd,1739422486,85032960
checkoutservice,checkoutservice-85dd8f9547-g6fwd,1739422786,84762624
checkoutservice,checkoutservice-85dd8f9547-g6fwd,1739423086,84754432
checkoutservice,checkoutservice-85dd8f9547-g6fwd,1739423386,84914176
checkoutservice,checkoutservice-85dd8f9547-g6fwd,1739423686,85061632
checkoutservice,checkoutservice-85dd8f9547-g6fwd,1739423986,83509248
checkoutservice,checkoutservice-85dd8f9547-g6fwd,1739424286,85725184
checkoutservice,checkoutservice-85dd8f9547-g6fwd,1739424586,85790720
checkoutservice,checkoutservice-85dd8f9547-g6fwd,1739424886,85901312
checkoutservice,checkoutservice-85dd8f9547-g6fwd,1739425186,85946368
checkoutservice,checkoutservice-85dd8f9547-g6fwd,1739425486,85913600
checkoutservice,checkoutservice-85dd8f9547-g6fwd,1739425786,85975040
checkoutservice,checkoutservice-85dd8f9547-g6fwd,1739426086,85884928
checkoutservice,checkoutservice-85dd8f9547-g6fwd,1739426386,86487040
checkoutservice,checkoutservice-85dd8f9547-g6fwd,1739426686,85905408
checkoutservice,checkoutservice-85dd8f9547-g6fwd,1739426986,86253568
checkoutservice,checkoutservice-85dd8f9547-g6fwd,1739427286,86044672
checkoutservice,checkoutservice-85dd8f9547-g6fwd,1739427586,86601728
checkoutservice,checkoutservice-85dd8f9547-g6fwd,1739427886,86347776
checkoutservice,checkoutservice-85dd8f9547-g6fwd,1739428186,86396928
checkoutservice,checkoutservice-85dd8f9547-g6fwd,1739428486,88600576
checkoutservice,checkoutservice-85dd8f9547-g6fwd,1739428786,88821760
checkoutservice,checkoutservice-85dd8f9547-g6fwd,1739429086,88526848
checkoutservice,checkoutservice-85dd8f9547-g6fwd,1739429386,89419776
checkoutservice,checkoutservice-85dd8f9547-g6fwd,1739429686,87953408
checkoutservice,checkoutservice-85dd8f9547-g6fwd,1739429986,87977984
checkoutservice,checkoutservice-85dd8f9547-g6fwd,1739430286,88788992
checkoutservice,checkoutservice-85dd8f9547-g6fwd,1739430586,88883200
checkoutservice,checkoutservice-85dd8f9547-g6fwd,1739430886,88899584
checkoutservice,checkoutservice-85dd8f9547-g6fwd,1739431186,88526848
checkoutservice,checkoutservice-85dd8f9547-g6fwd,1739431486,89071616
checkoutservice,checkoutservice-85dd8f9547-g6fwd,1739431786,88993792
checkoutservice,checkoutservice-85dd8f9547-g6fwd,1739432086,89034752
checkoutservice,checkoutservice-85dd8f9547-g6fwd,1739432386,88739840
checkoutservice,checkoutservice-85dd8f9547-g6fwd,1739432686,88903680
checkoutservice,checkoutservice-85dd8f9547-g6fwd,1739432986,89841664
checkoutservice,checkoutservice-85dd8f9547-g6fwd,1739433286,89714688
checkoutservice,checkoutservice-85dd8f9547-g6fwd,1739433586,89645056
checkoutservice,checkoutservice-85dd8f9547-g6fwd,1739433886,89460736
checkoutservice,checkoutservice-85dd8f9547-g6fwd,1739434186,89481216
checkoutservice,checkoutservice-85dd8f9547-g6fwd,1739434486,89268224
checkoutservice,checkoutservice-85dd8f9547-g6fwd,1739434786,90120192
checkoutservice,checkoutservice-85dd8f9547-g6fwd,1739435086,89677824
checkoutservice,checkoutservice-85dd8f9547-g6fwd,1739435386,90390528
checkoutservice,checkoutservice-85dd8f9547-g6fwd,1739435686,90808320
checkoutservice,checkoutservice-85dd8f9547-g6fwd,1739435986,90247168
checkoutservice,checkoutservice-85dd8f9547-g6fwd,1739436286,90066944
checkoutservice,checkoutservice-85dd8f9547-g6fwd,1739436586,90107904
checkoutservice,checkoutservice-85dd8f9547-g6fwd,1739436886,90615808
checkoutservice,checkoutservice-85dd8f9547-g6fwd,1739437186,90603520
checkoutservice,checkoutservice-85dd8f9547-g6fwd,1739437486,90607616
checkoutservice,checkoutservice-85dd8f9547-g6fwd,1739437786,91394048
checkoutservice,checkoutservice-85dd8f9547-g6fwd,1739438086,92942336
checkoutservice,checkoutservice-85dd8f9547-g6fwd,1739438386,92692480
checkoutservice,checkoutservice-85dd8f9547-g6fwd,1739438686,93470720
checkoutservice,checkoutservice-85dd8f9547-g6fwd,1739438986,93011968
checkoutservice,checkoutservice-85dd8f9547-g6fwd,1739439286,93941760
checkoutservice,checkoutservice-85dd8f9547-g6fwd,1739439586,93073408
checkoutservice,checkoutservice-85dd8f9547-g6fwd,1739439886,93241344
checkoutservice,checkoutservice-85dd8f9547-g6fwd,1739440186,96219136
checkoutservice,checkoutservice-85dd8f9547-g6fwd,1739440486,96301056
checkoutservice,checkoutservice-85dd8f9547-g6fwd,1739440786,95100928
checkoutservice,checkoutservice-85dd8f9547-g6fwd,1739441086,97435648
checkoutservice,checkoutservice-85dd8f9547-g6fwd,1739441386,97202176
checkoutservice,checkoutservice-85dd8f9547-g6fwd,1739441686,97284096
checkoutservice,checkoutservice-85dd8f9547-g6fwd,1739441986,97026048
checkoutservice,checkoutservice-85dd8f9547-g6fwd,1739442286,97263616
checkoutservice,checkoutservice-85dd8f9547-g6fwd,1739442586,97161216
checkoutservice,checkoutservice-85dd8f9547-g6fwd,1739442886,97017856
checkoutservice,checkoutservice-85dd8f9547-g6fwd,1739443186,97251328
checkoutservice,checkoutservice-85dd8f9547-g6fwd,1739443486,97325056
checkoutservice,checkoutservice-85dd8f9547-g6fwd,1739443786,97460224
checkoutservice,checkoutservice-85dd8f9547-g6fwd,1739444086,97828864
checkoutservice,checkoutservice-85dd8f9547-g6fwd,1739444386,97447936
checkoutservice,checkoutservice-85dd8f9547-g6fwd,1739444686,97611776
checkoutservice,checkoutservice-85dd8f9547-g6fwd,1739444986,97792000
checkoutservice,checkoutservice-85dd8f9547-g6fwd,1739445286,97501184
checkoutservice,checkoutservice-85dd8f9547-g6fwd,1739445586,97746944
checkoutservice,checkoutservice-85dd8f9547-g6fwd,1739445886,97759232
checkoutservice,checkoutservice-85dd8f9547-g6fwd,1739446186,96407552
checkoutservice,checkoutservice-85dd8f9547-g6fwd,1739446486,96714752
checkoutservice,checkoutservice-85dd8f9547-g6fwd,1739446786,96780288
checkoutservice,checkoutservice-85dd8f9547-g6fwd,1739447086,96542720
checkoutservice,checkoutservice-85dd8f9547-g6fwd,1739447386,96780288
checkoutservice,checkoutservice-85dd8f9547-g6fwd,1739447686,96587776
checkoutservice,checkoutservice-85dd8f9547-g6fwd,1739447986,96755712
checkoutservice,checkoutservice-85dd8f9547-g6fwd,1739448286,96661504
checkoutservice,checkoutservice-85dd8f9547-g6fwd,1739448586,96813056
checkoutservice,checkoutservice-85dd8f9547-g6fwd,1739448886,97570816
checkoutservice,checkoutservice-85dd8f9547-g6fwd,1739449186,97820672
checkoutservice,checkoutservice-85dd8f9547-g6fwd,1739449486,98258944
checkoutservice,checkoutservice-85dd8f9547-g6fwd,1739449786,97767424
checkoutservice,checkoutservice-85dd8f9547-g6fwd,1739450086,97763328
checkoutservice,checkoutservice-85dd8f9547-g6fwd,1739450386,97726464
checkoutservice,checkoutservice-85dd8f9547-g6fwd,1739450686,97767424
checkoutservice,checkoutservice-85dd8f9547-g6fwd,1739450986,97837056
checkoutservice,checkoutservice-85dd8f9547-g6fwd,1739451286,98193408
checkoutservice,checkoutservice-85dd8f9547-g6fwd,1739451586,97800192
checkoutservice,checkoutservice-85dd8f9547-g6fwd,1739451886,96272384
checkoutservice,checkoutservice-85dd8f9547-g6fwd,1739452186,96448512
checkoutservice,checkoutservice-85dd8f9547-g6fwd,1739452486,96567296
checkoutservice,checkoutservice-85dd8f9547-g6fwd,1739452786,96698368
checkoutservice,checkoutservice-85dd8f9547-g6fwd,1739453086,96940032
checkoutservice,checkoutservice-85dd8f9547-g6fwd,1739453386,96935936
checkoutservice,checkoutservice-85dd8f9547-g6fwd,1739453686,96956416
checkoutservice,checkoutservice-85dd8f9547-g6fwd,1739453986,98398208
checkoutservice,checkoutservice-85dd8f9547-g6fwd,1739454286,97210368
checkoutservice,checkoutservice-85dd8f9547-g6fwd,1739454586,96980992
checkoutservice,checkoutservice-85dd8f9547-g6fwd,1739454886,97349632
checkoutservice,checkoutservice-85dd8f9547-g6fwd,1739455186,97009664
checkoutservice,checkoutservice-85dd8f9547-g6fwd,1739455486,97062912
checkoutservice,checkoutservice-85dd8f9547-g6fwd,1739455786,97009664
checkoutservice,checkoutservice-85dd8f9547-g6fwd,1739456086,97521664
checkoutservice,checkoutservice-85dd8f9547-g6fwd,1739456386,97026048
checkoutservice,checkoutservice-85dd8f9547-g6fwd,1739456686,97091584
checkoutservice,checkoutservice-85dd8f9547-g6fwd,1739456986,97144832
checkoutservice,checkoutservice-85dd8f9547-g6fwd,1739457286,97177600
checkoutservice,checkoutservice-85dd8f9547-g6fwd,1739457586,97001472
checkoutservice,checkoutservice-85dd8f9547-g6fwd,1739457886,96706560
checkoutservice,checkoutservice-85dd8f9547-g6fwd,1739458186,97054720
checkoutservice,checkoutservice-85dd8f9547-g6fwd,1739458486,97320960
checkoutservice,checkoutservice-85dd8f9547-g6fwd,1739458786,97574912
checkoutservice,checkoutservice-85dd8f9547-g6fwd,1739459086,97132544
checkoutservice,checkoutservice-85dd8f9547-g6fwd,1739459386,97468416
checkoutservice,checkoutservice-85dd8f9547-g6fwd,1739459686,99143680
checkoutservice,checkoutservice-85dd8f9547-g6fwd,1739459986,99418112
checkoutservice,checkoutservice-85dd8f9547-g6fwd,1739460286,99442688
checkoutservice,checkoutservice-85dd8f9547-g6fwd,1739460586,99995648
checkoutservice,checkoutservice-85dd8f9547-g6fwd,1739460886,99639296
checkoutservice,checkoutservice-85dd8f9547-g6fwd,1739461186,99405824
checkoutservice,checkoutservice-85dd8f9547-g6fwd,1739461486,99282944
checkoutservice,checkoutservice-85dd8f9547-g6fwd,1739461786,99467264
checkoutservice,checkoutservice-85dd8f9547-g6fwd,1739462086,99561472
checkoutservice,checkoutservice-85dd8f9547-g6fwd,1739462386,99614720
checkoutservice,checkoutservice-85dd8f9547-g6fwd,1739462686,99790848
checkoutservice,checkoutservice-85dd8f9547-g6fwd,1739462986,99557376
checkoutservice,checkoutservice-85dd8f9547-g6fwd,1739463286,100216832
checkoutservice,checkoutservice-85dd8f9547-g6fwd,1739463586,99274752
checkoutservice,checkoutservice-85dd8f9547-g6fwd,1739463886,98324480
checkoutservice,checkoutservice-85dd8f9547-g6fwd,1739464186,99078144
checkoutservice,checkoutservice-85dd8f9547-g6fwd,1739464486,99647488
checkoutservice,checkoutservice-85dd8f9547-g6fwd,1739464786,99225600
checkoutservice,checkoutservice-85dd8f9547-g6fwd,1739465086,99831808
checkoutservice,checkoutservice-85dd8f9547-g6fwd,1739465386,99336192
checkoutservice,checkoutservice-85dd8f9547-g6fwd,1739465686,99438592
checkoutservice,checkoutservice-85dd8f9547-g6fwd,1739465986,99237888
checkoutservice,checkoutservice-85dd8f9547-g6fwd,1739466286,99553280
checkoutservice,checkoutservice-85dd8f9547-g6fwd,1739466586,99442688
checkoutservice,checkoutservice-85dd8f9547-g6fwd,1739466886,99221504
checkoutservice,checkoutservice-85dd8f9547-g6fwd,1739467186,98803712
checkoutservice,checkoutservice-85dd8f9547-g6fwd,1739467486,99291136
checkoutservice,checkoutservice-85dd8f9547-g6fwd,1739467786,100077568
checkoutservice,checkoutservice-85dd8f9547-g6fwd,1739468086,100823040
checkoutservice,checkoutservice-85dd8f9547-g6fwd,1739468386,100495360
checkoutservice,checkoutservice-85dd8f9547-g6fwd,1739468686,100380672
checkoutservice,checkoutservice-85dd8f9547-g6fwd,1739468986,100470784
checkoutservice,checkoutservice-85dd8f9547-g6fwd,1739469286,99983360
checkoutservice,checkoutservice-85dd8f9547-g6fwd,1739469586,100413440
checkoutservice,checkoutservice-85dd8f9547-g6fwd,1739469886,100179968
checkoutservice,checkoutservice-85dd8f9547-g6fwd,1739470186,100122624
checkoutservice,checkoutservice-85dd8f9547-g6fwd,1739470486,98738176
checkoutservice,checkoutservice-85dd8f9547-g6fwd,1739470786,99241984
checkoutservice,checkoutservice-85dd8f9547-g6fwd,1739471086,98934784
checkoutservice,checkoutservice-85dd8f9547-g6fwd,1739471386,99041280
checkoutservice,checkoutservice-85dd8f9547-g6fwd,1739471686,100282368
checkoutservice,checkoutservice-85dd8f9547-g6fwd,1739471986,99352576
checkoutservice,checkoutservice-85dd8f9547-g6fwd,1739472286,99229696
checkoutservice,checkoutservice-85dd8f9547-g6fwd,1739472586,99790848
checkoutservice,checkoutservice-85dd8f9547-g6fwd,1739472886,99446784
checkoutservice,checkoutservice-85dd8f9547-g6fwd,1739473186,99364864
checkoutservice,checkoutservice-85dd8f9547-g6fwd,1739473486,100052992
checkoutservice,checkoutservice-85dd8f9547-g6fwd,1739473786,100032512
checkoutservice,checkoutservice-85dd8f9547-g6fwd,1739474086,99680256
checkoutservice,checkoutservice-85dd8f9547-g6fwd,1739474386,99373056
checkoutservice,checkoutservice-85dd8f9547-g6fwd,1739474686,99745792
checkoutservice,checkoutservice-85dd8f9547-g6fwd,1739474986,99934208
checkoutservice,checkoutservice-85dd8f9547-g6fwd,1739475286,100573184
checkoutservice,checkoutservice-85dd8f9547-g6fwd,1739475586,99344384
checkoutservice,checkoutservice-85dd8f9547-g6fwd,1739475886,101085184
checkoutservice,checkoutservice-85dd8f9547-g6fwd,1739476186,99799040
checkoutservice,checkoutservice-85dd8f9547-g6fwd,1739476486,99799040
checkoutservice,checkoutservice-85dd8f9547-g6fwd,1739476786,98963456
checkoutservice,checkoutservice-85dd8f9547-g6fwd,1739477086,98934784
checkoutservice,checkoutservice-85dd8f9547-g6fwd,1739477386,98975744
checkoutservice,checkoutservice-85dd8f9547-g6fwd,1739477686,99405824
checkoutservice,checkoutservice-85dd8f9547-g6fwd,1739477986,99950592
checkoutservice,checkoutservice-85dd8f9547-g6fwd,1739478286,99401728
checkoutservice,checkoutservice-85dd8f9547-g6fwd,1739478586,99155968
checkoutservice,checkoutservice-85dd8f9547-g6fwd,1739478886,99803136
checkoutservice,checkoutservice-85dd8f9547-g6fwd,1739479186,99856384
checkoutservice,checkoutservice-85dd8f9547-g6fwd,1739479486,99192832
checkoutservice,checkoutservice-85dd8f9547-g6fwd,1739479786,99545088
checkoutservice,checkoutservice-85dd8f9547-g6fwd,1739480086,100003840
checkoutservice,checkoutservice-85dd8f9547-g6fwd,1739480386,99393536
checkoutservice,checkoutservice-85dd8f9547-g6fwd,1739480686,100380672
checkoutservice,checkoutservice-85dd8f9547-g6fwd,1739480986,100368384
checkoutservice,checkoutservice-85dd8f9547-g6fwd,1739481286,100581376
checkoutservice,checkoutservice-85dd8f9547-g6fwd,1739481586,100225024
checkoutservice,checkoutservice-85dd8f9547-g6fwd,1739481886,100429824
checkoutservice,checkoutservice-85dd8f9547-g6fwd,1739482186,100347904
checkoutservice,checkoutservice-85dd8f9547-g6fwd,1739482486,100913152
checkoutservice,checkoutservice-85dd8f9547-g6fwd,1739482786,100429824
checkoutservice,checkoutservice-85dd8f9547-g6fwd,1739483086,98918400
checkoutservice,checkoutservice-85dd8f9547-g6fwd,1739483386,98476032
checkoutservice,checkoutservice-85dd8f9547-g6fwd,1739483686,98865152
checkoutservice,checkoutservice-85dd8f9547-g6fwd,1739483986,99102720
checkoutservice,checkoutservice-85dd8f9547-g6fwd,1739484286,99299328
checkoutservice,checkoutservice-85dd8f9547-g6fwd,1739484586,99897344
checkoutservice,checkoutservice-85dd8f9547-g6fwd,1739484886,99610624
checkoutservice,checkoutservice-85dd8f9547-g6fwd,1739485186,99516416
checkoutservice,checkoutservice-85dd8f9547-g6fwd,1739485486,99454976
checkoutservice,checkoutservice-85dd8f9547-g6fwd,1739485786,99508224
checkoutservice,checkoutservice-85dd8f9547-g6fwd,1739486086,99393536
checkoutservice,checkoutservice-85dd8f9547-g6fwd,1739486386,99491840
checkoutservice,checkoutservice-85dd8f9547-g6fwd,1739486686,99835904
checkoutservice,checkoutservice-85dd8f9547-g6fwd,1739486986,99639296
checkoutservice,checkoutservice-85dd8f9547-g6fwd,1739487286,99598336
checkoutservice,checkoutservice-85dd8f9547-g6fwd,1739487586,99676160
checkoutservice,checkoutservice-85dd8f9547-g6fwd,1739487886,100175872
checkoutservice,checkoutservice-85dd8f9547-g6fwd,1739488186,99434496
checkoutservice,checkoutservice-85dd8f9547-g6fwd,1739488486,99569664
checkoutservice,checkoutservice-85dd8f9547-g6fwd,1739488786,99581952
checkoutservice,checkoutservice-85dd8f9547-g6fwd,1739489086,99258368
checkoutservice,checkoutservice-85dd8f9547-g6fwd,1739489386,99688448
checkoutservice,checkoutservice-85dd8f9547-g6fwd,1739489686,99983360
checkoutservice,checkoutservice-85dd8f9547-g6fwd,1739489986,99045376
checkoutservice,checkoutservice-85dd8f9547-g6fwd,1739490286,99155968
checkoutservice,checkoutservice-85dd8f9547-g6fwd,1739490586,98746368
checkoutservice,checkoutservice-85dd8f9547-g6fwd,1739490886,99196928
checkoutservice,checkoutservice-85dd8f9547-g6fwd,1739491186,99196928
checkoutservice,checkoutservice-85dd8f9547-g6fwd,1739491486,99508224
checkoutservice,checkoutservice-85dd8f9547-g6fwd,1739491786,99147776
checkoutservice,checkoutservice-85dd8f9547-g6fwd,1739492086,99516416
checkoutservice,checkoutservice-85dd8f9547-g6fwd,1739492386,99151872
checkoutservice,checkoutservice-85dd8f9547-g6fwd,1739492686,99516416
checkoutservice,checkoutservice-85dd8f9547-g6fwd,1739492986,99454976
checkoutservice,checkoutservice-85dd8f9547-g6fwd,1739493286,99631104
checkoutservice,checkoutservice-85dd8f9547-g6fwd,1739493586,99983360
checkoutservice,checkoutservice-85dd8f9547-g6fwd,1739493886,99516416
checkoutservice,checkoutservice-85dd8f9547-g6fwd,1739494186,99545088
checkoutservice,checkoutservice-85dd8f9547-g6fwd,1739494486,99708928
checkoutservice,checkoutservice-85dd8f9547-g6fwd,1739494786,99954688
checkoutservice,checkoutservice-85dd8f9547-g6fwd,1739495086,100384768
checkoutservice,checkoutservice-85dd8f9547-g6fwd,1739495386,100024320
checkoutservice,checkoutservice-85dd8f9547-g6fwd,1739495686,99983360
checkoutservice,checkoutservice-85dd8f9547-g6fwd,1739495986,99876864
checkoutservice,checkoutservice-85dd8f9547-g6fwd,1739496286,99303424
checkoutservice,checkoutservice-85dd8f9547-g6fwd,1739496586,98836480
checkoutservice,checkoutservice-85dd8f9547-g6fwd,1739496886,98996224
checkoutservice,checkoutservice-85dd8f9547-g6fwd,1739497186,98750464
checkoutservice,checkoutservice-85dd8f9547-g6fwd,1739497486,99000320
checkoutservice,checkoutservice-85dd8f9547-g6fwd,1739497786,99348480
checkoutservice,checkoutservice-85dd8f9547-g6fwd,1739498086,99311616
checkoutservice,checkoutservice-85dd8f9547-g6fwd,1739498386,99090432
checkoutservice,checkoutservice-85dd8f9547-g6fwd,1739498686,98930688
checkoutservice,checkoutservice-85dd8f9547-g6fwd,1739498986,98889728
checkoutservice,checkoutservice-85dd8f9547-g6fwd,1739499286,99037184
checkoutservice,checkoutservice-85dd8f9547-g6fwd,1739499586,99217408
checkoutservice,checkoutservice-85dd8f9547-g6fwd,1739499886,99274752
checkoutservice,checkoutservice-85dd8f9547-g6fwd,1739500186,99024896
checkoutservice,checkoutservice-85dd8f9547-g6fwd,1739500486,99225600
checkoutservice,checkoutservice-85dd8f9547-g6fwd,1739500786,99299328
checkoutservice,checkoutservice-85dd8f9547-g6fwd,1739501086,99119104
checkoutservice,checkoutservice-85dd8f9547-g6fwd,1739501386,99151872
checkoutservice,checkoutservice-85dd8f9547-g6fwd,1739501686,99160064
checkoutservice,checkoutservice-85dd8f9547-g6fwd,1739501986,100892672
checkoutservice,checkoutservice-85dd8f9547-g6fwd,1739502286,100085760
checkoutservice,checkoutservice-85dd8f9547-g6fwd,1739502586,98791424
checkoutservice,checkoutservice-85dd8f9547-g6fwd,1739502886,98545664
checkoutservice,checkoutservice-85dd8f9547-g6fwd,1739503186,99254272
checkoutservice,checkoutservice-85dd8f9547-g6fwd,1739503486,98684928
checkoutservice,checkoutservice-85dd8f9547-g6fwd,1739503786,98701312
checkoutservice,checkoutservice-85dd8f9547-g6fwd,1739504086,99782656
checkoutservice,checkoutservice-85dd8f9547-g6fwd,1739504386,99491840
checkoutservice,checkoutservice-85dd8f9547-g6fwd,1739504686,99364864
checkoutservice,checkoutservice-85dd8f9547-g6fwd,1739504986,100065280
checkoutservice,checkoutservice-85dd8f9547-g6fwd,1739505286,100052992
checkoutservice,checkoutservice-85dd8f9547-g6fwd,1739505586,100245504
checkoutservice,checkoutservice-85dd8f9547-g6fwd,1739505886,100401152
checkoutservice,checkoutservice-85dd8f9547-g6fwd,1739506186,100016128
checkoutservice,checkoutservice-85dd8f9547-g6fwd,1739506486,100257792
checkoutservice,checkoutservice-85dd8f9547-g6fwd,1739506786,100134912
checkoutservice,checkoutservice-85dd8f9547-g6fwd,1739507086,100200448
checkoutservice,checkoutservice-85dd8f9547-g6fwd,1739507386,100544512
checkoutservice,checkoutservice-85dd8f9547-g6fwd,1739507686,100466688
checkoutservice,checkoutservice-85dd8f9547-g6fwd,1739507986,100077568
checkoutservice,checkoutservice-85dd8f9547-g6fwd,1739508286,100204544
checkoutservice,checkoutservice-85dd8f9547-g6fwd,1739508586,100167680
checkoutservice,checkoutservice-85dd8f9547-g6fwd,1739508886,100208640
checkoutservice,checkoutservice-85dd8f9547-g6fwd,1739509186,99983360
checkoutservice,checkoutservice-85dd8f9547-g6fwd,1739509486,98897920
checkoutservice,checkoutservice-85dd8f9547-g6fwd,1739509786,99053568
checkoutservice,checkoutservice-85dd8f9547-g6fwd,1739510086,99160064
checkoutservice,checkoutservice-85dd8f9547-g6fwd,1739510386,99241984
checkoutservice,checkoutservice-85dd8f9547-g6fwd,1739510686,99004416
checkoutservice,checkoutservice-85dd8f9547-g6fwd,1739510986,99770368
checkoutservice,checkoutservice-85dd8f9547-g6fwd,1739511286,100667392
checkoutservice,checkoutservice-85dd8f9547-g6fwd,1739511586,100265984
checkoutservice,checkoutservice-85dd8f9547-g6fwd,1739511886,101208064
checkoutservice,checkoutservice-85dd8f9547-g6fwd,1739512186,100347904
checkoutservice,checkoutservice-85dd8f9547-g6fwd,1739512486,100675584
checkoutservice,checkoutservice-85dd8f9547-g6fwd,1739512786,100167680
checkoutservice,checkoutservice-85dd8f9547-g6fwd,1739513086,100548608
checkoutservice,checkoutservice-85dd8f9547-g6fwd,1739513386,100569088
checkoutservice,checkoutservice-85dd8f9547-g6fwd,1739513686,100491264
checkoutservice,checkoutservice-85dd8f9547-g6fwd,1739513986,100790272
checkoutservice,checkoutservice-85dd8f9547-g6fwd,1739514286,100364288
checkoutservice,checkoutservice-85dd8f9547-g6fwd,1739514586,101232640
checkoutservice,checkoutservice-85dd8f9547-g6fwd,1739514886,101089280
checkoutservice,checkoutservice-85dd8f9547-g6fwd,1739515186,101167104
checkoutservice,checkoutservice-85dd8f9547-g6fwd,1739515486,101089280
checkoutservice,checkoutservice-85dd8f9547-g6fwd,1739515786,101158912
checkoutservice,checkoutservice-85dd8f9547-g6fwd,1739516086,100474880
checkoutservice,checkoutservice-85dd8f9547-g6fwd,1739516386,101122048
checkoutservice,checkoutservice-85dd8f9547-g6fwd,1739516686,101367808
checkoutservice,checkoutservice-85dd8f9547-g6fwd,1739516986,99713024
checkoutservice,checkoutservice-85dd8f9547-g6fwd,1739517286,100048896
checkoutservice,checkoutservice-85dd8f9547-g6fwd,1739517586,99799040
checkoutservice,checkoutservice-85dd8f9547-g6fwd,1739517886,99991552
checkoutservice,checkoutservice-85dd8f9547-g6fwd,1739518186,99729408
checkoutservice,checkoutservice-85dd8f9547-g6fwd,1739518486,99766272
checkoutservice,checkoutservice-85dd8f9547-g6fwd,1739518786,99545088
checkoutservice,checkoutservice-85dd8f9547-g6fwd,1739519086,99876864
checkoutservice,checkoutservice-85dd8f9547-g6fwd,1739519386,99450880
checkoutservice,checkoutservice-85dd8f9547-g6fwd,1739519686,100749312
checkoutservice,checkoutservice-85dd8f9547-g6fwd,1739519986,100859904
checkoutservice,checkoutservice-85dd8f9547-g6fwd,1739520286,100122624
checkoutservice,checkoutservice-85dd8f9547-g6fwd,1739520586,100466688
checkoutservice,checkoutservice-85dd8f9547-g6fwd,1739520886,100823040
checkoutservice,checkoutservice-85dd8f9547-g6fwd,1739521186,100605952
checkoutservice,checkoutservice-85dd8f9547-g6fwd,1739521486,100597760
checkoutservice,checkoutservice-85dd8f9547-g6fwd,1739521786,100356096
checkoutservice,checkoutservice-85dd8f9547-g6fwd,1739522086,100569088
checkoutservice,checkoutservice-85dd8f9547-g6fwd,1739522386,100753408
checkoutservice,checkoutservice-85dd8f9547-g6fwd,1739522686,101076992
checkoutservice,checkoutservice-85dd8f9547-g6fwd,1739522986,100618240
checkoutservice,checkoutservice-85dd8f9547-g6fwd,1739523286,98721792
checkoutservice,checkoutservice-85dd8f9547-g6fwd,1739523586,99131392
checkoutservice,checkoutservice-85dd8f9547-g6fwd,1739523886,99348480
checkoutservice,checkoutservice-85dd8f9547-g6fwd,1739524186,100184064
checkoutservice,checkoutservice-85dd8f9547-g6fwd,1739524486,99647488
checkoutservice,checkoutservice-85dd8f9547-g6fwd,1739524786,99786752
checkoutservice,checkoutservice-85dd8f9547-g6fwd,1739525086,99532800
checkoutservice,checkoutservice-85dd8f9547-g6fwd,1739525386,100007936
checkoutservice,checkoutservice-85dd8f9547-g6fwd,1739525686,100343808
checkoutservice,checkoutservice-85dd8f9547-g6fwd,1739525986,100093952
checkoutservice,checkoutservice-85dd8f9547-g6fwd,1739526286,99901440
checkoutservice,checkoutservice-85dd8f9547-g6fwd,1739526586,100159488
checkoutservice,checkoutservice-85dd8f9547-g6fwd,1739526886,100417536
checkoutservice,checkoutservice-85dd8f9547-g6fwd,1739527186,100093952
checkoutservice,checkoutservice-85dd8f9547-g6fwd,1739527486,99905536
checkoutservice,checkoutservice-85dd8f9547-g6fwd,1739527786,100061184
checkoutservice,checkoutservice-85dd8f9547-g6fwd,1739528086,100405248
checkoutservice,checkoutservice-85dd8f9547-g6fwd,1739528386,100458496
checkoutservice,checkoutservice-85dd8f9547-g6fwd,1739528686,101175296
checkoutservice,checkoutservice-85dd8f9547-g6fwd,1739528986,100167680
checkoutservice,checkoutservice-85dd8f9547-g6fwd,1739529286,100339712
checkoutservice,checkoutservice-85dd8f9547-g6fwd,1739529586,100106240
checkoutservice,checkoutservice-85dd8f9547-g6fwd,1739529886,100388864
checkoutservice,checkoutservice-85dd8f9547-g6fwd,1739530186,100073472
checkoutservice,checkoutservice-85dd8f9547-g6fwd,1739530486,99401728
checkoutservice,checkoutservice-85dd8f9547-g6fwd,1739530786,98832384
checkoutservice,checkoutservice-85dd8f9547-g6fwd,1739531086,99217408
checkoutservice,checkoutservice-85dd8f9547-g6fwd,1739531386,99323904
checkoutservice,checkoutservice-85dd8f9547-g6fwd,1739531686,99512320
checkoutservice,checkoutservice-85dd8f9547-g6fwd,1739531986,99635200
checkoutservice,checkoutservice-85dd8f9547-g6fwd,1739532286,99520512
checkoutservice,checkoutservice-85dd8f9547-g6fwd,1739532586,99774464
checkoutservice,checkoutservice-85dd8f9547-g6fwd,1739532886,99667968
checkoutservice,checkoutservice-85dd8f9547-g6fwd,1739533186,99868672
checkoutservice,checkoutservice-85dd8f9547-g6fwd,1739533486,99115008
checkoutservice,checkoutservice-85dd8f9547-g6fwd,1739533786,99913728
checkoutservice,checkoutservice-85dd8f9547-g6fwd,1739534086,99954688
checkoutservice,checkoutservice-85dd8f9547-g6fwd,1739534386,100257792
checkoutservice,checkoutservice-85dd8f9547-g6fwd,1739534686,100200448
checkoutservice,checkoutservice-85dd8f9547-g6fwd,1739534986,100196352
checkoutservice,checkoutservice-85dd8f9547-g6fwd,1739535286,100384768
checkoutservice,checkoutservice-85dd8f9547-g6fwd,1739535586,100204544
checkoutservice,checkoutservice-85dd8f9547-g6fwd,1739535886,100466688
checkoutservice,checkoutservice-85dd8f9547-g6fwd,1739536186,100237312
checkoutservice,checkoutservice-85dd8f9547-g6fwd,1739536486,100274176
checkoutservice,checkoutservice-85dd8f9547-g6fwd,1739536786,100610048
checkoutservice,checkoutservice-85dd8f9547-g6fwd,1739537086,100646912
checkoutservice,checkoutservice-85dd8f9547-g6fwd,1739537386,98512896
checkoutservice,checkoutservice-85dd8f9547-g6fwd,1739537686,99491840
checkoutservice,checkoutservice-85dd8f9547-g6fwd,1739537986,99459072
checkoutservice,checkoutservice-85dd8f9547-g6fwd,1739538286,99586048
checkoutservice,checkoutservice-85dd8f9547-g6fwd,1739538586,99688448
checkoutservice,checkoutservice-85dd8f9547-g6fwd,1739538886,99344384
checkoutservice,checkoutservice-85dd8f9547-g6fwd,1739539186,99495936
checkoutservice,checkoutservice-85dd8f9547-g6fwd,1739539486,100007936
checkoutservice,checkoutservice-85dd8f9547-g6fwd,1739539786,99545088
checkoutservice,checkoutservice-85dd8f9547-g6fwd,1739540086,99516416
checkoutservice,checkoutservice-85dd8f9547-g6fwd,1739540386,99684352
checkoutservice,checkoutservice-85dd8f9547-g6fwd,1739540686,99557376
checkoutservice,checkoutservice-85dd8f9547-g6fwd,1739540986,99434496
checkoutservice,checkoutservice-85dd8f9547-g6fwd,1739541286,99983360
checkoutservice,checkoutservice-85dd8f9547-g6fwd,1739541586,102408192
checkoutservice,checkoutservice-85dd8f9547-g6fwd,1739541886,102031360
checkoutservice,checkoutservice-85dd8f9547-g6fwd,1739542186,101998592
checkoutservice,checkoutservice-85dd8f9547-g6fwd,1739542486,101785600
checkoutservice,checkoutservice-85dd8f9547-g6fwd,1739542786,102137856
checkoutservice,checkoutservice-85dd8f9547-g6fwd,1739543086,101888000
checkoutservice,checkoutservice-85dd8f9547-g6fwd,1739543386,102330368
checkoutservice,checkoutservice-85dd8f9547-g6fwd,1739543686,101158912
checkoutservice,checkoutservice-85dd8f9547-g6fwd,1739543986,102232064
checkoutservice,checkoutservice-85dd8f9547-g6fwd,1739544286,102670336
checkoutservice,checkoutservice-85dd8f9547-g6fwd,1739544586,100995072
checkoutservice,checkoutservice-85dd8f9547-g6fwd,1739544886,101113856
checkoutservice,checkoutservice-85dd8f9547-g6fwd,1739545186,101863424
checkoutservice,checkoutservice-85dd8f9547-g6fwd,1739545486,100933632
checkoutservice,checkoutservice-85dd8f9547-g6fwd,1739545786,101408768
checkoutservice,checkoutservice-85dd8f9547-g6fwd,1739546086,101216256
checkoutservice,checkoutservice-85dd8f9547-g6fwd,1739546386,101539840
checkoutservice,checkoutservice-85dd8f9547-g6fwd,1739546686,101404672
checkoutservice,checkoutservice-85dd8f9547-g6fwd,1739546986,102248448
checkoutservice,checkoutservice-85dd8f9547-g6fwd,1739547286,101781504
checkoutservice,checkoutservice-85dd8f9547-g6fwd,1739547586,102408192
checkoutservice,checkoutservice-85dd8f9547-g6fwd,1739547886,101736448
checkoutservice,checkoutservice-85dd8f9547-g6fwd,1739548186,101462016
checkoutservice,checkoutservice-85dd8f9547-g6fwd,1739548486,101724160
checkoutservice,checkoutservice-85dd8f9547-g6fwd,1739548786,101699584
checkoutservice,checkoutservice-85dd8f9547-g6fwd,1739549086,101838848
checkoutservice,checkoutservice-85dd8f9547-g6fwd,1739549386,103723008
checkoutservice,checkoutservice-85dd8f9547-g6fwd,1739549686,102400000
checkoutservice,checkoutservice-85dd8f9547-g6fwd,1739549986,102129664
checkoutservice,checkoutservice-85dd8f9547-g6fwd,1739550286,102055936
checkoutservice,checkoutservice-85dd8f9547-g6fwd,1739550586,101715968
checkoutservice,checkoutservice-85dd8f9547-g6fwd,1739550886,102076416
checkoutservice,checkoutservice-85dd8f9547-g6fwd,1739551186,101818368
checkoutservice,checkoutservice-85dd8f9547-g6fwd,1739551486,102084608
checkoutservice,checkoutservice-85dd8f9547-g6fwd,1739551786,102150144
checkoutservice,checkoutservice-85dd8f9547-g6fwd,1739552086,101134336
checkoutservice,checkoutservice-85dd8f9547-g6fwd,1739552386,100749312
checkoutservice,checkoutservice-85dd8f9547-g6fwd,1739552686,101228544
checkoutservice,checkoutservice-85dd8f9547-g6fwd,1739552986,101826560
checkoutservice,checkoutservice-85dd8f9547-g6fwd,1739553286,101908480
checkoutservice,checkoutservice-85dd8f9547-g6fwd,1739553586,102080512
checkoutservice,checkoutservice-85dd8f9547-g6fwd,1739553886,101883904
checkoutservice,checkoutservice-85dd8f9547-g6fwd,1739554186,102096896
checkoutservice,checkoutservice-85dd8f9547-g6fwd,1739554486,101720064
checkoutservice,checkoutservice-85dd8f9547-g6fwd,1739554786,101814272
checkoutservice,checkoutservice-85dd8f9547-g6fwd,1739555086,102039552
checkoutservice,checkoutservice-85dd8f9547-g6fwd,1739555386,102113280
checkoutservice,checkoutservice-85dd8f9547-g6fwd,1739555686,101953536
checkoutservice,checkoutservice-85dd8f9547-g6fwd,1739555986,102547456
checkoutservice,checkoutservice-85dd8f9547-g6fwd,1739556286,101822464
checkoutservice,checkoutservice-85dd8f9547-g6fwd,1739556586,102010880
checkoutservice,checkoutservice-85dd8f9547-g6fwd,1739556886,101920768
checkoutservice,checkoutservice-85dd8f9547-g6fwd,1739557186,101818368
checkoutservice,checkoutservice-85dd8f9547-g6fwd,1739557486,101945344
checkoutservice,checkoutservice-85dd8f9547-g6fwd,1739557786,102653952
checkoutservice,checkoutservice-85dd8f9547-g6fwd,1739558086,102219776
checkoutservice,checkoutservice-85dd8f9547-g6fwd,1739558386,102092800
checkoutservice,checkoutservice-85dd8f9547-g6fwd,1739558686,102297600
checkoutservice,checkoutservice-85dd8f9547-g6fwd,1739558986,102277120
checkoutservice,checkoutservice-85dd8f9547-g6fwd,1739559286,101806080
checkoutservice,checkoutservice-85dd8f9547-g6fwd,1739559586,101007360
checkoutservice,checkoutservice-85dd8f9547-g6fwd,1739559886,100835328
checkoutservice,checkoutservice-85dd8f9547-g6fwd,1739560186,100818944
checkoutservice,checkoutservice-85dd8f9547-g6fwd,1739560486,101101568
checkoutservice,checkoutservice-85dd8f9547-g6fwd,1739560786,101552128
checkoutservice,checkoutservice-85dd8f9547-g6fwd,1739561086,101498880
checkoutservice,checkoutservice-85dd8f9547-g6fwd,1739561386,101474304
checkoutservice,checkoutservice-85dd8f9547-g6fwd,1739561686,102313984
checkoutservice,checkoutservice-85dd8f9547-g6fwd,1739561986,101404672
checkoutservice,checkoutservice-85dd8f9547-g6fwd,1739562286,101617664
checkoutservice,checkoutservice-85dd8f9547-g6fwd,1739562586,101912576
checkoutservice,checkoutservice-85dd8f9547-g6fwd,1739562886,101609472
checkoutservice,checkoutservice-85dd8f9547-g6fwd,1739563186,101867520
checkoutservice,checkoutservice-85dd8f9547-g6fwd,1739563486,102899712
checkoutservice,checkoutservice-85dd8f9547-g6fwd,1739563786,101949440
checkoutservice,checkoutservice-85dd8f9547-g6fwd,1739564086,101765120
checkoutservice,checkoutservice-85dd8f9547-g6fwd,1739564386,102076416
checkoutservice,checkoutservice-85dd8f9547-g6fwd,1739564686,101556224
checkoutservice,checkoutservice-85dd8f9547-g6fwd,1739564986,94748672
checkoutservice,checkoutservice-85dd8f9547-g6fwd,1739565286,97849344
checkoutservice,checkoutservice-85dd8f9547-g6fwd,1739565586,97718272
checkoutservice,checkoutservice-85dd8f9547-g6fwd,1739565886,97853440
checkoutservice,checkoutservice-85dd8f9547-g6fwd,1739566186,97959936
checkoutservice,checkoutservice-85dd8f9547-g6fwd,1739566486,97787904
checkoutservice,checkoutservice-85dd8f9547-g6fwd,1739566786,97832960
checkoutservice,checkoutservice-85dd8f9547-g6fwd,1739567086,98267136
checkoutservice,checkoutservice-85dd8f9547-g6fwd,1739567386,97996800
checkoutservice,checkoutservice-85dd8f9547-g6fwd,1739567686,97988608
checkoutservice,checkoutservice-85dd8f9547-g6fwd,1739567986,97910784
checkoutservice,checkoutservice-85dd8f9547-g6fwd,1739568286,98013184
checkoutservice,checkoutservice-85dd8f9547-g6fwd,1739568586,97992704
checkoutservice,checkoutservice-85dd8f9547-g6fwd,1739568886,98144256
checkoutservice,checkoutservice-85dd8f9547-g6fwd,1739569186,97947648
checkoutservice,checkoutservice-85dd8f9547-g6fwd,1739569486,97824768
checkoutservice,checkoutservice-85dd8f9547-g6fwd,1739569786,98086912
checkoutservice,checkoutservice-85dd8f9547-g6fwd,1739570086,98181120
checkoutservice,checkoutservice-85dd8f9547-g6fwd,1739570386,98246656
checkoutservice,checkoutservice-85dd8f9547-g6fwd,1739570686,101400576
checkoutservice,checkoutservice-85dd8f9547-g6fwd,1739570986,101453824
checkoutservice,checkoutservice-85dd8f9547-g6fwd,1739571286,101322752
checkoutservice,checkoutservice-85dd8f9547-g6fwd,1739571586,101130240
checkoutservice,checkoutservice-85dd8f9547-g6fwd,1739571886,101249024
checkoutservice,checkoutservice-85dd8f9547-g6fwd,1739572186,101658624
checkoutservice,checkoutservice-85dd8f9547-g6fwd,1739572486,101384192
checkoutservice,checkoutservice-85dd8f9547-g6fwd,1739572786,101998592
checkoutservice,checkoutservice-85dd8f9547-g6fwd,1739573086,101646336
checkoutservice,checkoutservice-85dd8f9547-g6fwd,1739573386,101498880
checkoutservice,checkoutservice-85dd8f9547-g6fwd,1739573686,101687296
checkoutservice,checkoutservice-85dd8f9547-g6fwd,1739573986,101404672
checkoutservice,checkoutservice-85dd8f9547-g6fwd,1739574286,101744640
checkoutservice,checkoutservice-85dd8f9547-g6fwd,1739574586,102449152
checkoutservice,checkoutservice-85dd8f9547-g6fwd,1739574886,101666816
checkoutservice,checkoutservice-85dd8f9547-g6fwd,1739575186,101679104
checkoutservice,checkoutservice-85dd8f9547-g6fwd,1739575486,101744640
checkoutservice,checkoutservice-85dd8f9547-g6fwd,1739575786,100696064
checkoutservice,checkoutservice-85dd8f9547-g6fwd,1739576086,101105664
checkoutservice,checkoutservice-85dd8f9547-g6fwd,1739576386,101302272
checkoutservice,checkoutservice-85dd8f9547-g6fwd,1739576686,101359616
checkoutservice,checkoutservice-85dd8f9547-g6fwd,1739576986,101314560
checkoutservice,checkoutservice-85dd8f9547-g6fwd,1739577286,101076992
checkoutservice,checkoutservice-85dd8f9547-g6fwd,1739577586,101236736
checkoutservice,checkoutservice-85dd8f9547-g6fwd,1739577886,101232640
checkoutservice,checkoutservice-85dd8f9547-g6fwd,1739578186,101638144
checkoutservice,checkoutservice-85dd8f9547-g6fwd,1739578486,101208064
checkoutservice,checkoutservice-85dd8f9547-g6fwd,1739578786,101376000
checkoutservice,checkoutservice-85dd8f9547-g6fwd,1739579086,101498880
checkoutservice,checkoutservice-85dd8f9547-g6fwd,1739579386,101830656
checkoutservice,checkoutservice-85dd8f9547-g6fwd,1739579686,101658624
checkoutservice,checkoutservice-85dd8f9547-g6fwd,1739579986,101863424
checkoutservice,checkoutservice-85dd8f9547-g6fwd,1739580286,101769216
checkoutservice,checkoutservice-85dd8f9547-g6fwd,1739580586,101318656
checkoutservice,checkoutservice-85dd8f9547-g6fwd,1739580886,100823040
checkoutservice,checkoutservice-85dd8f9547-g6fwd,1739581186,101236736
checkoutservice,checkoutservice-85dd8f9547-g6fwd,1739581486,101457920
checkoutservice,checkoutservice-85dd8f9547-g6fwd,1739581786,101462016
checkoutservice,checkoutservice-85dd8f9547-g6fwd,1739582086,101695488
checkoutservice,checkoutservice-85dd8f9547-g6fwd,1739582386,101691392
checkoutservice,checkoutservice-85dd8f9547-g6fwd,1739582686,101548032
checkoutservice,checkoutservice-85dd8f9547-g6fwd,1739582986,101560320
checkoutservice,checkoutservice-85dd8f9547-g6fwd,1739583286,101548032
checkoutservice,checkoutservice-85dd8f9547-g6fwd,1739583586,101838848
checkoutservice,checkoutservice-85dd8f9547-g6fwd,1739583886,101851136
checkoutservice,checkoutservice-85dd8f9547-g6fwd,1739584186,101556224
checkoutservice,checkoutservice-85dd8f9547-g6fwd,1739584486,101822464
checkoutservice,checkoutservice-85dd8f9547-g6fwd,1739584786,101715968
checkoutservice,checkoutservice-85dd8f9547-g6fwd,1739585086,101568512
checkoutservice,checkoutservice-85dd8f9547-g6fwd,1739585386,101650432
checkoutservice,checkoutservice-85dd8f9547-g6fwd,1739585686,101539840
checkoutservice,checkoutservice-85dd8f9547-g6fwd,1739585986,101269504
checkoutservice,checkoutservice-85dd8f9547-g6fwd,1739586286,101621760
checkoutservice,checkoutservice-85dd8f9547-g6fwd,1739586586,101085184
checkoutservice,checkoutservice-85dd8f9547-g6fwd,1739586886,101122048
checkoutservice,checkoutservice-85dd8f9547-g6fwd,1739587186,100888576
checkoutservice,checkoutservice-85dd8f9547-g6fwd,1739587486,101220352
checkoutservice,checkoutservice-85dd8f9547-g6fwd,1739587786,101249024
checkoutservice,checkoutservice-85dd8f9547-g6fwd,1739588086,101253120
checkoutservice,checkoutservice-85dd8f9547-g6fwd,1739588386,100810752
checkoutservice,checkoutservice-85dd8f9547-g6fwd,1739588686,101355520
checkoutservice,checkoutservice-85dd8f9547-g6fwd,1739588986,101453824
checkoutservice,checkoutservice-85dd8f9547-g6fwd,1739589286,102043648
checkoutservice,checkoutservice-85dd8f9547-g6fwd,1739589586,102088704
checkoutservice,checkoutservice-85dd8f9547-g6fwd,1739589886,101490688
checkoutservice,checkoutservice-85dd8f9547-g6fwd,1739590186,101478400
checkoutservice,checkoutservice-85dd8f9547-g6fwd,1739590486,101892096
checkoutservice,checkoutservice-85dd8f9547-g6fwd,1739590786,101961728
checkoutservice,checkoutservice-85dd8f9547-g6fwd,1739591086,101912576
checkoutservice,checkoutservice-85dd8f9547-g6fwd,1739591386,102137856
checkoutservice,checkoutservice-85dd8f9547-g6fwd,1739591686,101711872
checkoutservice,checkoutservice-85dd8f9547-g6fwd,1739591986,101703680
checkoutservice,checkoutservice-85dd8f9547-g6fwd,1739592286,101556224
checkoutservice,checkoutservice-85dd8f9547-g6fwd,1739592586,101593088
checkoutservice,checkoutservice-85dd8f9547-g6fwd,1739592886,101445632
checkoutservice,checkoutservice-85dd8f9547-g6fwd,1739593186,101670912
checkoutservice,checkoutservice-85dd8f9547-g6fwd,1739593486,101683200
checkoutservice,checkoutservice-85dd8f9547-g6fwd,1739593786,101564416
checkoutservice,checkoutservice-85dd8f9547-g6fwd,1739594086,101543936
checkoutservice,checkoutservice-85dd8f9547-g6fwd,1739594386,102576128
checkoutservice,checkoutservice-85dd8f9547-g6fwd,1739594686,101797888
checkoutservice,checkoutservice-85dd8f9547-g6fwd,1739594986,102416384
checkoutservice,checkoutservice-85dd8f9547-g6fwd,1739595286,101986304
checkoutservice,checkoutservice-85dd8f9547-g6fwd,1739595586,102166528
checkoutservice,checkoutservice-85dd8f9547-g6fwd,1739595886,102105088
checkoutservice,checkoutservice-85dd8f9547-g6fwd,1739596186,102072320
checkoutservice,checkoutservice-85dd8f9547-g6fwd,1739596486,101613568
checkoutservice,checkoutservice-85dd8f9547-g6fwd,1739596786,102412288
checkoutservice,checkoutservice-85dd8f9547-g6fwd,1739597086,101724160
checkoutservice,checkoutservice-85dd8f9547-g6fwd,1739597386,101634048
checkoutservice,checkoutservice-85dd8f9547-g6fwd,1739597686,102150144
checkoutservice,checkoutservice-85dd8f9547-g6fwd,1739597986,101687296
checkoutservice,checkoutservice-85dd8f9547-g6fwd,1739598286,101875712
checkoutservice,checkoutservice-85dd8f9547-g6fwd,1739598586,102125568
checkoutservice,checkoutservice-85dd8f9547-g6fwd,1739598886,101912576
checkoutservice,checkoutservice-85dd8f9547-g6fwd,1739599186,101675008
checkoutservice,checkoutservice-85dd8f9547-g6fwd,1739599486,101634048
checkoutservice,checkoutservice-85dd8f9547-g6fwd,1739599786,102150144
checkoutservice,checkoutservice-85dd8f9547-g6fwd,1739600086,102649856
checkoutservice,checkoutservice-85dd8f9547-g6fwd,1739600386,102391808
checkoutservice,checkoutservice-85dd8f9547-g6fwd,1739600686,101961728
checkoutservice,checkoutservice-85dd8f9547-g6fwd,1739600986,101974016
checkoutservice,checkoutservice-85dd8f9547-g6fwd,1739601286,102617088
checkoutservice,checkoutservice-85dd8f9547-g6fwd,1739601586,102436864
checkoutservice,checkoutservice-85dd8f9547-g6fwd,1739601886,102592512
checkoutservice,checkoutservice-85dd8f9547-g6fwd,1739602186,102322176
checkoutservice,checkoutservice-85dd8f9547-g6fwd,1739602486,102834176
checkoutservice,checkoutservice-85dd8f9547-g6fwd,1739602786,101875712
checkoutservice,checkoutservice-85dd8f9547-g6fwd,1739603086,101900288
checkoutservice,checkoutservice-85dd8f9547-g6fwd,1739603386,101621760
checkoutservice,checkoutservice-85dd8f9547-g6fwd,1739603686,101638144
checkoutservice,checkoutservice-85dd8f9547-g6fwd,1739603986,101941248
checkoutservice,checkoutservice-85dd8f9547-g6fwd,1739604286,101613568
checkoutservice,checkoutservice-85dd8f9547-g6fwd,1739604586,101429248
checkoutservice,checkoutservice-85dd8f9547-g6fwd,1739604886,101720064
checkoutservice,checkoutservice-85dd8f9547-g6fwd,1739605186,101863424
checkoutservice,checkoutservice-85dd8f9547-g6fwd,1739605486,101908480
checkoutservice,checkoutservice-85dd8f9547-g6fwd,1739605786,103849984
checkoutservice,checkoutservice-85dd8f9547-g6fwd,1739606086,103669760
checkoutservice,checkoutservice-85dd8f9547-g6fwd,1739606386,103510016
checkoutservice,checkoutservice-85dd8f9547-g6fwd,1739606686,103616512
checkoutservice,checkoutservice-85dd8f9547-g6fwd,1739606986,103694336
checkoutservice,checkoutservice-85dd8f9547-g6fwd,1739607286,104071168
checkoutservice,checkoutservice-85dd8f9547-g6fwd,1739607586,105115648
checkoutservice,checkoutservice-85dd8f9547-g6fwd,1739607886,104054784
checkoutservice,checkoutservice-85dd8f9547-g6fwd,1739608186,103993344
checkoutservice,checkoutservice-85dd8f9547-g6fwd,1739608486,104013824
checkoutservice,checkoutservice-85dd8f9547-g6fwd,1739608786,104239104
checkoutservice,checkoutservice-85dd8f9547-g6fwd,1739609086,103940096
checkoutservice,checkoutservice-85dd8f9547-g6fwd,1739609386,103976960
checkoutservice,checkoutservice-85dd8f9547-g6fwd,1739609686,103739392
checkoutservice,checkoutservice-85dd8f9547-g6fwd,1739609986,104222720
checkoutservice,checkoutservice-85dd8f9547-g6fwd,1739610286,103682048
checkoutservice,checkoutservice-85dd8f9547-g6fwd,1739610586,104046592
checkoutservice,checkoutservice-85dd8f9547-g6fwd,1739610886,104083456
checkoutservice,checkoutservice-85dd8f9547-g6fwd,1739611186,104960000
checkoutservice,checkoutservice-85dd8f9547-g6fwd,1739611486,104230912
checkoutservice,checkoutservice-85dd8f9547-g6fwd,1739611786,104022016
checkoutservice,checkoutservice-85dd8f9547-g6fwd,1739612086,104402944
checkoutservice,checkoutservice-85dd8f9547-g6fwd,1739612386,104054784
checkoutservice,checkoutservice-85dd8f9547-g6fwd,1739612686,104198144
checkoutservice,checkoutservice-85dd8f9547-g6fwd,1739612986,104157184
checkoutservice,checkoutservice-85dd8f9547-g6fwd,1739613286,104202240
checkoutservice,checkoutservice-85dd8f9547-g6fwd,1739613586,104079360
checkoutservice,checkoutservice-85dd8f9547-g6fwd,1739613886,103890944
checkoutservice,checkoutservice-85dd8f9547-g6fwd,1739614186,103493632
checkoutservice,checkoutservice-85dd8f9547-g6fwd,1739614486,103800832
checkoutservice,checkoutservice-85dd8f9547-g6fwd,1739614786,104214528
checkoutservice,checkoutservice-85dd8f9547-g6fwd,1739615086,103731200
checkoutservice,checkoutservice-85dd8f9547-g6fwd,1739615386,103784448
checkoutservice,checkoutservice-85dd8f9547-g6fwd,1739615686,103813120
checkoutservice,checkoutservice-85dd8f9547-g6fwd,1739615986,103837696
checkoutservice,checkoutservice-85dd8f9547-g6fwd,1739616286,103985152
checkoutservice,checkoutservice-85dd8f9547-g6fwd,1739616586,103919616
checkoutservice,checkoutservice-85dd8f9547-g6fwd,1739616886,104226816
checkoutservice,checkoutservice-85dd8f9547-g6fwd,1739617186,103849984
checkoutservice,checkoutservice-85dd8f9547-g6fwd,1739617486,103841792
checkoutservice,checkoutservice-85dd8f9547-g6fwd,1739617786,103612416
checkoutservice,checkoutservice-85dd8f9547-g6fwd,1739618086,104566784
checkoutservice,checkoutservice-85dd8f9547-g6fwd,1739618386,104747008
checkoutservice,checkoutservice-85dd8f9547-g6fwd,1739618686,104873984
checkoutservice,checkoutservice-85dd8f9547-g6fwd,1739618986,104660992
checkoutservice,checkoutservice-85dd8f9547-g6fwd,1739619286,104796160
checkoutservice,checkoutservice-85dd8f9547-g6fwd,1739619586,105025536
checkoutservice,checkoutservice-85dd8f9547-g6fwd,1739619886,103542784
checkoutservice,checkoutservice-85dd8f9547-g6fwd,1739620186,103407616
checkoutservice,checkoutservice-85dd8f9547-g6fwd,1739620486,103587840
checkoutservice,checkoutservice-85dd8f9547-g6fwd,1739620786,103473152
checkoutservice,checkoutservice-85dd8f9547-g6fwd,1739621086,103833600
checkoutservice,checkoutservice-85dd8f9547-g6fwd,1739621386,104271872
checkoutservice,checkoutservice-85dd8f9547-g6fwd,1739621686,104259584
checkoutservice,checkoutservice-85dd8f9547-g6fwd,1739621986,104075264
checkoutservice,checkoutservice-85dd8f9547-g6fwd,1739622286,103694336
checkoutservice,checkoutservice-85dd8f9547-g6fwd,1739622586,104722432
checkoutservice,checkoutservice-85dd8f9547-g6fwd,1739622886,104488960
checkoutservice,checkoutservice-85dd8f9547-g6fwd,1739623186,104042496
checkoutservice,checkoutservice-85dd8f9547-g6fwd,1739623486,104423424
checkoutservice,checkoutservice-85dd8f9547-g6fwd,1739623786,104112128
checkoutservice,checkoutservice-85dd8f9547-g6fwd,1739624086,104099840
checkoutservice,checkoutservice-85dd8f9547-g6fwd,1739624386,104284160
checkoutservice,checkoutservice-85dd8f9547-g6fwd,1739624686,104632320
checkoutservice,checkoutservice-85dd8f9547-g6fwd,1739624986,105369600
checkoutservice,checkoutservice-85dd8f9547-g6fwd,1739625286,104460288
checkoutservice,checkoutservice-85dd8f9547-g6fwd,1739625586,103997440
checkoutservice,checkoutservice-85dd8f9547-g6fwd,1739625886,103809024
checkoutservice,checkoutservice-85dd8f9547-g6fwd,1739626186,103862272
checkoutservice,checkoutservice-85dd8f9547-g6fwd,1739626486,103849984
checkoutservice,checkoutservice-85dd8f9547-g6fwd,1739626786,103845888
checkoutservice,checkoutservice-85dd8f9547-g6fwd,1739627086,103886848
checkoutservice,checkoutservice-85dd8f9547-g6fwd,1739627386,103735296
checkoutservice,checkoutservice-85dd8f9547-g6fwd,1739627686,103845888
checkoutservice,checkoutservice-85dd8f9547-g6fwd,1739627986,103919616
checkoutservice,checkoutservice-85dd8f9547-g6fwd,1739628286,104022016
checkoutservice,checkoutservice-85dd8f9547-g6fwd,1739628586,104161280
checkoutservice,checkoutservice-85dd8f9547-g6fwd,1739628886,103907328
checkoutservice,checkoutservice-85dd8f9547-g6fwd,1739629186,107257856
checkoutservice,checkoutservice-85dd8f9547-g6fwd,1739629486,104398848
checkoutservice,checkoutservice-85dd8f9547-g6fwd,1739629786,104701952
checkoutservice,checkoutservice-85dd8f9547-g6fwd,1739630086,104247296
checkoutservice,checkoutservice-85dd8f9547-g6fwd,1739630386,104382464
checkoutservice,checkoutservice-85dd8f9547-g6fwd,1739630686,104136704
checkoutservice,checkoutservice-85dd8f9547-g6fwd,1739630986,104341504
checkoutservice,checkoutservice-85dd8f9547-g6fwd,1739631286,103768064
checkoutservice,checkoutservice-85dd8f9547-g6fwd,1739631586,103247872
checkoutservice,checkoutservice-85dd8f9547-g6fwd,1739631886,103297024
checkoutservice,checkoutservice-85dd8f9547-g6fwd,1739632186,103817216
checkoutservice,checkoutservice-85dd8f9547-g6fwd,1739632486,104054784
checkoutservice,checkoutservice-85dd8f9547-g6fwd,1739632786,103976960
checkoutservice,checkoutservice-85dd8f9547-g6fwd,1739633086,104120320
checkoutservice,checkoutservice-85dd8f9547-g6fwd,1739633386,103858176
checkoutservice,checkoutservice-85dd8f9547-g6fwd,1739633686,104054784
checkoutservice,checkoutservice-85dd8f9547-g6fwd,1739633986,104194048
checkoutservice,checkoutservice-85dd8f9547-g6fwd,1739634286,104112128
checkoutservice,checkoutservice-85dd8f9547-g6fwd,1739634586,104472576
checkoutservice,checkoutservice-85dd8f9547-g6fwd,1739634886,104161280
checkoutservice,checkoutservice-85dd8f9547-g6fwd,1739635186,103915520
checkoutservice,checkoutservice-85dd8f9547-g6fwd,1739635486,105234432
checkoutservice,checkoutservice-85dd8f9547-g6fwd,1739635786,104853504
checkoutservice,checkoutservice-85dd8f9547-g6fwd,1739636086,104042496
checkoutservice,checkoutservice-85dd8f9547-g6fwd,1739636386,104202240
checkoutservice,checkoutservice-85dd8f9547-g6fwd,1739636686,103940096
checkoutservice,checkoutservice-85dd8f9547-g6fwd,1739636986,103981056
checkoutservice,checkoutservice-85dd8f9547-g6fwd,1739637286,104030208
checkoutservice,checkoutservice-85dd8f9547-g6fwd,1739637586,103919616
checkoutservice,checkoutservice-85dd8f9547-g6fwd,1739637886,104161280
checkoutservice,checkoutservice-85dd8f9547-g6fwd,1739638186,103350272
checkoutservice,checkoutservice-85dd8f9547-g6fwd,1739638486,103264256
checkoutservice,checkoutservice-85dd8f9547-g6fwd,1739638786,103550976
checkoutservice,checkoutservice-85dd8f9547-g6fwd,1739639086,103690240
checkoutservice,checkoutservice-85dd8f9547-g6fwd,1739639386,103690240
checkoutservice,checkoutservice-85dd8f9547-g6fwd,1739639686,103608320
checkoutservice,checkoutservice-85dd8f9547-g6fwd,1739639986,104194048
checkoutservice,checkoutservice-85dd8f9547-g6fwd,1739640286,103813120
checkoutservice,checkoutservice-85dd8f9547-g6fwd,1739640586,103972864
checkoutservice,checkoutservice-85dd8f9547-g6fwd,1739640886,103796736
checkoutservice,checkoutservice-85dd8f9547-g6fwd,1739641186,104153088
checkoutservice,checkoutservice-85dd8f9547-g6fwd,1739641486,104226816
checkoutservice,checkoutservice-85dd8f9547-g6fwd,1739641786,104337408
checkoutservice,checkoutservice-85dd8f9547-g6fwd,1739642086,103948288
checkoutservice,checkoutservice-85dd8f9547-g6fwd,1739642386,104013824
checkoutservice,checkoutservice-85dd8f9547-g6fwd,1739642686,103927808
checkoutservice,checkoutservice-85dd8f9547-g6fwd,1739642986,104177664
checkoutservice,checkoutservice-85dd8f9547-g6fwd,1739643286,104448000
checkoutservice,checkoutservice-85dd8f9547-g6fwd,1739643586,104267776
checkoutservice,checkoutservice-85dd8f9547-g6fwd,1739643886,104091648
checkoutservice,checkoutservice-85dd8f9547-g6fwd,1739644186,103784448
checkoutservice,checkoutservice-85dd8f9547-g6fwd,1739644486,103366656
checkoutservice,checkoutservice-85dd8f9547-g6fwd,1739644786,103395328
checkoutservice,checkoutservice-85dd8f9547-g6fwd,1739645086,103407616
checkoutservice,checkoutservice-85dd8f9547-g6fwd,1739645386,103530496
checkoutservice,checkoutservice-85dd8f9547-g6fwd,1739645686,103636992
checkoutservice,checkoutservice-85dd8f9547-g6fwd,1739645986,105222144
checkoutservice,checkoutservice-85dd8f9547-g6fwd,1739646286,104792064
checkoutservice,checkoutservice-85dd8f9547-g6fwd,1739646586,104300544
checkoutservice,checkoutservice-85dd8f9547-g6fwd,1739646886,104165376
checkoutservice,checkoutservice-85dd8f9547-g6fwd,1739647186,105074688
checkoutservice,checkoutservice-85dd8f9547-g6fwd,1739647486,104177664
checkoutservice,checkoutservice-85dd8f9547-g6fwd,1739647786,104534016
checkoutservice,checkoutservice-85dd8f9547-g6fwd,1739648086,104812544
checkoutservice,checkoutservice-85dd8f9547-g6fwd,1739648386,104132608
checkoutservice,checkoutservice-85dd8f9547-g6fwd,1739648686,104361984
checkoutservice,checkoutservice-85dd8f9547-g6fwd,1739648986,104468480
checkoutservice,checkoutservice-85dd8f9547-g6fwd,1739649286,104775680
checkoutservice,checkoutservice-85dd8f9547-g6fwd,1739649586,92065792
checkoutservice,checkoutservice-85dd8f9547-g6fwd,1739649886,91934720
checkoutservice,checkoutservice-85dd8f9547-g6fwd,1739650186,94810112
checkoutservice,checkoutservice-85dd8f9547-g6fwd,1739650486,94785536
checkoutservice,checkoutservice-85dd8f9547-g6fwd,1739650786,93560832
checkoutservice,checkoutservice-85dd8f9547-g6fwd,1739651086,93995008
checkoutservice,checkoutservice-85dd8f9547-g6fwd,1739651386,94011392
checkoutservice,checkoutservice-85dd8f9547-g6fwd,1739651686,95072256
checkoutservice,checkoutservice-85dd8f9547-g6fwd,1739651986,94113792
checkoutservice,checkoutservice-85dd8f9547-g6fwd,1739652286,94699520
checkoutservice,checkoutservice-85dd8f9547-g6fwd,1739652586,94334976
checkoutservice,checkoutservice-85dd8f9547-g6fwd,1739652886,94699520
checkoutservice,checkoutservice-85dd8f9547-g6fwd,1739653186,94613504
checkoutservice,checkoutservice-85dd8f9547-g6fwd,1739653486,94822400
checkoutservice,checkoutservice-85dd8f9547-g6fwd,1739653786,94048256
checkoutservice,checkoutservice-85dd8f9547-g6fwd,1739654086,95678464
checkoutservice,checkoutservice-85dd8f9547-g6fwd,1739654386,96927744
checkoutservice,checkoutservice-85dd8f9547-g6fwd,1739654686,96440320
checkoutservice,checkoutservice-85dd8f9547-g6fwd,1739654986,96342016
checkoutservice,checkoutservice-85dd8f9547-g6fwd,1739655286,96256000
checkoutservice,checkoutservice-85dd8f9547-g6fwd,1739655586,96632832
checkoutservice,checkoutservice-85dd8f9547-g6fwd,1739655886,96571392
checkoutservice,checkoutservice-85dd8f9547-g6fwd,1739656186,96186368
checkoutservice,checkoutservice-85dd8f9547-g6fwd,1739656486,97435648
checkoutservice,checkoutservice-85dd8f9547-g6fwd,1739656786,96948224
checkoutservice,checkoutservice-85dd8f9547-g6fwd,1739657086,95928320
checkoutservice,checkoutservice-85dd8f9547-g6fwd,1739657386,96395264
checkoutservice,checkoutservice-85dd8f9547-g6fwd,1739657686,96043008
checkoutservice,checkoutservice-85dd8f9547-g6fwd,1739657986,96489472
checkoutservice,checkoutservice-85dd8f9547-g6fwd,1739658286,96813056
checkoutservice,checkoutservice-85dd8f9547-g6fwd,1739658586,96620544
checkoutservice,checkoutservice-85dd8f9547-g6fwd,1739658886,96759808
checkoutservice,checkoutservice-85dd8f9547-g6fwd,1739659186,97005568
checkoutservice,checkoutservice-85dd8f9547-g6fwd,1739659486,96456704
checkoutservice,checkoutservice-85dd8f9547-g6fwd,1739659786,96968704
checkoutservice,checkoutservice-85dd8f9547-g6fwd,1739660086,96997376
checkoutservice,checkoutservice-85dd8f9547-g6fwd,1739660386,95764480
checkoutservice,checkoutservice-85dd8f9547-g6fwd,1739660686,96104448
checkoutservice,checkoutservice-85dd8f9547-g6fwd,1739660986,96780288
checkoutservice,checkoutservice-85dd8f9547-g6fwd,1739661286,96546816
checkoutservice,checkoutservice-85dd8f9547-g6fwd,1739661586,96587776
checkoutservice,checkoutservice-85dd8f9547-g6fwd,1739661886,96772096
checkoutservice,checkoutservice-85dd8f9547-g6fwd,1739662186,96985088
checkoutservice,checkoutservice-85dd8f9547-g6fwd,1739662486,97128448
checkoutservice,checkoutservice-85dd8f9547-g6fwd,1739662786,97095680
checkoutservice,checkoutservice-85dd8f9547-g6fwd,1739663086,96849920
checkoutservice,checkoutservice-85dd8f9547-g6fwd,1739663386,96968704
checkoutservice,checkoutservice-85dd8f9547-g6fwd,1739663686,96620544
checkoutservice,checkoutservice-85dd8f9547-g6fwd,1739663986,96747520
checkoutservice,checkoutservice-85dd8f9547-g6fwd,1739664286,97161216
checkoutservice,checkoutservice-85dd8f9547-g6fwd,1739664586,96997376
checkoutservice,checkoutservice-85dd8f9547-g6fwd,1739664886,97140736
checkoutservice,checkoutservice-85dd8f9547-g6fwd,1739665186,97062912
checkoutservice,checkoutservice-85dd8f9547-g6fwd,1739665486,96907264
checkoutservice,checkoutservice-85dd8f9547-g6fwd,1739665786,96997376
checkoutservice,checkoutservice-85dd8f9547-g6fwd,1739666086,97275904
checkoutservice,checkoutservice-85dd8f9547-g6fwd,1739666386,97411072
checkoutservice,checkoutservice-85dd8f9547-g6fwd,1739666686,96411648
checkoutservice,checkoutservice-85dd8f9547-g6fwd,1739666986,97542144
checkoutservice,checkoutservice-85dd8f9547-g6fwd,1739667286,96731136
checkoutservice,checkoutservice-85dd8f9547-g6fwd,1739667586,96919552
checkoutservice,checkoutservice-85dd8f9547-g6fwd,1739667886,97243136
checkoutservice,checkoutservice-85dd8f9547-g6fwd,1739668186,97234944
checkoutservice,checkoutservice-85dd8f9547-g6fwd,1739668486,97329152
checkoutservice,checkoutservice-85dd8f9547-g6fwd,1739668786,97427456
checkoutservice,checkoutservice-85dd8f9547-g6fwd,1739669086,97353728
checkoutservice,checkoutservice-85dd8f9547-g6fwd,1739669386,97034240
checkoutservice,checkoutservice-85dd8f9547-g6fwd,1739669686,97329152
checkoutservice,checkoutservice-85dd8f9547-g6fwd,1739669986,96542720
checkoutservice,checkoutservice-85dd8f9547-g6fwd,1739670286,96550912
checkoutservice,checkoutservice-85dd8f9547-g6fwd,1739670586,96972800
checkoutservice,checkoutservice-85dd8f9547-g6fwd,1739670886,97013760
checkoutservice,checkoutservice-85dd8f9547-g6fwd,1739671186,97095680
checkoutservice,checkoutservice-85dd8f9547-g6fwd,1739671486,96772096
checkoutservice,checkoutservice-85dd8f9547-g6fwd,1739671786,96776192
checkoutservice,checkoutservice-85dd8f9547-g6fwd,1739672086,97288192
checkoutservice,checkoutservice-85dd8f9547-g6fwd,1739672386,97513472
checkoutservice,checkoutservice-85dd8f9547-g6fwd,1739672686,97275904
checkoutservice,checkoutservice-85dd8f9547-g6fwd,1739672986,97378304
checkoutservice,checkoutservice-85dd8f9547-g6fwd,1739673286,97452032
checkoutservice,checkoutservice-85dd8f9547-g6fwd,1739673586,96227328
checkoutservice,checkoutservice-85dd8f9547-g6fwd,1739673886,96620544
checkoutservice,checkoutservice-85dd8f9547-g6fwd,1739674186,96849920
checkoutservice,checkoutservice-85dd8f9547-g6fwd,1739674486,96731136
checkoutservice,checkoutservice-85dd8f9547-g6fwd,1739674786,96882688
checkoutservice,checkoutservice-85dd8f9547-g6fwd,1739675086,97222656
checkoutservice,checkoutservice-85dd8f9547-g6fwd,1739675386,96985088
checkoutservice,checkoutservice-85dd8f9547-g6fwd,1739675686,97136640
checkoutservice,checkoutservice-85dd8f9547-g6fwd,1739675986,99409920
checkoutservice,checkoutservice-85dd8f9547-g6fwd,1739676286,99532800
checkoutservice,checkoutservice-85dd8f9547-g6fwd,1739676586,99524608
checkoutservice,checkoutservice-85dd8f9547-g6fwd,1739676886,99188736
checkoutservice,checkoutservice-85dd8f9547-g6fwd,1739677186,98775040
checkoutservice,checkoutservice-85dd8f9547-g6fwd,1739677486,98578432
checkoutservice,checkoutservice-85dd8f9547-g6fwd,1739677786,99446784
checkoutservice,checkoutservice-85dd8f9547-g6fwd,1739678086,99078144
checkoutservice,checkoutservice-85dd8f9547-g6fwd,1739678386,98959360
checkoutservice,checkoutservice-85dd8f9547-g6fwd,1739678686,98983936
checkoutservice,checkoutservice-85dd8f9547-g6fwd,1739678986,98770944
checkoutservice,checkoutservice-85dd8f9547-g6fwd,1739679286,99287040
checkoutservice,checkoutservice-85dd8f9547-g6fwd,1739679586,98951168
checkoutservice,checkoutservice-85dd8f9547-g6fwd,1739679886,99037184
checkoutservice,checkoutservice-85dd8f9547-g6fwd,1739680186,99086336
checkoutservice,checkoutservice-85dd8f9547-g6fwd,1739680486,99143680
checkoutservice,checkoutservice-85dd8f9547-g6fwd,1739680786,98463744
checkoutservice,checkoutservice-85dd8f9547-g6fwd,1739681086,98844672
checkoutservice,checkoutservice-85dd8f9547-g6fwd,1739681386,99082240
checkoutservice,checkoutservice-85dd8f9547-g6fwd,1739681686,98979840
checkoutservice,checkoutservice-85dd8f9547-g6fwd,1739681986,99037184
checkoutservice,checkoutservice-85dd8f9547-g6fwd,1739682286,98906112
checkoutservice,checkoutservice-85dd8f9547-g6fwd,1739682586,99287040
checkoutservice,checkoutservice-85dd8f9547-g6fwd,1739682886,99131392
checkoutservice,checkoutservice-85dd8f9547-g6fwd,1739683186,99295232
checkoutservice,checkoutservice-85dd8f9547-g6fwd,1739683486,99299328
checkoutservice,checkoutservice-85dd8f9547-g6fwd,1739683786,99635200
checkoutservice,checkoutservice-85dd8f9547-g6fwd,1739684086,99328000
checkoutservice,checkoutservice-85dd8f9547-g6fwd,1739684386,99254272
checkoutservice,checkoutservice-85dd8f9547-g6fwd,1739684686,99241984
checkoutservice,checkoutservice-85dd8f9547-g6fwd,1739684986,98467840
checkoutservice,checkoutservice-85dd8f9547-g6fwd,1739685286,99995648
checkoutservice,checkoutservice-85dd8f9547-g6fwd,1739685586,99364864
checkoutservice,checkoutservice-85dd8f9547-g6fwd,1739685886,99401728
checkoutservice,checkoutservice-85dd8f9547-g6fwd,1739686186,99561472
checkoutservice,checkoutservice-85dd8f9547-g6fwd,1739686486,99602432
checkoutservice,checkoutservice-85dd8f9547-g6fwd,1739686786,99450880
checkoutservice,checkoutservice-85dd8f9547-g6fwd,1739687086,99635200
checkoutservice,checkoutservice-85dd8f9547-g6fwd,1739687386,99893248
checkoutservice,checkoutservice-85dd8f9547-g6fwd,1739687686,98525184
checkoutservice,checkoutservice-85dd8f9547-g6fwd,1739687986,98795520
checkoutservice,checkoutservice-85dd8f9547-g6fwd,1739688286,98938880
checkoutservice,checkoutservice-85dd8f9547-g6fwd,1739688586,99270656
checkoutservice,checkoutservice-85dd8f9547-g6fwd,1739688886,98820096
checkoutservice,checkoutservice-85dd8f9547-g6fwd,1739689186,99250176
checkoutservice,checkoutservice-85dd8f9547-g6fwd,1739689486,99622912
checkoutservice,checkoutservice-85dd8f9547-g6fwd,1739689786,99590144
checkoutservice,checkoutservice-85dd8f9547-g6fwd,1739690086,100106240
checkoutservice,checkoutservice-85dd8f9547-g6fwd,1739690386,100966400
checkoutservice,checkoutservice-85dd8f9547-g6fwd,1739690686,100691968
checkoutservice,checkoutservice-85dd8f9547-g6fwd,1739690986,99667968
checkoutservice,checkoutservice-85dd8f9547-g6fwd,1739691286,99160064
checkoutservice,checkoutservice-85dd8f9547-g6fwd,1739691586,99028992
checkoutservice,checkoutservice-85dd8f9547-g6fwd,1739691886,99250176
checkoutservice,checkoutservice-85dd8f9547-g6fwd,1739692186,99278848
checkoutservice,checkoutservice-85dd8f9547-g6fwd,1739692486,99659776
checkoutservice,checkoutservice-85dd8f9547-g6fwd,1739692786,99667968
checkoutservice,checkoutservice-85dd8f9547-g6fwd,1739693086,99627008
checkoutservice,checkoutservice-85dd8f9547-g6fwd,1739693386,99561472
checkoutservice,checkoutservice-85dd8f9547-g6fwd,1739693686,99450880
checkoutservice,checkoutservice-85dd8f9547-g6fwd,1739693986,100155392
checkoutservice,checkoutservice-85dd8f9547-g6fwd,1739694286,99659776
checkoutservice,checkoutservice-85dd8f9547-g6fwd,1739694586,99835904
checkoutservice,checkoutservice-85dd8f9547-g6fwd,1739694886,98795520
checkoutservice,checkoutservice-85dd8f9547-g6fwd,1739695186,97423360
checkoutservice,checkoutservice-85dd8f9547-g6fwd,1739695486,97705984
checkoutservice,checkoutservice-85dd8f9547-g6fwd,1739695786,97746944
checkoutservice,checkoutservice-85dd8f9547-g6fwd,1739696086,95969280
checkoutservice,checkoutservice-85dd8f9547-g6fwd,1739696386,95825920
checkoutservice,checkoutservice-85dd8f9547-g6fwd,1739696686,96268288
checkoutservice,checkoutservice-85dd8f9547-g6fwd,1739696986,96194560
checkoutservice,checkoutservice-85dd8f9547-g6fwd,1739697286,95756288
checkoutservice,checkoutservice-85dd8f9547-g6fwd,1739697586,96194560
checkoutservice,checkoutservice-85dd8f9547-g6fwd,1739697886,96075776
checkoutservice,checkoutservice-85dd8f9547-g6fwd,1739698186,98287616
checkoutservice,checkoutservice-85dd8f9547-g6fwd,1739698486,98418688
checkoutservice,checkoutservice-85dd8f9547-g6fwd,1739698786,98447360
checkoutservice,checkoutservice-85dd8f9547-g6fwd,1739699086,98586624
checkoutservice,checkoutservice-85dd8f9547-g6fwd,1739699386,98357248
checkoutservice,checkoutservice-85dd8f9547-g6fwd,1739699686,98295808
checkoutservice,checkoutservice-85dd8f9547-g6fwd,1739699986,98439168
checkoutservice,checkoutservice-85dd8f9547-g6fwd,1739700286,98742272
checkoutservice,checkoutservice-85dd8f9547-g6fwd,1739700586,99184640
checkoutservice,checkoutservice-85dd8f9547-g6fwd,1739700886,99233792
checkoutservice,checkoutservice-85dd8f9547-g6fwd,1739701186,99479552
checkoutservice,checkoutservice-85dd8f9547-g6fwd,1739701486,99590144
checkoutservice,checkoutservice-85dd8f9547-g6fwd,1739701786,99401728
checkoutservice,checkoutservice-85dd8f9547-g6fwd,1739702086,99188736
checkoutservice,checkoutservice-85dd8f9547-g6fwd,1739702386,99319808
checkoutservice,checkoutservice-85dd8f9547-g6fwd,1739702686,99446784
checkoutservice,checkoutservice-85dd8f9547-g6fwd,1739702986,99209216
checkoutservice,checkoutservice-85dd8f9547-g6fwd,1739703286,99520512
checkoutservice,checkoutservice-85dd8f9547-g6fwd,1739703586,99049472
checkoutservice,checkoutservice-85dd8f9547-g6fwd,1739703886,99196928
checkoutservice,checkoutservice-85dd8f9547-g6fwd,1739704186,99684352
checkoutservice,checkoutservice-85dd8f9547-g6fwd,1739704486,99291136
checkoutservice,checkoutservice-85dd8f9547-g6fwd,1739704786,99299328
checkoutservice,checkoutservice-85dd8f9547-g6fwd,1739705086,99196928
checkoutservice,checkoutservice-85dd8f9547-g6fwd,1739705386,98627584
checkoutservice,checkoutservice-85dd8f9547-g6fwd,1739705686,98988032
checkoutservice,checkoutservice-85dd8f9547-g6fwd,1739705986,99221504
checkoutservice,checkoutservice-85dd8f9547-g6fwd,1739706286,98947072
checkoutservice,checkoutservice-85dd8f9547-g6fwd,1739706586,99086336
checkoutservice,checkoutservice-85dd8f9547-g6fwd,1739706886,99139584
checkoutservice,checkoutservice-85dd8f9547-g6fwd,1739707186,98914304
checkoutservice,checkoutservice-85dd8f9547-g6fwd,1739707486,99090432
checkoutservice,checkoutservice-85dd8f9547-g6fwd,1739707786,100016128
checkoutservice,checkoutservice-85dd8f9547-g6fwd,1739708086,100130816
checkoutservice,checkoutservice-85dd8f9547-g6fwd,1739708386,100892672
checkoutservice,checkoutservice-85dd8f9547-g6fwd,1739708686,104030208
checkoutservice,checkoutservice-85dd8f9547-g6fwd,1739708986,104579072
checkoutservice,checkoutservice-85dd8f9547-g6fwd,1739709286,101797888
checkoutservice,checkoutservice-85dd8f9547-g6fwd,1739709586,105377792
checkoutservice,checkoutservice-85dd8f9547-g6fwd,1739709886,105725952
checkoutservice,checkoutservice-85dd8f9547-g6fwd,1739710186,105832448
checkoutservice,checkoutservice-85dd8f9547-g6fwd,1739710486,105541632
checkoutservice,checkoutservice-85dd8f9547-g6fwd,1739710786,105771008
checkoutservice,checkoutservice-85dd8f9547-g6fwd,1739711086,106135552
checkoutservice,checkoutservice-85dd8f9547-g6fwd,1739711386,105984000
checkoutservice,checkoutservice-85dd8f9547-g6fwd,1739711686,105652224
checkoutservice,checkoutservice-85dd8f9547-g6fwd,1739711986,106311680
checkoutservice,checkoutservice-85dd8f9547-g6fwd,1739712286,106299392
checkoutservice,checkoutservice-85dd8f9547-g6fwd,1739712586,106385408
checkoutservice,checkoutservice-85dd8f9547-g6fwd,1739712886,107175936
checkoutservice,checkoutservice-85dd8f9547-g6fwd,1739713186,106369024
checkoutservice,checkoutservice-85dd8f9547-g6fwd,1739713486,106737664
checkoutservice,checkoutservice-85dd8f9547-g6fwd,1739713786,106893312
checkoutservice,checkoutservice-85dd8f9547-g6fwd,1739714086,107008000
checkoutservice,checkoutservice-85dd8f9547-g6fwd,1739714386,106487808
checkoutservice,checkoutservice-85dd8f9547-g6fwd,1739714686,106651648
checkoutservice,checkoutservice-85dd8f9547-g6fwd,1739714986,106930176
checkoutservice,checkoutservice-85dd8f9547-g6fwd,1739715286,105951232
checkoutservice,checkoutservice-85dd8f9547-g6fwd,1739715586,106369024
checkoutservice,checkoutservice-85dd8f9547-g6fwd,1739715886,106024960
checkoutservice,checkoutservice-85dd8f9547-g6fwd,1739716186,106323968
checkoutservice,checkoutservice-85dd8f9547-g6fwd,1739716486,107388928
checkoutservice,checkoutservice-85dd8f9547-g6fwd,1739716786,106676224
checkoutservice,checkoutservice-85dd8f9547-g6fwd,1739717086,106598400
checkoutservice,checkoutservice-85dd8f9547-g6fwd,1739717386,106713088
checkoutservice,checkoutservice-85dd8f9547-g6fwd,1739717686,107147264
checkoutservice,checkoutservice-85dd8f9547-g6fwd,1739717986,106758144
checkoutservice,checkoutservice-85dd8f9547-g6fwd,1739718286,106397696
checkoutservice,checkoutservice-85dd8f9547-g6fwd,1739718586,106397696
checkoutservice,checkoutservice-85dd8f9547-g6fwd,1739718886,106463232
checkoutservice,checkoutservice-85dd8f9547-g6fwd,1739719186,107368448
checkoutservice,checkoutservice-85dd8f9547-g6fwd,1739719486,106360832
checkoutservice,checkoutservice-85dd8f9547-g6fwd,1739719786,106360832
checkoutservice,checkoutservice-85dd8f9547-g6fwd,1739720086,106364928
checkoutservice,checkoutservice-85dd8f9547-g6fwd,1739720386,106573824
checkoutservice,checkoutservice-85dd8f9547-g6fwd,1739720686,106430464
checkoutservice,checkoutservice-85dd8f9547-g6fwd,1739720986,105713664
checkoutservice,checkoutservice-85dd8f9547-g6fwd,1739721286,106389504
checkoutservice,checkoutservice-85dd8f9547-g6fwd,1739721586,105918464
checkoutservice,checkoutservice-85dd8f9547-g6fwd,1739721886,106201088
checkoutservice,checkoutservice-85dd8f9547-g6fwd,1739722186,106729472
checkoutservice,checkoutservice-85dd8f9547-g6fwd,1739722486,106450944
checkoutservice,checkoutservice-85dd8f9547-g6fwd,1739722786,107331584
checkoutservice,checkoutservice-85dd8f9547-g6fwd,1739723086,106741760
checkoutservice,checkoutservice-85dd8f9547-g6fwd,1739723386,106713088
checkoutservice,checkoutservice-85dd8f9547-g6fwd,1739723686,106967040
checkoutservice,checkoutservice-85dd8f9547-g6fwd,1739723986,107175936
checkoutservice,checkoutservice-85dd8f9547-g6fwd,1739724286,107032576
checkoutservice,checkoutservice-85dd8f9547-g6fwd,1739724586,107356160
checkoutservice,checkoutservice-85dd8f9547-g6fwd,1739724886,107134976
checkoutservice,checkoutservice-85dd8f9547-g6fwd,1739725186,106876928
checkoutservice,checkoutservice-85dd8f9547-g6fwd,1739725486,108990464
checkoutservice,checkoutservice-85dd8f9547-g6fwd,1739725786,109580288
checkoutservice,checkoutservice-85dd8f9547-g6fwd,1739726086,109035520
checkoutservice,checkoutservice-85dd8f9547-g6fwd,1739726386,112353280
checkoutservice,checkoutservice-85dd8f9547-g6fwd,1739726686,110571520
checkoutservice,checkoutservice-85dd8f9547-g6fwd,1739726986,110800896
checkoutservice,checkoutservice-85dd8f9547-g6fwd,1739727286,111325184
checkoutservice,checkoutservice-85dd8f9547-g6fwd,1739727586,111611904
checkoutservice,checkoutservice-85dd8f9547-g6fwd,1739727886,111849472
checkoutservice,checkoutservice-85dd8f9547-g6fwd,1739728186,112488448
checkoutservice,checkoutservice-85dd8f9547-g6fwd,1739728486,112283648
checkoutservice,checkoutservice-85dd8f9547-g6fwd,1739728786,113041408
checkoutservice,checkoutservice-85dd8f9547-g6fwd,1739729086,112238592
checkoutservice,checkoutservice-85dd8f9547-g6fwd,1739729386,111792128
checkoutservice,checkoutservice-85dd8f9547-g6fwd,1739729686,112140288
checkoutservice,checkoutservice-85dd8f9547-g6fwd,1739729986,112189440
checkoutservice,checkoutservice-85dd8f9547-g6fwd,1739730286,112361472
checkoutservice,checkoutservice-85dd8f9547-g6fwd,1739730586,112340992
checkoutservice,checkoutservice-85dd8f9547-g6fwd,1739730886,112259072
checkoutservice,checkoutservice-85dd8f9547-g6fwd,1739731186,112029696
checkoutservice,checkoutservice-85dd8f9547-g6fwd,1739731486,112689152
checkoutservice,checkoutservice-85dd8f9547-g6fwd,1739731786,112795648
checkoutservice,checkoutservice-85dd8f9547-g6fwd,1739732086,112693248
checkoutservice,checkoutservice-85dd8f9547-g6fwd,1739732386,111964160
checkoutservice,checkoutservice-85dd8f9547-g6fwd,1739732686,113106944
checkoutservice,checkoutservice-85dd8f9547-g6fwd,1739732986,112099328
checkoutservice,checkoutservice-85dd8f9547-g6fwd,1739733286,111833088
checkoutservice,checkoutservice-85dd8f9547-g6fwd,1739733586,112586752
checkoutservice,checkoutservice-85dd8f9547-g6fwd,1739733886,112664576
checkoutservice,checkoutservice-85dd8f9547-g6fwd,1739734186,112193536
checkoutservice,checkoutservice-85dd8f9547-g6fwd,1739734486,111017984
checkoutservice,checkoutservice-85dd8f9547-g6fwd,1739734786,111181824
checkoutservice,checkoutservice-85dd8f9547-g6fwd,1739735086,111259648
checkoutservice,checkoutservice-85dd8f9547-g6fwd,1739735386,112103424
checkoutservice,checkoutservice-85dd8f9547-g6fwd,1739735686,112283648
checkoutservice,checkoutservice-85dd8f9547-g6fwd,1739735986,111263744
checkoutservice,checkoutservice-85dd8f9547-g6fwd,1739736286,111415296
checkoutservice,checkoutservice-85dd8f9547-g6fwd,1739736586,111693824
checkoutservice,checkoutservice-85dd8f9547-g6fwd,1739736886,111542272
checkoutservice,checkoutservice-85dd8f9547-g6fwd,1739737186,111988736
checkoutservice,checkoutservice-85dd8f9547-g6fwd,1739737486,112111616
checkoutservice,checkoutservice-85dd8f9547-g6fwd,1739737786,112517120
checkoutservice,checkoutservice-85dd8f9547-g6fwd,1739738086,111763456
checkoutservice,checkoutservice-85dd8f9547-g6fwd,1739738386,111538176
checkoutservice,checkoutservice-85dd8f9547-g6fwd,1739738686,111255552
checkoutservice,checkoutservice-85dd8f9547-g6fwd,1739738986,111702016
checkoutservice,checkoutservice-85dd8f9547-g6fwd,1739739286,111808512
checkoutservice,checkoutservice-85dd8f9547-g6fwd,1739739586,112148480
checkoutservice,checkoutservice-85dd8f9547-g6fwd,1739739886,111538176
checkoutservice,checkoutservice-85dd8f9547-g6fwd,1739740186,111185920
checkoutservice,checkoutservice-85dd8f9547-g6fwd,1739740486,111751168
checkoutservice,checkoutservice-85dd8f9547-g6fwd,1739740786,112590848
checkoutservice,checkoutservice-85dd8f9547-g6fwd,1739741086,111263744
checkoutservice,checkoutservice-85dd8f9547-g6fwd,1739741386,111083520
checkoutservice,checkoutservice-85dd8f9547-g6fwd,1739741686,111112192
checkoutservice,checkoutservice-85dd8f9547-g6fwd,1739741986,111423488
checkoutservice,checkoutservice-85dd8f9547-g6fwd,1739742286,111611904
checkoutservice,checkoutservice-85dd8f9547-g6fwd,1739742586,111575040
checkoutservice,checkoutservice-85dd8f9547-g6fwd,1739742886,111538176
checkoutservice,checkoutservice-85dd8f9547-g6fwd,1739743186,111153152
checkoutservice,checkoutservice-85dd8f9547-g6fwd,1739743486,111239168
checkoutservice,checkoutservice-85dd8f9547-g6fwd,1739743786,110813184
checkoutservice,checkoutservice-85dd8f9547-g6fwd,1739744086,111489024
checkoutservice,checkoutservice-85dd8f9547-g6fwd,1739744386,111792128
checkoutservice,checkoutservice-85dd8f9547-g6fwd,1739744686,110743552
checkoutservice,checkoutservice-85dd8f9547-g6fwd,1739744986,111026176
checkoutservice,checkoutservice-85dd8f9547-g6fwd,1739745286,110682112
checkoutservice,checkoutservice-85dd8f9547-g6fwd,1739745586,110559232
checkoutservice,checkoutservice-85dd8f9547-g6fwd,1739745886,110514176
checkoutservice,checkoutservice-85dd8f9547-g6fwd,1739746186,110493696
checkoutservice,checkoutservice-85dd8f9547-g6fwd,1739746486,110407680
checkoutservice,checkoutservice-85dd8f9547-g6fwd,1739746786,111144960
checkoutservice,checkoutservice-85dd8f9547-g6fwd,1739747086,112574464
checkoutservice,checkoutservice-85dd8f9547-g6fwd,1739747386,112742400
checkoutservice,checkoutservice-85dd8f9547-g6fwd,1739747686,110505984
checkoutservice,checkoutservice-85dd8f9547-g6fwd,1739747986,110780416
checkoutservice,checkoutservice-85dd8f9547-g6fwd,1739748286,110243840
checkoutservice,checkoutservice-85dd8f9547-g6fwd,1739748586,110206976
checkoutservice,checkoutservice-85dd8f9547-g6fwd,1739748886,110833664
checkoutservice,checkoutservice-85dd8f9547-g6fwd,1739749186,111292416
checkoutservice,checkoutservice-85dd8f9547-g6fwd,1739749486,112861184
checkoutservice,checkoutservice-85dd8f9547-g6fwd,1739749786,111673344
checkoutservice,checkoutservice-85dd8f9547-g6fwd,1739750086,112189440
checkoutservice,checkoutservice-85dd8f9547-g6fwd,1739750386,112427008
checkoutservice,checkoutservice-85dd8f9547-g6fwd,1739750686,112414720
checkoutservice,checkoutservice-85dd8f9547-g6fwd,1739750986,112779264
checkoutservice,checkoutservice-85dd8f9547-g6fwd,1739751286,112721920
checkoutservice,checkoutservice-85dd8f9547-g6fwd,1739751586,112693248
checkoutservice,checkoutservice-85dd8f9547-g6fwd,1739751886,112865280
checkoutservice,checkoutservice-85dd8f9547-g6fwd,1739752186,112816128
checkoutservice,checkoutservice-85dd8f9547-g6fwd,1739752486,112623616
checkoutservice,checkoutservice-85dd8f9547-g6fwd,1739752786,112439296
checkoutservice,checkoutservice-85dd8f9547-g6fwd,1739753086,113881088
checkoutservice,checkoutservice-85dd8f9547-g6fwd,1739753386,113737728
checkoutservice,checkoutservice-85dd8f9547-g6fwd,1739753686,113623040
checkoutservice,checkoutservice-85dd8f9547-g6fwd,1739753986,113618944
checkoutservice,checkoutservice-85dd8f9547-g6fwd,1739754286,113733632
checkoutservice,checkoutservice-85dd8f9547-g6fwd,1739754586,113774592
checkoutservice,checkoutservice-85dd8f9547-g6fwd,1739754886,114094080
checkoutservice,checkoutservice-85dd8f9547-g6fwd,1739755186,113991680
checkoutservice,checkoutservice-85dd8f9547-g6fwd,1739755486,114044928
checkoutservice,checkoutservice-85dd8f9547-g6fwd,1739755786,115957760
checkoutservice,checkoutservice-85dd8f9547-g6fwd,1739756086,112779264
checkoutservice,checkoutservice-85dd8f9547-g6fwd,1739756386,113053696
checkoutservice,checkoutservice-85dd8f9547-g6fwd,1739756686,113823744
checkoutservice,checkoutservice-85dd8f9547-g6fwd,1739756986,114085888
checkoutservice,checkoutservice-85dd8f9547-g6fwd,1739757286,114106368
checkoutservice,checkoutservice-85dd8f9547-g6fwd,1739757586,113774592
checkoutservice,checkoutservice-85dd8f9547-g6fwd,1739757886,113782784
checkoutservice,checkoutservice-85dd8f9547-g6fwd,1739758186,113844224
checkoutservice,checkoutservice-85dd8f9547-g6fwd,1739758486,113954816
checkoutservice,checkoutservice-85dd8f9547-g6fwd,1739758786,113987584
checkoutservice,checkoutservice-85dd8f9547-g6fwd,1739759086,113385472
checkoutservice,checkoutservice-85dd8f9547-g6fwd,1739759386,113778688
checkoutservice,checkoutservice-85dd8f9547-g6fwd,1739759686,114696192
checkoutservice,checkoutservice-85dd8f9547-g6fwd,1739759986,114749440
checkoutservice,checkoutservice-85dd8f9547-g6fwd,1739760286,115572736
checkoutservice,checkoutservice-85dd8f9547-g6fwd,1739760586,115425280
checkoutservice,checkoutservice-85dd8f9547-g6fwd,1739760886,114536448
checkoutservice,checkoutservice-85dd8f9547-g6fwd,1739761186,114470912
checkoutservice,checkoutservice-85dd8f9547-g6fwd,1739761486,114462720
checkoutservice,checkoutservice-85dd8f9547-g6fwd,1739761786,114368512
checkoutservice,checkoutservice-85dd8f9547-g6fwd,1739762086,114802688
checkoutservice,checkoutservice-85dd8f9547-g6fwd,1739762386,115036160
checkoutservice,checkoutservice-85dd8f9547-g6fwd,1739762686,114675712
checkoutservice,checkoutservice-85dd8f9547-g6fwd,1739762986,114421760
checkoutservice,checkoutservice-85dd8f9547-g6fwd,1739763286,115499008
checkoutservice,checkoutservice-85dd8f9547-g6fwd,1739763586,115720192
checkoutservice,checkoutservice-85dd8f9547-g6fwd,1739763886,115863552
checkoutservice,checkoutservice-85dd8f9547-g6fwd,1739764186,113037312
checkoutservice,checkoutservice-85dd8f9547-g6fwd,1739764486,113631232
checkoutservice,checkoutservice-85dd8f9547-g6fwd,1739764786,114733056
checkoutservice,checkoutservice-85dd8f9547-g6fwd,1739765086,114319360
checkoutservice,checkoutservice-85dd8f9547-g6fwd,1739765386,114737152
checkoutservice,checkoutservice-85dd8f9547-g6fwd,1739765686,114769920
checkoutservice,checkoutservice-85dd8f9547-g6fwd,1739765986,114823168
checkoutservice,checkoutservice-85dd8f9547-g6fwd,1739766286,114642944
checkoutservice,checkoutservice-85dd8f9547-g6fwd,1739766586,114778112
checkoutservice,checkoutservice-85dd8f9547-g6fwd,1739766886,115019776
checkoutservice,checkoutservice-85dd8f9547-g6fwd,1739767186,114839552
checkoutservice,checkoutservice-85dd8f9547-g6fwd,1739767486,115019776
checkoutservice,checkoutservice-85dd8f9547-g6fwd,1739767786,114839552
checkoutservice,checkoutservice-85dd8f9547-g6fwd,1739768086,115216384
checkoutservice,checkoutservice-85dd8f9547-g6fwd,1739768386,114802688
checkoutservice,checkoutservice-85dd8f9547-g6fwd,1739768686,115187712
checkoutservice,checkoutservice-85dd8f9547-g6fwd,1739768986,114405376
checkoutservice,checkoutservice-85dd8f9547-g6fwd,1739769286,114229248
checkoutservice,checkoutservice-85dd8f9547-g6fwd,1739769586,114425856
checkoutservice,checkoutservice-85dd8f9547-g6fwd,1739769886,114483200
checkoutservice,checkoutservice-85dd8f9547-g6fwd,1739770186,114872320
checkoutservice,checkoutservice-85dd8f9547-g6fwd,1739770486,115040256
checkoutservice,checkoutservice-85dd8f9547-g6fwd,1739770786,115290112
checkoutservice,checkoutservice-85dd8f9547-g6fwd,1739771086,115056640
checkoutservice,checkoutservice-85dd8f9547-g6fwd,1739771386,116068352
checkoutservice,checkoutservice-85dd8f9547-g6fwd,1739771686,115490816
checkoutservice,checkoutservice-85dd8f9547-g6fwd,1739771986,116711424
checkoutservice,checkoutservice-85dd8f9547-g6fwd,1739772286,115404800
checkoutservice,checkoutservice-85dd8f9547-g6fwd,1739772586,115478528
checkoutservice,checkoutservice-85dd8f9547-g6fwd,1739772886,114761728
checkoutservice,checkoutservice-85dd8f9547-g6fwd,1739773186,114900992
checkoutservice,checkoutservice-85dd8f9547-g6fwd,1739773486,114434048
checkoutservice,checkoutservice-85dd8f9547-g6fwd,1739773786,115941376
checkoutservice,checkoutservice-85dd8f9547-g6fwd,1739774086,115064832
checkoutservice,checkoutservice-85dd8f9547-g6fwd,1739774386,114606080
checkoutservice,checkoutservice-85dd8f9547-g6fwd,1739774686,115732480
checkoutservice,checkoutservice-85dd8f9547-g6fwd,1739774986,115744768
checkoutservice,checkoutservice-85dd8f9547-g6fwd,1739775286,115118080
checkoutservice,checkoutservice-85dd8f9547-g6fwd,1739775586,115093504
checkoutservice,checkoutservice-85dd8f9547-g6fwd,1739775886,116109312
checkoutservice,checkoutservice-85dd8f9547-g6fwd,1739776186,115646464
checkoutservice,checkoutservice-85dd8f9547-g6fwd,1739776486,116944896
checkoutservice,checkoutservice-85dd8f9547-g6fwd,1739776786,116981760
checkoutservice,checkoutservice-85dd8f9547-g6fwd,1739777086,116039680
checkoutservice,checkoutservice-85dd8f9547-g6fwd,1739777386,115687424
checkoutservice,checkoutservice-85dd8f9547-g6fwd,1739777686,114638848
checkoutservice,checkoutservice-85dd8f9547-g6fwd,1739777986,114724864
checkoutservice,checkoutservice-85dd8f9547-g6fwd,1739778286,115146752
checkoutservice,checkoutservice-85dd8f9547-g6fwd,1739778586,115146752
checkoutservice,checkoutservice-85dd8f9547-g6fwd,1739778886,115744768
checkoutservice,checkoutservice-85dd8f9547-g6fwd,1739779186,115527680
checkoutservice,checkoutservice-85dd8f9547-g6fwd,1739779486,115441664
checkoutservice,checkoutservice-85dd8f9547-g6fwd,1739779786,115802112
checkoutservice,checkoutservice-85dd8f9547-g6fwd,1739780086,116453376
checkoutservice,checkoutservice-85dd8f9547-g6fwd,1739780386,116166656
checkoutservice,checkoutservice-85dd8f9547-g6fwd,1739780686,115982336
checkoutservice,checkoutservice-85dd8f9547-g6fwd,1739780986,116576256
checkoutservice,checkoutservice-85dd8f9547-g6fwd,1739781286,116289536
checkoutservice,checkoutservice-85dd8f9547-g6fwd,1739781586,115388416
checkoutservice,checkoutservice-85dd8f9547-g6fwd,1739781886,116277248
checkoutservice,checkoutservice-85dd8f9547-g6fwd,1739782186,115806208
checkoutservice,checkoutservice-85dd8f9547-g6fwd,1739782486,115142656
checkoutservice,checkoutservice-85dd8f9547-g6fwd,1739782786,115707904
checkoutservice,checkoutservice-85dd8f9547-g6fwd,1739783086,115609600
checkoutservice,checkoutservice-85dd8f9547-g6fwd,1739783386,115539968
checkoutservice,checkoutservice-85dd8f9547-g6fwd,1739783686,114487296
checkoutservice,checkoutservice-85dd8f9547-g6fwd,1739783986,115654656
checkoutservice,checkoutservice-85dd8f9547-g6fwd,1739784286,115691520
checkoutservice,checkoutservice-85dd8f9547-g6fwd,1739784586,115671040
checkoutservice,checkoutservice-85dd8f9547-g6fwd,1739784886,116142080
checkoutservice,checkoutservice-85dd8f9547-g6fwd,1739785186,115920896
checkoutservice,checkoutservice-85dd8f9547-g6fwd,1739785486,116699136
checkoutservice,checkoutservice-85dd8f9547-g6fwd,1739785786,116207616
checkoutservice,checkoutservice-85dd8f9547-g6fwd,1739786086,116658176
checkoutservice,checkoutservice-85dd8f9547-g6fwd,1739786386,116117504
checkoutservice,checkoutservice-85dd8f9547-g6fwd,1739786686,116228096
checkoutservice,checkoutservice-85dd8f9547-g6fwd,1739786986,116322304
checkoutservice,checkoutservice-85dd8f9547-g6fwd,1739787286,116621312
checkoutservice,checkoutservice-85dd8f9547-g6fwd,1739787586,116269056
checkoutservice,checkoutservice-85dd8f9547-g6fwd,1739787886,116576256
checkoutservice,checkoutservice-85dd8f9547-g6fwd,1739788186,115884032
checkoutservice,checkoutservice-85dd8f9547-g6fwd,1739788486,116510720
checkoutservice,checkoutservice-85dd8f9547-g6fwd,1739788786,116047872
checkoutservice,checkoutservice-85dd8f9547-g6fwd,1739789086,116203520
checkoutservice,checkoutservice-85dd8f9547-g6fwd,1739789386,115490816
checkoutservice,checkoutservice-85dd8f9547-g6fwd,1739789686,115593216
checkoutservice,checkoutservice-85dd8f9547-g6fwd,1739789986,115326976
checkoutservice,checkoutservice-85dd8f9547-g6fwd,1739790286,115085312
checkoutservice,checkoutservice-85dd8f9547-g6fwd,1739790586,115429376
checkoutservice,checkoutservice-85dd8f9547-g6fwd,1739790886,115687424
checkoutservice,checkoutservice-85dd8f9547-g6fwd,1739791186,115425280
checkoutservice,checkoutservice-85dd8f9547-g6fwd,1739791486,115298304
checkoutservice,checkoutservice-85dd8f9547-g6fwd,1739791786,115138560
checkoutservice,checkoutservice-85dd8f9547-g6fwd,1739792086,115290112
checkoutservice,checkoutservice-85dd8f9547-g6fwd,1739792386,115404800
checkoutservice,checkoutservice-85dd8f9547-g6fwd,1739792686,115773440
checkoutservice,checkoutservice-85dd8f9547-g6fwd,1739792986,115576832
checkoutservice,checkoutservice-85dd8f9547-g6fwd,1739793286,115453952
checkoutservice,checkoutservice-85dd8f9547-g6fwd,1739793586,115347456
checkoutservice,checkoutservice-85dd8f9547-g6fwd,1739793886,114290688
checkoutservice,checkoutservice-85dd8f9547-g6fwd,1739794186,114515968
checkoutservice,checkoutservice-85dd8f9547-g6fwd,1739794486,114987008
checkoutservice,checkoutservice-85dd8f9547-g6fwd,1739794786,114921472
checkoutservice,checkoutservice-85dd8f9547-g6fwd,1739795086,114872320
checkoutservice,checkoutservice-85dd8f9547-g6fwd,1739795386,115220480
checkoutservice,checkoutservice-85dd8f9547-g6fwd,1739795686,114798592
checkoutservice,checkoutservice-85dd8f9547-g6fwd,1739795986,114388992
checkoutservice,checkoutservice-85dd8f9547-g6fwd,1739796286,114864128
checkoutservice,checkoutservice-85dd8f9547-g6fwd,1739796586,114561024
checkoutservice,checkoutservice-85dd8f9547-g6fwd,1739796886,105308160
checkoutservice,checkoutservice-85dd8f9547-g6fwd,1739797186,106479616
checkoutservice,checkoutservice-85dd8f9547-g6fwd,1739797486,107253760
checkoutservice,checkoutservice-85dd8f9547-g6fwd,1739797786,108785664
checkoutservice,checkoutservice-85dd8f9547-g6fwd,1739798086,108523520
checkoutservice,checkoutservice-85dd8f9547-g6fwd,1739798386,108244992
checkoutservice,checkoutservice-85dd8f9547-g6fwd,1739798686,108769280
checkoutservice,checkoutservice-85dd8f9547-g6fwd,1739798986,108740608
checkoutservice,checkoutservice-85dd8f9547-g6fwd,1739799286,108302336
checkoutservice,checkoutservice-85dd8f9547-g6fwd,1739799586,108507136
checkoutservice,checkoutservice-85dd8f9547-g6fwd,1739799886,108470272
checkoutservice,checkoutservice-85dd8f9547-g6fwd,1739800186,108564480
checkoutservice,checkoutservice-85dd8f9547-g6fwd,1739800486,108822528
checkoutservice,checkoutservice-85dd8f9547-g6fwd,1739800786,108666880
checkoutservice,checkoutservice-85dd8f9547-g6fwd,1739801086,109031424
checkoutservice,checkoutservice-85dd8f9547-g6fwd,1739801386,110010368
checkoutservice,checkoutservice-85dd8f9547-g6fwd,1739801686,109080576
checkoutservice,checkoutservice-85dd8f9547-g6fwd,1739801986,109281280
checkoutservice,checkoutservice-85dd8f9547-g6fwd,1739802286,109506560
checkoutservice,checkoutservice-85dd8f9547-g6fwd,1739802586,108924928
checkoutservice,checkoutservice-85dd8f9547-g6fwd,1739802886,109162496
checkoutservice,checkoutservice-85dd8f9547-g6fwd,1739803186,110354432
checkoutservice,checkoutservice-85dd8f9547-g6fwd,1739803486,109809664
checkoutservice,checkoutservice-85dd8f9547-g6fwd,1739803786,109764608
checkoutservice,checkoutservice-85dd8f9547-g6fwd,1739804086,110141440
checkoutservice,checkoutservice-85dd8f9547-g6fwd,1739804386,109801472
checkoutservice,checkoutservice-85dd8f9547-g6fwd,1739804686,109580288
checkoutservice,checkoutservice-85dd8f9547-g6fwd,1739804986,110587904
checkoutservice,checkoutservice-85dd8f9547-g6fwd,1739805286,110166016
checkoutservice,checkoutservice-85dd8f9547-g6fwd,1739805586,110067712
checkoutservice,checkoutservice-85dd8f9547-g6fwd,1739805886,109752320
checkoutservice,checkoutservice-85dd8f9547-g6fwd,1739806186,109817856
checkoutservice,checkoutservice-85dd8f9547-g6fwd,1739806486,110133248
checkoutservice,checkoutservice-85dd8f9547-g6fwd,1739806786,110706688
checkoutservice,checkoutservice-85dd8f9547-g6fwd,1739807086,110120960
checkoutservice,checkoutservice-85dd8f9547-g6fwd,1739807386,109891584
checkoutservice,checkoutservice-85dd8f9547-g6fwd,1739807686,110153728
checkoutservice,checkoutservice-85dd8f9547-g6fwd,1739807986,110231552
checkoutservice,checkoutservice-85dd8f9547-g6fwd,1739808286,110493696
checkoutservice,checkoutservice-85dd8f9547-g6fwd,1739808586,111079424
checkoutservice,checkoutservice-85dd8f9547-g6fwd,1739808886,110678016
checkoutservice,checkoutservice-85dd8f9547-g6fwd,1739809186,110780416
checkoutservice,checkoutservice-85dd8f9547-g6fwd,1739809486,110899200
checkoutservice,checkoutservice-85dd8f9547-g6fwd,1739809786,110780416
checkoutservice,checkoutservice-85dd8f9547-g6fwd,1739810086,110764032
checkoutservice,checkoutservice-85dd8f9547-g6fwd,1739810386,110940160
checkoutservice,checkoutservice-85dd8f9547-g6fwd,1739810686,110084096
checkoutservice,checkoutservice-85dd8f9547-g6fwd,1739810986,110178304
checkoutservice,checkoutservice-85dd8f9547-g6fwd,1739811286,110563328
checkoutservice,checkoutservice-85dd8f9547-g6fwd,1739811586,110657536
checkoutservice,checkoutservice-85dd8f9547-g6fwd,1739811886,109780992
checkoutservice,checkoutservice-85dd8f9547-g6fwd,1739812186,110096384
checkoutservice,checkoutservice-85dd8f9547-g6fwd,1739812486,110497792
checkoutservice,checkoutservice-85dd8f9547-g6fwd,1739812786,110075904
checkoutservice,checkoutservice-85dd8f9547-g6fwd,1739813086,112185344
checkoutservice,checkoutservice-85dd8f9547-g6fwd,1739813386,112513024
checkoutservice,checkoutservice-85dd8f9547-g6fwd,1739813686,111931392
checkoutservice,checkoutservice-85dd8f9547-g6fwd,1739813986,112939008
checkoutservice,checkoutservice-85dd8f9547-g6fwd,1739814286,112881664
checkoutservice,checkoutservice-85dd8f9547-g6fwd,1739814586,112574464
checkoutservice,checkoutservice-85dd8f9547-g6fwd,1739814886,112783360
checkoutservice,checkoutservice-85dd8f9547-g6fwd,1739815186,112734208
checkoutservice,checkoutservice-85dd8f9547-g6fwd,1739815486,112254976
checkoutservice,checkoutservice-85dd8f9547-g6fwd,1739815786,112623616
checkoutservice,checkoutservice-85dd8f9547-g6fwd,1739816086,111693824
checkoutservice,checkoutservice-85dd8f9547-g6fwd,1739816386,111931392
checkoutservice,checkoutservice-85dd8f9547-g6fwd,1739816686,111210496
checkoutservice,checkoutservice-85dd8f9547-g6fwd,1739816986,111845376
checkoutservice,checkoutservice-85dd8f9547-g6fwd,1739817286,111718400
checkoutservice,checkoutservice-85dd8f9547-g6fwd,1739817586,112791552
checkoutservice,checkoutservice-85dd8f9547-g6fwd,1739817886,112689152
checkoutservice,checkoutservice-85dd8f9547-g6fwd,1739818186,112746496
checkoutservice,checkoutservice-85dd8f9547-g6fwd,1739818486,111054848
checkoutservice,checkoutservice-85dd8f9547-g6fwd,1739818786,111185920
checkoutservice,checkoutservice-85dd8f9547-g6fwd,1739819086,112218112
checkoutservice,checkoutservice-85dd8f9547-g6fwd,1739819386,111345664
checkoutservice,checkoutservice-85dd8f9547-g6fwd,1739819686,111558656
checkoutservice,checkoutservice-85dd8f9547-g6fwd,1739819986,111976448
checkoutservice,checkoutservice-85dd8f9547-g6fwd,1739820286,112136192
checkoutservice,checkoutservice-85dd8f9547-g6fwd,1739820586,112025600
checkoutservice,checkoutservice-85dd8f9547-g6fwd,1739820886,112558080
checkoutservice,checkoutservice-85dd8f9547-g6fwd,1739821186,112332800
checkoutservice,checkoutservice-85dd8f9547-g6fwd,1739821486,112029696
checkoutservice,checkoutservice-85dd8f9547-g6fwd,1739821786,112164864
checkoutservice,checkoutservice-85dd8f9547-g6fwd,1739822086,112070656
checkoutservice,checkoutservice-85dd8f9547-g6fwd,1739822386,111972352
checkoutservice,checkoutservice-85dd8f9547-g6fwd,1739822686,112242688
checkoutservice,checkoutservice-85dd8f9547-g6fwd,1739822986,112885760
checkoutservice,checkoutservice-85dd8f9547-g6fwd,1739823286,112988160
checkoutservice,checkoutservice-85dd8f9547-g6fwd,1739823586,112025600
checkoutservice,checkoutservice-85dd8f9547-g6fwd,1739823886,112238592
checkoutservice,checkoutservice-85dd8f9547-g6fwd,1739824186,111927296
checkoutservice,checkoutservice-85dd8f9547-g6fwd,1739824486,111996928
checkoutservice,checkoutservice-85dd8f9547-g6fwd,1739824786,112300032
checkoutservice,checkoutservice-85dd8f9547-g6fwd,1739825086,111931392
checkoutservice,checkoutservice-85dd8f9547-g6fwd,1739825386,112787456
checkoutservice,checkoutservice-85dd8f9547-g6fwd,1739825686,112369664
checkoutservice,checkoutservice-85dd8f9547-g6fwd,1739825986,112095232
checkoutservice,checkoutservice-85dd8f9547-g6fwd,1739826286,112664576
checkoutservice,checkoutservice-85dd8f9547-g6fwd,1739826586,112193536
checkoutservice,checkoutservice-85dd8f9547-g6fwd,1739826886,99618816
checkoutservice,checkoutservice-85dd8f9547-g6fwd,1739827186,107323392
checkoutservice,checkoutservice-85dd8f9547-g6fwd,1739827486,107098112
checkoutservice,checkoutservice-85dd8f9547-g6fwd,1739827786,107343872
checkoutservice,checkoutservice-85dd8f9547-g6fwd,1739828086,107241472
checkoutservice,checkoutservice-85dd8f9547-g6fwd,1739828386,107675648
checkoutservice,checkoutservice-85dd8f9547-g6fwd,1739828686,108175360
checkoutservice,checkoutservice-85dd8f9547-g6fwd,1739828986,108335104
checkoutservice,checkoutservice-85dd8f9547-g6fwd,1739829286,109436928
checkoutservice,checkoutservice-85dd8f9547-g6fwd,1739829586,108421120
checkoutservice,checkoutservice-85dd8f9547-g6fwd,1739829886,108019712
checkoutservice,checkoutservice-85dd8f9547-g6fwd,1739830186,108019712
checkoutservice,checkoutservice-85dd8f9547-g6fwd,1739830486,108462080
checkoutservice,checkoutservice-85dd8f9547-g6fwd,1739830786,108920832
checkoutservice,checkoutservice-85dd8f9547-g6fwd,1739831086,108961792
checkoutservice,checkoutservice-85dd8f9547-g6fwd,1739831386,109051904
cartservice,cartservice-578c7dc78d-c6bw7,1739543986,93528064
cartservice,cartservice-578c7dc78d-c6bw7,1739544286,61485056
cartservice,cartservice-578c7dc78d-c6bw7,1739544586,61583360
cartservice,cartservice-578c7dc78d-c6bw7,1739544886,61648896
cartservice,cartservice-578c7dc78d-c6bw7,1739545186,176693248
cartservice,cartservice-578c7dc78d-c6bw7,1739545486,61599744
cartservice,cartservice-578c7dc78d-c6bw7,1739545786,62025728
cartservice,cartservice-578c7dc78d-c6bw7,1739546086,62562304
cartservice,cartservice-578c7dc78d-c6bw7,1739546386,62488576
cartservice,cartservice-578c7dc78d-c6bw7,1739546686,62652416
cartservice,cartservice-578c7dc78d-c6bw7,1739546986,62668800
cartservice,cartservice-578c7dc78d-c6bw7,1739547286,64000000
cartservice,cartservice-578c7dc78d-c6bw7,1739547586,66256896
cartservice,cartservice-578c7dc78d-c6bw7,1739547886,64831488
cartservice,cartservice-578c7dc78d-c6bw7,1739548186,64884736
cartservice,cartservice-578c7dc78d-c6bw7,1739548486,65175552
cartservice,cartservice-578c7dc78d-c6bw7,1739548786,65171456
cartservice,cartservice-578c7dc78d-c6bw7,1739549086,66691072
cartservice,cartservice-578c7dc78d-c6bw7,1739549386,68423680
cartservice,cartservice-578c7dc78d-c6bw7,1739549686,67170304
cartservice,cartservice-578c7dc78d-c6bw7,1739549986,67051520
cartservice,cartservice-578c7dc78d-c6bw7,1739550286,67133440
cartservice,cartservice-578c7dc78d-c6bw7,1739550586,67903488
cartservice,cartservice-578c7dc78d-c6bw7,1739550886,67276800
cartservice,cartservice-578c7dc78d-c6bw7,1739551186,69939200
cartservice,cartservice-578c7dc78d-c6bw7,1739551486,67428352
cartservice,cartservice-578c7dc78d-c6bw7,1739551786,67588096
cartservice,cartservice-578c7dc78d-c6bw7,1739552086,67485696
cartservice,cartservice-578c7dc78d-c6bw7,1739552386,67485696
cartservice,cartservice-578c7dc78d-c6bw7,1739552686,67551232
cartservice,cartservice-578c7dc78d-c6bw7,1739552986,202792960
cartservice,cartservice-578c7dc78d-c6bw7,1739553286,202932224
cartservice,cartservice-578c7dc78d-c6bw7,1739553586,70053888
cartservice,cartservice-578c7dc78d-c6bw7,1739553886,68132864
cartservice,cartservice-578c7dc78d-c6bw7,1739554186,69177344
cartservice,cartservice-578c7dc78d-c6bw7,1739554486,68886528
cartservice,cartservice-578c7dc78d-c6bw7,1739554786,68255744
cartservice,cartservice-578c7dc78d-c6bw7,1739555086,70361088
cartservice,cartservice-578c7dc78d-c6bw7,1739555386,68751360
cartservice,cartservice-578c7dc78d-c6bw7,1739555686,68636672
cartservice,cartservice-578c7dc78d-c6bw7,1739555986,69935104
cartservice,cartservice-578c7dc78d-c6bw7,1739556286,68599808
cartservice,cartservice-578c7dc78d-c6bw7,1739556586,68734976
cartservice,cartservice-578c7dc78d-c6bw7,1739556886,70909952
cartservice,cartservice-578c7dc78d-c6bw7,1739557186,68931584
cartservice,cartservice-578c7dc78d-c6bw7,1739557486,69017600
cartservice,cartservice-578c7dc78d-c6bw7,1739557786,70287360
cartservice,cartservice-578c7dc78d-c6bw7,1739558086,69132288
cartservice,cartservice-578c7dc78d-c6bw7,1739558386,121229312
cartservice,cartservice-578c7dc78d-c6bw7,1739558686,71036928
cartservice,cartservice-578c7dc78d-c6bw7,1739558986,194285568
cartservice,cartservice-578c7dc78d-c6bw7,1739559286,70008832
cartservice,cartservice-578c7dc78d-c6bw7,1739559586,70762496
cartservice,cartservice-578c7dc78d-c6bw7,1739559886,69296128
cartservice,cartservice-578c7dc78d-c6bw7,1739560186,68919296
cartservice,cartservice-578c7dc78d-c6bw7,1739560486,123195392
cartservice,cartservice-578c7dc78d-c6bw7,1739560786,202121216
cartservice,cartservice-578c7dc78d-c6bw7,1739561086,70471680
cartservice,cartservice-578c7dc78d-c6bw7,1739561386,139898880
cartservice,cartservice-578c7dc78d-c6bw7,1739561686,196141056
cartservice,cartservice-578c7dc78d-c6bw7,1739561986,68272128
cartservice,cartservice-578c7dc78d-c6bw7,1739562286,69279744
cartservice,cartservice-578c7dc78d-c6bw7,1739562586,200306688
cartservice,cartservice-578c7dc78d-c6bw7,1739562886,70152192
cartservice,cartservice-578c7dc78d-c6bw7,1739563186,68608000
cartservice,cartservice-578c7dc78d-c6bw7,1739563486,68567040
cartservice,cartservice-578c7dc78d-c6bw7,1739563786,68665344
cartservice,cartservice-578c7dc78d-c6bw7,1739564086,70438912
cartservice,cartservice-578c7dc78d-c6bw7,1739564386,68763648
cartservice,cartservice-578c7dc78d-c6bw7,1739564686,68608000
cartservice,cartservice-578c7dc78d-c6bw7,1739564986,177311744
cartservice,cartservice-578c7dc78d-c6bw7,1739565286,195055616
cartservice,cartservice-578c7dc78d-c6bw7,1739565586,195391488
cartservice,cartservice-578c7dc78d-c6bw7,1739565886,195530752
cartservice,cartservice-578c7dc78d-c6bw7,1739566186,196689920
cartservice,cartservice-578c7dc78d-c6bw7,1739566486,198348800
cartservice,cartservice-578c7dc78d-c6bw7,1739566786,198713344
cartservice,cartservice-578c7dc78d-c6bw7,1739567086,199520256
cartservice,cartservice-578c7dc78d-c6bw7,1739567386,200310784
cartservice,cartservice-578c7dc78d-c6bw7,1739567686,200032256
cartservice,cartservice-578c7dc78d-c6bw7,1739567986,200118272
cartservice,cartservice-578c7dc78d-c6bw7,1739568286,200691712
cartservice,cartservice-578c7dc78d-c6bw7,1739568586,200396800
cartservice,cartservice-578c7dc78d-c6bw7,1739568886,191111168
cartservice,cartservice-578c7dc78d-c6bw7,1739569186,192684032
cartservice,cartservice-578c7dc78d-c6bw7,1739569486,195084288
cartservice,cartservice-578c7dc78d-c6bw7,1739569786,195538944
cartservice,cartservice-578c7dc78d-c6bw7,1739570086,195911680
cartservice,cartservice-578c7dc78d-c6bw7,1739570386,192008192
cartservice,cartservice-578c7dc78d-c6bw7,1739570686,193966080
cartservice,cartservice-578c7dc78d-c6bw7,1739570986,156868608
cartservice,cartservice-578c7dc78d-c6bw7,1739571286,196161536
cartservice,cartservice-578c7dc78d-c6bw7,1739571586,199958528
cartservice,cartservice-578c7dc78d-c6bw7,1739571886,200433664
cartservice,cartservice-578c7dc78d-c6bw7,1739572186,191647744
cartservice,cartservice-578c7dc78d-c6bw7,1739572486,196210688
cartservice,cartservice-578c7dc78d-c6bw7,1739572786,197099520
cartservice,cartservice-578c7dc78d-c6bw7,1739573086,196902912
cartservice,cartservice-578c7dc78d-c6bw7,1739573386,197943296
cartservice,cartservice-578c7dc78d-c6bw7,1739573686,198164480
cartservice,cartservice-578c7dc78d-c6bw7,1739573986,199225344
cartservice,cartservice-578c7dc78d-c6bw7,1739574286,200298496
cartservice,cartservice-578c7dc78d-c6bw7,1739574586,200867840
cartservice,cartservice-578c7dc78d-c6bw7,1739574886,201977856
cartservice,cartservice-578c7dc78d-c6bw7,1739575186,202838016
cartservice,cartservice-578c7dc78d-c6bw7,1739575486,202199040
cartservice,cartservice-578c7dc78d-c6bw7,1739575786,191836160
cartservice,cartservice-578c7dc78d-c6bw7,1739576086,196509696
cartservice,cartservice-578c7dc78d-c6bw7,1739576386,190291968
cartservice,cartservice-578c7dc78d-c6bw7,1739576686,194306048
cartservice,cartservice-578c7dc78d-c6bw7,1739576986,194609152
cartservice,cartservice-578c7dc78d-c6bw7,1739577286,195424256
cartservice,cartservice-578c7dc78d-c6bw7,1739577586,196403200
cartservice,cartservice-578c7dc78d-c6bw7,1739577886,190111744
cartservice,cartservice-578c7dc78d-c6bw7,1739578186,195440640
cartservice,cartservice-578c7dc78d-c6bw7,1739578486,195719168
cartservice,cartservice-578c7dc78d-c6bw7,1739578786,196407296
cartservice,cartservice-578c7dc78d-c6bw7,1739579086,196329472
cartservice,cartservice-578c7dc78d-c6bw7,1739579386,197074944
cartservice,cartservice-578c7dc78d-c6bw7,1739579686,197074944
cartservice,cartservice-578c7dc78d-c6bw7,1739579986,197361664
cartservice,cartservice-578c7dc78d-c6bw7,1739580286,198123520
cartservice,cartservice-578c7dc78d-c6bw7,1739580586,197947392
cartservice,cartservice-578c7dc78d-c6bw7,1739580886,198074368
cartservice,cartservice-578c7dc78d-c6bw7,1739581186,199110656
cartservice,cartservice-578c7dc78d-c6bw7,1739581486,198754304
cartservice,cartservice-578c7dc78d-c6bw7,1739581786,198799360
cartservice,cartservice-578c7dc78d-c6bw7,1739582086,198868992
cartservice,cartservice-578c7dc78d-c6bw7,1739582386,197091328
cartservice,cartservice-578c7dc78d-c6bw7,1739582686,198213632
cartservice,cartservice-578c7dc78d-c6bw7,1739582986,199548928
cartservice,cartservice-578c7dc78d-c6bw7,1739583286,199974912
cartservice,cartservice-578c7dc78d-c6bw7,1739583586,200257536
cartservice,cartservice-578c7dc78d-c6bw7,1739583886,200327168
cartservice,cartservice-578c7dc78d-c6bw7,1739584186,201342976
cartservice,cartservice-578c7dc78d-c6bw7,1739584486,201371648
cartservice,cartservice-578c7dc78d-c6bw7,1739584786,202022912
cartservice,cartservice-578c7dc78d-c6bw7,1739585086,202604544
cartservice,cartservice-578c7dc78d-c6bw7,1739585386,117841920
cartservice,cartservice-578c7dc78d-c6bw7,1739585686,68968448
cartservice,cartservice-578c7dc78d-c6bw7,1739585986,187719680
cartservice,cartservice-578c7dc78d-c6bw7,1739586286,193454080
cartservice,cartservice-578c7dc78d-c6bw7,1739586586,195342336
cartservice,cartservice-578c7dc78d-c6bw7,1739586886,195448832
cartservice,cartservice-578c7dc78d-c6bw7,1739587186,197083136
cartservice,cartservice-578c7dc78d-c6bw7,1739587486,196653056
cartservice,cartservice-578c7dc78d-c6bw7,1739587786,197779456
cartservice,cartservice-578c7dc78d-c6bw7,1739588086,198754304
cartservice,cartservice-578c7dc78d-c6bw7,1739588386,198590464
cartservice,cartservice-578c7dc78d-c6bw7,1739588686,137334784
cartservice,cartservice-578c7dc78d-c6bw7,1739588986,69079040
cartservice,cartservice-578c7dc78d-c6bw7,1739589286,186171392
cartservice,cartservice-578c7dc78d-c6bw7,1739589586,191299584
cartservice,cartservice-578c7dc78d-c6bw7,1739589886,191266816
cartservice,cartservice-578c7dc78d-c6bw7,1739590186,137994240
cartservice,cartservice-578c7dc78d-c6bw7,1739590486,69672960
cartservice,cartservice-578c7dc78d-c6bw7,1739590786,68661248
cartservice,cartservice-578c7dc78d-c6bw7,1739591086,141254656
cartservice,cartservice-578c7dc78d-c6bw7,1739591386,70676480
cartservice,cartservice-578c7dc78d-c6bw7,1739591686,131911680
cartservice,cartservice-578c7dc78d-c6bw7,1739591986,194641920
cartservice,cartservice-578c7dc78d-c6bw7,1739592286,199680000
cartservice,cartservice-578c7dc78d-c6bw7,1739592586,200364032
cartservice,cartservice-578c7dc78d-c6bw7,1739592886,200728576
cartservice,cartservice-578c7dc78d-c6bw7,1739593186,201084928
cartservice,cartservice-578c7dc78d-c6bw7,1739593486,197623808
cartservice,cartservice-578c7dc78d-c6bw7,1739593786,200261632
cartservice,cartservice-578c7dc78d-c6bw7,1739594086,198082560
cartservice,cartservice-578c7dc78d-c6bw7,1739594386,198299648
cartservice,cartservice-578c7dc78d-c6bw7,1739594686,198991872
cartservice,cartservice-578c7dc78d-c6bw7,1739594986,200261632
cartservice,cartservice-578c7dc78d-c6bw7,1739595286,200814592
cartservice,cartservice-578c7dc78d-c6bw7,1739595586,201052160
cartservice,cartservice-578c7dc78d-c6bw7,1739595886,191983616
cartservice,cartservice-578c7dc78d-c6bw7,1739596186,203706368
cartservice,cartservice-578c7dc78d-c6bw7,1739596486,68452352
cartservice,cartservice-578c7dc78d-c6bw7,1739596786,198291456
cartservice,cartservice-578c7dc78d-c6bw7,1739597086,69849088
cartservice,cartservice-578c7dc78d-c6bw7,1739597386,191401984
cartservice,cartservice-578c7dc78d-c6bw7,1739597686,199168000
cartservice,cartservice-578c7dc78d-c6bw7,1739597986,201027584
cartservice,cartservice-578c7dc78d-c6bw7,1739598286,200953856
cartservice,cartservice-578c7dc78d-c6bw7,1739598586,201809920
cartservice,cartservice-578c7dc78d-c6bw7,1739598886,202711040
cartservice,cartservice-578c7dc78d-c6bw7,1739599186,203313152
cartservice,cartservice-578c7dc78d-c6bw7,1739599486,201220096
cartservice,cartservice-578c7dc78d-c6bw7,1739599786,201986048
cartservice,cartservice-578c7dc78d-c6bw7,1739600086,202002432
cartservice,cartservice-578c7dc78d-c6bw7,1739600386,202080256
cartservice,cartservice-578c7dc78d-c6bw7,1739600686,118419456
cartservice,cartservice-578c7dc78d-c6bw7,1739600986,68730880
cartservice,cartservice-578c7dc78d-c6bw7,1739601286,182353920
cartservice,cartservice-578c7dc78d-c6bw7,1739601586,69873664
cartservice,cartservice-578c7dc78d-c6bw7,1739601886,193134592
cartservice,cartservice-578c7dc78d-c6bw7,1739602186,198885376
cartservice,cartservice-578c7dc78d-c6bw7,1739602486,201986048
cartservice,cartservice-578c7dc78d-c6bw7,1739602786,69697536
cartservice,cartservice-578c7dc78d-c6bw7,1739603086,70553600
cartservice,cartservice-578c7dc78d-c6bw7,1739603386,69054464
cartservice,cartservice-578c7dc78d-c6bw7,1739603686,68878336
cartservice,cartservice-578c7dc78d-c6bw7,1739603986,70606848
cartservice,cartservice-578c7dc78d-c6bw7,1739604286,70356992
cartservice,cartservice-578c7dc78d-c6bw7,1739604586,69353472
cartservice,cartservice-578c7dc78d-c6bw7,1739604886,68788224
cartservice,cartservice-578c7dc78d-c6bw7,1739605186,68435968
cartservice,cartservice-578c7dc78d-c6bw7,1739605486,68435968
cartservice,cartservice-578c7dc78d-c6bw7,1739605786,135917568
cartservice,cartservice-578c7dc78d-c6bw7,1739606086,68435968
cartservice,cartservice-578c7dc78d-c6bw7,1739606386,68440064
cartservice,cartservice-578c7dc78d-c6bw7,1739606686,68468736
cartservice,cartservice-578c7dc78d-c6bw7,1739606986,69935104
cartservice,cartservice-578c7dc78d-c6bw7,1739607286,68796416
cartservice,cartservice-578c7dc78d-c6bw7,1739607586,70369280
cartservice,cartservice-578c7dc78d-c6bw7,1739607886,68902912
cartservice,cartservice-578c7dc78d-c6bw7,1739608186,194678784
cartservice,cartservice-578c7dc78d-c6bw7,1739608486,204533760
cartservice,cartservice-578c7dc78d-c6bw7,1739608786,69283840
cartservice,cartservice-578c7dc78d-c6bw7,1739609086,70549504
cartservice,cartservice-578c7dc78d-c6bw7,1739609386,71073792
cartservice,cartservice-578c7dc78d-c6bw7,1739609686,69361664
cartservice,cartservice-578c7dc78d-c6bw7,1739609986,69738496
cartservice,cartservice-578c7dc78d-c6bw7,1739610286,69529600
cartservice,cartservice-578c7dc78d-c6bw7,1739610586,68435968
cartservice,cartservice-578c7dc78d-c6bw7,1739610886,68419584
cartservice,cartservice-578c7dc78d-c6bw7,1739611186,142118912
cartservice,cartservice-578c7dc78d-c6bw7,1739611486,68702208
cartservice,cartservice-578c7dc78d-c6bw7,1739611786,68575232
cartservice,cartservice-578c7dc78d-c6bw7,1739612086,68792320
cartservice,cartservice-578c7dc78d-c6bw7,1739612386,68894720
cartservice,cartservice-578c7dc78d-c6bw7,1739612686,68915200
cartservice,cartservice-578c7dc78d-c6bw7,1739612986,68923392
cartservice,cartservice-578c7dc78d-c6bw7,1739613286,72753152
cartservice,cartservice-578c7dc78d-c6bw7,1739613586,70942720
cartservice,cartservice-578c7dc78d-c6bw7,1739613886,71090176
cartservice,cartservice-578c7dc78d-c6bw7,1739614186,71176192
cartservice,cartservice-578c7dc78d-c6bw7,1739614486,71065600
cartservice,cartservice-578c7dc78d-c6bw7,1739614786,206757888
cartservice,cartservice-578c7dc78d-c6bw7,1739615086,71852032
cartservice,cartservice-578c7dc78d-c6bw7,1739615386,72470528
cartservice,cartservice-578c7dc78d-c6bw7,1739615686,71225344
cartservice,cartservice-578c7dc78d-c6bw7,1739615986,70565888
cartservice,cartservice-578c7dc78d-c6bw7,1739616286,70569984
cartservice,cartservice-578c7dc78d-c6bw7,1739616586,70549504
cartservice,cartservice-578c7dc78d-c6bw7,1739616886,70565888
cartservice,cartservice-578c7dc78d-c6bw7,1739617186,72101888
cartservice,cartservice-578c7dc78d-c6bw7,1739617486,70909952
cartservice,cartservice-578c7dc78d-c6bw7,1739617786,70885376
cartservice,cartservice-578c7dc78d-c6bw7,1739618086,70746112
cartservice,cartservice-578c7dc78d-c6bw7,1739618386,74334208
cartservice,cartservice-578c7dc78d-c6bw7,1739618686,73486336
cartservice,cartservice-578c7dc78d-c6bw7,1739618986,75046912
cartservice,cartservice-578c7dc78d-c6bw7,1739619286,73150464
cartservice,cartservice-578c7dc78d-c6bw7,1739619586,73170944
cartservice,cartservice-578c7dc78d-c6bw7,1739619886,73752576
cartservice,cartservice-578c7dc78d-c6bw7,1739620186,74973184
cartservice,cartservice-578c7dc78d-c6bw7,1739620486,122875904
cartservice,cartservice-578c7dc78d-c6bw7,1739620786,73220096
cartservice,cartservice-578c7dc78d-c6bw7,1739621086,73060352
cartservice,cartservice-578c7dc78d-c6bw7,1739621386,74121216
cartservice,cartservice-578c7dc78d-c6bw7,1739621686,74633216
cartservice,cartservice-578c7dc78d-c6bw7,1739621986,72704000
cartservice,cartservice-578c7dc78d-c6bw7,1739622286,72855552
cartservice,cartservice-578c7dc78d-c6bw7,1739622586,74702848
cartservice,cartservice-578c7dc78d-c6bw7,1739622886,130760704
cartservice,cartservice-578c7dc78d-c6bw7,1739623186,73154560
cartservice,cartservice-578c7dc78d-c6bw7,1739623486,73175040
cartservice,cartservice-578c7dc78d-c6bw7,1739623786,73310208
cartservice,cartservice-578c7dc78d-c6bw7,1739624086,75198464
cartservice,cartservice-578c7dc78d-c6bw7,1739624386,73478144
cartservice,cartservice-578c7dc78d-c6bw7,1739624686,74866688
cartservice,cartservice-578c7dc78d-c6bw7,1739624986,156651520
cartservice,cartservice-578c7dc78d-c6bw7,1739625286,73138176
cartservice,cartservice-578c7dc78d-c6bw7,1739625586,73342976
cartservice,cartservice-578c7dc78d-c6bw7,1739625886,75579392
cartservice,cartservice-578c7dc78d-c6bw7,1739626186,75235328
cartservice,cartservice-578c7dc78d-c6bw7,1739626486,74969088
cartservice,cartservice-578c7dc78d-c6bw7,1739626786,122535936
cartservice,cartservice-578c7dc78d-c6bw7,1739627086,73334784
cartservice,cartservice-578c7dc78d-c6bw7,1739627386,72851456
cartservice,cartservice-578c7dc78d-c6bw7,1739627686,72871936
cartservice,cartservice-578c7dc78d-c6bw7,1739627986,72876032
cartservice,cartservice-578c7dc78d-c6bw7,1739628286,74342400
cartservice,cartservice-578c7dc78d-c6bw7,1739628586,74817536
cartservice,cartservice-578c7dc78d-c6bw7,1739628886,73158656
cartservice,cartservice-578c7dc78d-c6bw7,1739629186,195653632
cartservice,cartservice-578c7dc78d-c6bw7,1739629486,73134080
cartservice,cartservice-578c7dc78d-c6bw7,1739629786,78024704
cartservice,cartservice-578c7dc78d-c6bw7,1739630086,79196160
cartservice,cartservice-578c7dc78d-c6bw7,1739630386,80449536
cartservice,cartservice-578c7dc78d-c6bw7,1739630686,79245312
cartservice,cartservice-578c7dc78d-c6bw7,1739630986,176046080
cartservice,cartservice-578c7dc78d-c6bw7,1739631286,77742080
cartservice,cartservice-578c7dc78d-c6bw7,1739631586,77574144
cartservice,cartservice-578c7dc78d-c6bw7,1739631886,77737984
cartservice,cartservice-578c7dc78d-c6bw7,1739632186,77627392
cartservice,cartservice-578c7dc78d-c6bw7,1739632486,77651968
cartservice,cartservice-578c7dc78d-c6bw7,1739632786,79282176
cartservice,cartservice-578c7dc78d-c6bw7,1739633086,76918784
cartservice,cartservice-578c7dc78d-c6bw7,1739633386,76914688
cartservice,cartservice-578c7dc78d-c6bw7,1739633686,78483456
cartservice,cartservice-578c7dc78d-c6bw7,1739633986,77078528
cartservice,cartservice-578c7dc78d-c6bw7,1739634286,76951552
cartservice,cartservice-578c7dc78d-c6bw7,1739634586,76951552
cartservice,cartservice-578c7dc78d-c6bw7,1739634886,78843904
cartservice,cartservice-578c7dc78d-c6bw7,1739635186,77586432
cartservice,cartservice-578c7dc78d-c6bw7,1739635486,209948672
cartservice,cartservice-578c7dc78d-c6bw7,1739635786,78594048
cartservice,cartservice-578c7dc78d-c6bw7,1739636086,79224832
cartservice,cartservice-578c7dc78d-c6bw7,1739636386,106614784
cartservice,cartservice-578c7dc78d-c6bw7,1739636686,77496320
cartservice,cartservice-578c7dc78d-c6bw7,1739636986,79400960
cartservice,cartservice-578c7dc78d-c6bw7,1739637286,77434880
cartservice,cartservice-578c7dc78d-c6bw7,1739637586,81321984
cartservice,cartservice-578c7dc78d-c6bw7,1739637886,81559552
cartservice,cartservice-578c7dc78d-c6bw7,1739638186,79650816
cartservice,cartservice-578c7dc78d-c6bw7,1739638486,82149376
cartservice,cartservice-578c7dc78d-c6bw7,1739638786,101146624
cartservice,cartservice-578c7dc78d-c6bw7,1739639086,79732736
cartservice,cartservice-578c7dc78d-c6bw7,1739639386,79753216
cartservice,cartservice-578c7dc78d-c6bw7,1739639686,79781888
cartservice,cartservice-578c7dc78d-c6bw7,1739639986,78921728
cartservice,cartservice-578c7dc78d-c6bw7,1739640286,80191488
cartservice,cartservice-578c7dc78d-c6bw7,1739640586,152223744
cartservice,cartservice-578c7dc78d-c6bw7,1739640886,79372288
cartservice,cartservice-578c7dc78d-c6bw7,1739641186,79196160
cartservice,cartservice-578c7dc78d-c6bw7,1739641486,80818176
cartservice,cartservice-578c7dc78d-c6bw7,1739641786,80576512
cartservice,cartservice-578c7dc78d-c6bw7,1739642086,152604672
cartservice,cartservice-578c7dc78d-c6bw7,1739642386,79224832
cartservice,cartservice-578c7dc78d-c6bw7,1739642686,79327232
cartservice,cartservice-578c7dc78d-c6bw7,1739642986,81248256
cartservice,cartservice-578c7dc78d-c6bw7,1739643286,79585280
cartservice,cartservice-578c7dc78d-c6bw7,1739643586,79507456
cartservice,cartservice-578c7dc78d-c6bw7,1739643886,80932864
cartservice,cartservice-578c7dc78d-c6bw7,1739644186,148832256
cartservice,cartservice-578c7dc78d-c6bw7,1739644486,79577088
cartservice,cartservice-578c7dc78d-c6bw7,1739644786,79683584
cartservice,cartservice-578c7dc78d-c6bw7,1739645086,79941632
cartservice,cartservice-578c7dc78d-c6bw7,1739645386,79450112
cartservice,cartservice-578c7dc78d-c6bw7,1739645686,81272832
cartservice,cartservice-578c7dc78d-c6bw7,1739645986,180944896
cartservice,cartservice-578c7dc78d-c6bw7,1739646286,78974976
cartservice,cartservice-578c7dc78d-c6bw7,1739646586,80834560
cartservice,cartservice-578c7dc78d-c6bw7,1739646886,79392768
cartservice,cartservice-578c7dc78d-c6bw7,1739647186,79245312
cartservice,cartservice-578c7dc78d-c6bw7,1739647486,79560704
cartservice,cartservice-578c7dc78d-c6bw7,1739647786,81436672
cartservice,cartservice-578c7dc78d-c6bw7,1739648086,180191232
cartservice,cartservice-578c7dc78d-c6bw7,1739648386,79708160
cartservice,cartservice-578c7dc78d-c6bw7,1739648686,79933440
cartservice,cartservice-578c7dc78d-c6bw7,1739648986,80035840
cartservice,cartservice-578c7dc78d-c6bw7,1739649286,79794176
cartservice,cartservice-578c7dc78d-c6bw7,1739649586,82702336
cartservice,cartservice-578c7dc78d-c6bw7,1739649886,132538368
cartservice,cartservice-578c7dc78d-c6bw7,1739650186,81092608
cartservice,cartservice-578c7dc78d-c6bw7,1739650486,80027648
cartservice,cartservice-578c7dc78d-c6bw7,1739650786,81666048
cartservice,cartservice-578c7dc78d-c6bw7,1739651086,80318464
cartservice,cartservice-578c7dc78d-c6bw7,1739651386,173711360
cartservice,cartservice-578c7dc78d-c6bw7,1739651686,211197952
cartservice,cartservice-578c7dc78d-c6bw7,1739651986,79065088
cartservice,cartservice-578c7dc78d-c6bw7,1739652286,79319040
cartservice,cartservice-578c7dc78d-c6bw7,1739652586,79228928
cartservice,cartservice-578c7dc78d-c6bw7,1739652886,79237120
cartservice,cartservice-578c7dc78d-c6bw7,1739653186,79589376
cartservice,cartservice-578c7dc78d-c6bw7,1739653486,81534976
cartservice,cartservice-578c7dc78d-c6bw7,1739653786,100597760
cartservice,cartservice-578c7dc78d-c6bw7,1739654086,79216640
cartservice,cartservice-578c7dc78d-c6bw7,1739654386,80404480
cartservice,cartservice-578c7dc78d-c6bw7,1739654686,80084992
cartservice,cartservice-578c7dc78d-c6bw7,1739654986,127393792
cartservice,cartservice-578c7dc78d-c6bw7,1739655286,79364096
cartservice,cartservice-578c7dc78d-c6bw7,1739655586,79478784
cartservice,cartservice-578c7dc78d-c6bw7,1739655886,79618048
cartservice,cartservice-578c7dc78d-c6bw7,1739656186,79945728
cartservice,cartservice-578c7dc78d-c6bw7,1739656486,215990272
cartservice,cartservice-578c7dc78d-c6bw7,1739656786,79478784
cartservice,cartservice-578c7dc78d-c6bw7,1739657086,79966208
cartservice,cartservice-578c7dc78d-c6bw7,1739657386,81399808
cartservice,cartservice-578c7dc78d-c6bw7,1739657686,79433728
cartservice,cartservice-578c7dc78d-c6bw7,1739657986,79020032
cartservice,cartservice-578c7dc78d-c6bw7,1739658286,208175104
cartservice,cartservice-578c7dc78d-c6bw7,1739658586,79015936
cartservice,cartservice-578c7dc78d-c6bw7,1739658886,80113664
cartservice,cartservice-578c7dc78d-c6bw7,1739659186,81231872
cartservice,cartservice-578c7dc78d-c6bw7,1739659486,146288640
cartservice,cartservice-578c7dc78d-c6bw7,1739659786,79732736
cartservice,cartservice-578c7dc78d-c6bw7,1739660086,79773696
cartservice,cartservice-578c7dc78d-c6bw7,1739660386,79699968
cartservice,cartservice-578c7dc78d-c6bw7,1739660686,79503360
cartservice,cartservice-578c7dc78d-c6bw7,1739660986,212348928
cartservice,cartservice-578c7dc78d-c6bw7,1739661286,80818176
cartservice,cartservice-578c7dc78d-c6bw7,1739661586,79638528
cartservice,cartservice-578c7dc78d-c6bw7,1739661886,79585280
cartservice,cartservice-578c7dc78d-c6bw7,1739662186,79613952
cartservice,cartservice-578c7dc78d-c6bw7,1739662486,81178624
cartservice,cartservice-578c7dc78d-c6bw7,1739662786,210378752
cartservice,cartservice-578c7dc78d-c6bw7,1739663086,213942272
cartservice,cartservice-578c7dc78d-c6bw7,1739663386,214650880
cartservice,cartservice-578c7dc78d-c6bw7,1739663686,215031808
cartservice,cartservice-578c7dc78d-c6bw7,1739663986,212676608
cartservice,cartservice-578c7dc78d-c6bw7,1739664286,212373504
cartservice,cartservice-578c7dc78d-c6bw7,1739664586,213020672
cartservice,cartservice-578c7dc78d-c6bw7,1739664886,185212928
cartservice,cartservice-578c7dc78d-c6bw7,1739665186,212811776
cartservice,cartservice-578c7dc78d-c6bw7,1739665486,148377600
cartservice,cartservice-578c7dc78d-c6bw7,1739665786,208265216
cartservice,cartservice-578c7dc78d-c6bw7,1739666086,208134144
cartservice,cartservice-578c7dc78d-c6bw7,1739666386,209313792
cartservice,cartservice-578c7dc78d-c6bw7,1739666686,209141760
cartservice,cartservice-578c7dc78d-c6bw7,1739666986,209620992
cartservice,cartservice-578c7dc78d-c6bw7,1739667286,195813376
cartservice,cartservice-578c7dc78d-c6bw7,1739667586,210427904
cartservice,cartservice-578c7dc78d-c6bw7,1739667886,211431424
cartservice,cartservice-578c7dc78d-c6bw7,1739668186,211922944
cartservice,cartservice-578c7dc78d-c6bw7,1739668486,121384960
cartservice,cartservice-578c7dc78d-c6bw7,1739668786,80146432
cartservice,cartservice-578c7dc78d-c6bw7,1739669086,204832768
cartservice,cartservice-578c7dc78d-c6bw7,1739669386,80732160
cartservice,cartservice-578c7dc78d-c6bw7,1739669686,80932864
cartservice,cartservice-578c7dc78d-c6bw7,1739669986,79421440
cartservice,cartservice-578c7dc78d-c6bw7,1739670286,131690496
cartservice,cartservice-578c7dc78d-c6bw7,1739670586,204886016
cartservice,cartservice-578c7dc78d-c6bw7,1739670886,203210752
cartservice,cartservice-578c7dc78d-c6bw7,1739671186,203460608
cartservice,cartservice-578c7dc78d-c6bw7,1739671486,204124160
cartservice,cartservice-578c7dc78d-c6bw7,1739671786,204869632
cartservice,cartservice-578c7dc78d-c6bw7,1739672086,205123584
cartservice,cartservice-578c7dc78d-c6bw7,1739672386,204988416
cartservice,cartservice-578c7dc78d-c6bw7,1739672686,204972032
cartservice,cartservice-578c7dc78d-c6bw7,1739672986,204886016
cartservice,cartservice-578c7dc78d-c6bw7,1739673286,206630912
cartservice,cartservice-578c7dc78d-c6bw7,1739673586,210407424
cartservice,cartservice-578c7dc78d-c6bw7,1739673886,212512768
cartservice,cartservice-578c7dc78d-c6bw7,1739674186,211759104
cartservice,cartservice-578c7dc78d-c6bw7,1739674486,212578304
cartservice,cartservice-578c7dc78d-c6bw7,1739674786,147550208
cartservice,cartservice-578c7dc78d-c6bw7,1739675086,178352128
cartservice,cartservice-578c7dc78d-c6bw7,1739675386,205201408
cartservice,cartservice-578c7dc78d-c6bw7,1739675686,205684736
cartservice,cartservice-578c7dc78d-c6bw7,1739675986,206159872
cartservice,cartservice-578c7dc78d-c6bw7,1739676286,206225408
cartservice,cartservice-578c7dc78d-c6bw7,1739676586,80060416
cartservice,cartservice-578c7dc78d-c6bw7,1739676886,79073280
cartservice,cartservice-578c7dc78d-c6bw7,1739677186,79089664
cartservice,cartservice-578c7dc78d-c6bw7,1739677486,79556608
cartservice,cartservice-578c7dc78d-c6bw7,1739677786,80904192
cartservice,cartservice-578c7dc78d-c6bw7,1739678086,78987264
cartservice,cartservice-578c7dc78d-c6bw7,1739678386,79003648
cartservice,cartservice-578c7dc78d-c6bw7,1739678686,79192064
cartservice,cartservice-578c7dc78d-c6bw7,1739678986,79003648
cartservice,cartservice-578c7dc78d-c6bw7,1739679286,80433152
cartservice,cartservice-578c7dc78d-c6bw7,1739679586,81055744
cartservice,cartservice-578c7dc78d-c6bw7,1739679886,79368192
cartservice,cartservice-578c7dc78d-c6bw7,1739680186,79187968
cartservice,cartservice-578c7dc78d-c6bw7,1739680486,110678016
cartservice,cartservice-578c7dc78d-c6bw7,1739680786,79626240
cartservice,cartservice-578c7dc78d-c6bw7,1739681086,79761408
cartservice,cartservice-578c7dc78d-c6bw7,1739681386,79323136
cartservice,cartservice-578c7dc78d-c6bw7,1739681686,79388672
cartservice,cartservice-578c7dc78d-c6bw7,1739681986,81883136
cartservice,cartservice-578c7dc78d-c6bw7,1739682286,129478656
cartservice,cartservice-578c7dc78d-c6bw7,1739682586,79417344
cartservice,cartservice-578c7dc78d-c6bw7,1739682886,79597568
cartservice,cartservice-578c7dc78d-c6bw7,1739683186,79699968
cartservice,cartservice-578c7dc78d-c6bw7,1739683486,79609856
cartservice,cartservice-578c7dc78d-c6bw7,1739683786,81031168
cartservice,cartservice-578c7dc78d-c6bw7,1739684086,79527936
cartservice,cartservice-578c7dc78d-c6bw7,1739684386,80834560
cartservice,cartservice-578c7dc78d-c6bw7,1739684686,79642624
cartservice,cartservice-578c7dc78d-c6bw7,1739684986,131284992
cartservice,cartservice-578c7dc78d-c6bw7,1739685286,78938112
cartservice,cartservice-578c7dc78d-c6bw7,1739685586,78954496
cartservice,cartservice-578c7dc78d-c6bw7,1739685886,79343616
cartservice,cartservice-578c7dc78d-c6bw7,1739686186,80203776
cartservice,cartservice-578c7dc78d-c6bw7,1739686486,80478208
cartservice,cartservice-578c7dc78d-c6bw7,1739686786,210030592
cartservice,cartservice-578c7dc78d-c6bw7,1739687086,79859712
cartservice,cartservice-578c7dc78d-c6bw7,1739687386,206962688
cartservice,cartservice-578c7dc78d-c6bw7,1739687686,79814656
cartservice,cartservice-578c7dc78d-c6bw7,1739687986,79753216
cartservice,cartservice-578c7dc78d-c6bw7,1739688286,79589376
cartservice,cartservice-578c7dc78d-c6bw7,1739688586,79654912
cartservice,cartservice-578c7dc78d-c6bw7,1739688886,79527936
cartservice,cartservice-578c7dc78d-c6bw7,1739689186,202244096
cartservice,cartservice-578c7dc78d-c6bw7,1739689486,210464768
cartservice,cartservice-578c7dc78d-c6bw7,1739689786,132141056
cartservice,cartservice-578c7dc78d-c6bw7,1739690086,211439616
cartservice,cartservice-578c7dc78d-c6bw7,1739690386,216018944
cartservice,cartservice-578c7dc78d-c6bw7,1739690686,207048704
cartservice,cartservice-578c7dc78d-c6bw7,1739690986,81154048
cartservice,cartservice-578c7dc78d-c6bw7,1739691286,79581184
cartservice,cartservice-578c7dc78d-c6bw7,1739691586,79659008
cartservice,cartservice-578c7dc78d-c6bw7,1739691886,131874816
cartservice,cartservice-578c7dc78d-c6bw7,1739692186,78966784
cartservice,cartservice-578c7dc78d-c6bw7,1739692486,78987264
cartservice,cartservice-578c7dc78d-c6bw7,1739692786,79220736
cartservice,cartservice-578c7dc78d-c6bw7,1739693086,81264640
cartservice,cartservice-578c7dc78d-c6bw7,1739693386,79482880
cartservice,cartservice-578c7dc78d-c6bw7,1739693686,79482880
cartservice,cartservice-578c7dc78d-c6bw7,1739693986,81268736
cartservice,cartservice-578c7dc78d-c6bw7,1739694286,155156480
cartservice,cartservice-578c7dc78d-c6bw7,1739694586,79757312
cartservice,cartservice-578c7dc78d-c6bw7,1739694886,81162240
cartservice,cartservice-578c7dc78d-c6bw7,1739695186,203857920
cartservice,cartservice-578c7dc78d-c6bw7,1739695486,78036992
cartservice,cartservice-578c7dc78d-c6bw7,1739695786,204959744
cartservice,cartservice-578c7dc78d-c6bw7,1739696086,211087360
cartservice,cartservice-578c7dc78d-c6bw7,1739696386,209485824
cartservice,cartservice-578c7dc78d-c6bw7,1739696686,212615168
cartservice,cartservice-578c7dc78d-c6bw7,1739696986,78290944
cartservice,cartservice-578c7dc78d-c6bw7,1739697286,78245888
cartservice,cartservice-578c7dc78d-c6bw7,1739697586,77131776
cartservice,cartservice-578c7dc78d-c6bw7,1739697886,76804096
cartservice,cartservice-578c7dc78d-c6bw7,1739698186,78594048
cartservice,cartservice-578c7dc78d-c6bw7,1739698486,76615680
cartservice,cartservice-578c7dc78d-c6bw7,1739698786,195698688
cartservice,cartservice-578c7dc78d-c6bw7,1739699086,200540160
cartservice,cartservice-578c7dc78d-c6bw7,1739699386,201457664
cartservice,cartservice-578c7dc78d-c6bw7,1739699686,202252288
cartservice,cartservice-578c7dc78d-c6bw7,1739699986,203153408
cartservice,cartservice-578c7dc78d-c6bw7,1739700286,203227136
cartservice,cartservice-578c7dc78d-c6bw7,1739700586,209596416
cartservice,cartservice-578c7dc78d-c6bw7,1739700886,196886528
cartservice,cartservice-578c7dc78d-c6bw7,1739701186,207228928
cartservice,cartservice-578c7dc78d-c6bw7,1739701486,209223680
cartservice,cartservice-578c7dc78d-c6bw7,1739701786,210022400
cartservice,cartservice-578c7dc78d-c6bw7,1739702086,210497536
cartservice,cartservice-578c7dc78d-c6bw7,1739702386,199077888
cartservice,cartservice-578c7dc78d-c6bw7,1739702686,80326656
cartservice,cartservice-578c7dc78d-c6bw7,1739702986,209989632
cartservice,cartservice-578c7dc78d-c6bw7,1739703286,213745664
cartservice,cartservice-578c7dc78d-c6bw7,1739703586,141901824
cartservice,cartservice-578c7dc78d-c6bw7,1739703886,81055744
cartservice,cartservice-578c7dc78d-c6bw7,1739704186,203698176
cartservice,cartservice-578c7dc78d-c6bw7,1739704486,206553088
cartservice,cartservice-578c7dc78d-c6bw7,1739704786,111886336
cartservice,cartservice-578c7dc78d-c6bw7,1739705086,198463488
cartservice,cartservice-578c7dc78d-c6bw7,1739705386,79118336
cartservice,cartservice-578c7dc78d-c6bw7,1739705686,199344128
cartservice,cartservice-578c7dc78d-c6bw7,1739705986,80445440
cartservice,cartservice-578c7dc78d-c6bw7,1739706286,79167488
cartservice,cartservice-578c7dc78d-c6bw7,1739706586,214327296
cartservice,cartservice-578c7dc78d-c6bw7,1739706886,80994304
cartservice,cartservice-578c7dc78d-c6bw7,1739707186,81297408
cartservice,cartservice-578c7dc78d-c6bw7,1739707486,79351808
cartservice,cartservice-578c7dc78d-c6bw7,1739707786,79581184
cartservice,cartservice-578c7dc78d-c6bw7,1739708086,79642624
cartservice,cartservice-578c7dc78d-c6bw7,1739708386,80011264
cartservice,cartservice-578c7dc78d-c6bw7,1739708686,203661312
cartservice,cartservice-578c7dc78d-c6bw7,1739708986,203882496
cartservice,cartservice-578c7dc78d-c6bw7,1739709286,81711104
cartservice,cartservice-578c7dc78d-c6bw7,1739709586,83537920
cartservice,cartservice-578c7dc78d-c6bw7,1739709886,202559488
cartservice,cartservice-578c7dc78d-c6bw7,1739710186,82247680
cartservice,cartservice-578c7dc78d-c6bw7,1739710486,82071552
cartservice,cartservice-578c7dc78d-c6bw7,1739710786,84193280
cartservice,cartservice-578c7dc78d-c6bw7,1739711086,84152320
cartservice,cartservice-578c7dc78d-c6bw7,1739711386,82239488
cartservice,cartservice-578c7dc78d-c6bw7,1739711686,82268160
cartservice,cartservice-578c7dc78d-c6bw7,1739711986,210960384
cartservice,cartservice-578c7dc78d-c6bw7,1739712286,212160512
cartservice,cartservice-578c7dc78d-c6bw7,1739712586,212987904
cartservice,cartservice-578c7dc78d-c6bw7,1739712886,212754432
cartservice,cartservice-578c7dc78d-c6bw7,1739713186,213516288
cartservice,cartservice-578c7dc78d-c6bw7,1739713486,214269952
cartservice,cartservice-578c7dc78d-c6bw7,1739713786,214417408
cartservice,cartservice-578c7dc78d-c6bw7,1739714086,215085056
cartservice,cartservice-578c7dc78d-c6bw7,1739714386,215490560
cartservice,cartservice-578c7dc78d-c6bw7,1739714686,215785472
cartservice,cartservice-578c7dc78d-c6bw7,1739714986,213745664
cartservice,cartservice-578c7dc78d-c6bw7,1739715286,213508096
cartservice,cartservice-578c7dc78d-c6bw7,1739715586,198520832
cartservice,cartservice-578c7dc78d-c6bw7,1739715886,202219520
cartservice,cartservice-578c7dc78d-c6bw7,1739716186,203730944
cartservice,cartservice-578c7dc78d-c6bw7,1739716486,204374016
cartservice,cartservice-578c7dc78d-c6bw7,1739716786,205656064
cartservice,cartservice-578c7dc78d-c6bw7,1739717086,212164608
cartservice,cartservice-578c7dc78d-c6bw7,1739717386,212926464
cartservice,cartservice-578c7dc78d-c6bw7,1739717686,212992000
cartservice,cartservice-578c7dc78d-c6bw7,1739717986,83038208
cartservice,cartservice-578c7dc78d-c6bw7,1739718286,83464192
cartservice,cartservice-578c7dc78d-c6bw7,1739718586,81870848
cartservice,cartservice-578c7dc78d-c6bw7,1739718886,81887232
cartservice,cartservice-578c7dc78d-c6bw7,1739719186,81887232
cartservice,cartservice-578c7dc78d-c6bw7,1739719486,83718144
cartservice,cartservice-578c7dc78d-c6bw7,1739719786,132087808
cartservice,cartservice-578c7dc78d-c6bw7,1739720086,82264064
cartservice,cartservice-578c7dc78d-c6bw7,1739720386,82874368
cartservice,cartservice-578c7dc78d-c6bw7,1739720686,81739776
cartservice,cartservice-578c7dc78d-c6bw7,1739720986,81739776
cartservice,cartservice-578c7dc78d-c6bw7,1739721286,196698112
cartservice,cartservice-578c7dc78d-c6bw7,1739721586,81727488
cartservice,cartservice-578c7dc78d-c6bw7,1739721886,81727488
cartservice,cartservice-578c7dc78d-c6bw7,1739722186,81874944
cartservice,cartservice-578c7dc78d-c6bw7,1739722486,205377536
cartservice,cartservice-578c7dc78d-c6bw7,1739722786,84336640
cartservice,cartservice-578c7dc78d-c6bw7,1739723086,82264064
cartservice,cartservice-578c7dc78d-c6bw7,1739723386,176189440
cartservice,cartservice-578c7dc78d-c6bw7,1739723686,217735168
cartservice,cartservice-578c7dc78d-c6bw7,1739723986,217640960
cartservice,cartservice-578c7dc78d-c6bw7,1739724286,217960448
cartservice,cartservice-578c7dc78d-c6bw7,1739724586,85065728
cartservice,cartservice-578c7dc78d-c6bw7,1739724886,218263552
cartservice,cartservice-578c7dc78d-c6bw7,1739725186,162369536
cartservice,cartservice-578c7dc78d-c6bw7,1739725486,82907136
cartservice,cartservice-578c7dc78d-c6bw7,1739725786,215433216
cartservice,cartservice-578c7dc78d-c6bw7,1739726086,81735680
cartservice,cartservice-578c7dc78d-c6bw7,1739726386,211271680
cartservice,cartservice-578c7dc78d-c6bw7,1739726686,215093248
cartservice,cartservice-578c7dc78d-c6bw7,1739726986,145301504
cartservice,cartservice-578c7dc78d-c6bw7,1739727286,95776768
cartservice,cartservice-578c7dc78d-c6bw7,1739727586,84066304
cartservice,cartservice-578c7dc78d-c6bw7,1739727886,81928192
cartservice,cartservice-578c7dc78d-c6bw7,1739728186,208273408
cartservice,cartservice-578c7dc78d-c6bw7,1739728486,211501056
cartservice,cartservice-578c7dc78d-c6bw7,1739728786,181395456
cartservice,cartservice-578c7dc78d-c6bw7,1739729086,83529728
cartservice,cartservice-578c7dc78d-c6bw7,1739729386,82120704
cartservice,cartservice-578c7dc78d-c6bw7,1739729686,84267008
cartservice,cartservice-578c7dc78d-c6bw7,1739729986,82010112
cartservice,cartservice-578c7dc78d-c6bw7,1739730286,81993728
cartservice,cartservice-578c7dc78d-c6bw7,1739730586,84103168
cartservice,cartservice-578c7dc78d-c6bw7,1739730886,82182144
cartservice,cartservice-578c7dc78d-c6bw7,1739731186,82395136
cartservice,cartservice-578c7dc78d-c6bw7,1739731486,211603456
cartservice,cartservice-578c7dc78d-c6bw7,1739731786,218361856
cartservice,cartservice-578c7dc78d-c6bw7,1739732086,151879680
cartservice,cartservice-578c7dc78d-c6bw7,1739732386,82272256
cartservice,cartservice-578c7dc78d-c6bw7,1739732686,82268160
cartservice,cartservice-578c7dc78d-c6bw7,1739732986,81747968
cartservice,cartservice-578c7dc78d-c6bw7,1739733286,81747968
cartservice,cartservice-578c7dc78d-c6bw7,1739733586,81833984
cartservice,cartservice-578c7dc78d-c6bw7,1739733886,213483520
cartservice,cartservice-578c7dc78d-c6bw7,1739734186,82104320
cartservice,cartservice-578c7dc78d-c6bw7,1739734486,82350080
cartservice,cartservice-578c7dc78d-c6bw7,1739734786,83963904
cartservice,cartservice-578c7dc78d-c6bw7,1739735086,82235392
cartservice,cartservice-578c7dc78d-c6bw7,1739735386,203939840
cartservice,cartservice-578c7dc78d-c6bw7,1739735686,211677184
cartservice,cartservice-578c7dc78d-c6bw7,1739735986,82935808
cartservice,cartservice-578c7dc78d-c6bw7,1739736286,84836352
cartservice,cartservice-578c7dc78d-c6bw7,1739736586,82448384
cartservice,cartservice-578c7dc78d-c6bw7,1739736886,82452480
cartservice,cartservice-578c7dc78d-c6bw7,1739737186,84389888
cartservice,cartservice-578c7dc78d-c6bw7,1739737486,84627456
cartservice,cartservice-578c7dc78d-c6bw7,1739737786,82681856
cartservice,cartservice-578c7dc78d-c6bw7,1739738086,84140032
cartservice,cartservice-578c7dc78d-c6bw7,1739738386,82653184
cartservice,cartservice-578c7dc78d-c6bw7,1739738686,83488768
cartservice,cartservice-578c7dc78d-c6bw7,1739738986,82821120
cartservice,cartservice-578c7dc78d-c6bw7,1739739286,84668416
cartservice,cartservice-578c7dc78d-c6bw7,1739739586,152489984
cartservice,cartservice-578c7dc78d-c6bw7,1739739886,81821696
cartservice,cartservice-578c7dc78d-c6bw7,1739740186,82206720
cartservice,cartservice-578c7dc78d-c6bw7,1739740486,82055168
cartservice,cartservice-578c7dc78d-c6bw7,1739740786,83701760
cartservice,cartservice-578c7dc78d-c6bw7,1739741086,82030592
cartservice,cartservice-578c7dc78d-c6bw7,1739741386,82038784
cartservice,cartservice-578c7dc78d-c6bw7,1739741686,82477056
cartservice,cartservice-578c7dc78d-c6bw7,1739741986,113410048
cartservice,cartservice-578c7dc78d-c6bw7,1739742286,82337792
cartservice,cartservice-578c7dc78d-c6bw7,1739742586,82694144
cartservice,cartservice-578c7dc78d-c6bw7,1739742886,82591744
cartservice,cartservice-578c7dc78d-c6bw7,1739743186,84303872
cartservice,cartservice-578c7dc78d-c6bw7,1739743486,84148224
cartservice,cartservice-578c7dc78d-c6bw7,1739743786,134905856
cartservice,cartservice-578c7dc78d-c6bw7,1739744086,82518016
cartservice,cartservice-578c7dc78d-c6bw7,1739744386,82649088
cartservice,cartservice-578c7dc78d-c6bw7,1739744686,82370560
cartservice,cartservice-578c7dc78d-c6bw7,1739744986,82382848
cartservice,cartservice-578c7dc78d-c6bw7,1739745286,84353024
cartservice,cartservice-578c7dc78d-c6bw7,1739745586,82399232
cartservice,cartservice-578c7dc78d-c6bw7,1739745886,82522112
cartservice,cartservice-578c7dc78d-c6bw7,1739746186,81657856
cartservice,cartservice-578c7dc78d-c6bw7,1739746486,131813376
cartservice,cartservice-578c7dc78d-c6bw7,1739746786,81637376
cartservice,cartservice-578c7dc78d-c6bw7,1739747086,83685376
cartservice,cartservice-578c7dc78d-c6bw7,1739747386,83820544
cartservice,cartservice-578c7dc78d-c6bw7,1739747686,83173376
cartservice,cartservice-578c7dc78d-c6bw7,1739747986,139444224
cartservice,cartservice-578c7dc78d-c6bw7,1739748286,81899520
cartservice,cartservice-578c7dc78d-c6bw7,1739748586,83554304
cartservice,cartservice-578c7dc78d-c6bw7,1739748886,82124800
cartservice,cartservice-578c7dc78d-c6bw7,1739749186,82784256
cartservice,cartservice-578c7dc78d-c6bw7,1739749486,207486976
cartservice,cartservice-578c7dc78d-c6bw7,1739749786,82460672
cartservice,cartservice-578c7dc78d-c6bw7,1739750086,82083840
cartservice,cartservice-578c7dc78d-c6bw7,1739750386,82272256
cartservice,cartservice-578c7dc78d-c6bw7,1739750686,84557824
cartservice,cartservice-578c7dc78d-c6bw7,1739750986,83869696
cartservice,cartservice-578c7dc78d-c6bw7,1739751286,116830208
cartservice,cartservice-578c7dc78d-c6bw7,1739751586,82202624
cartservice,cartservice-578c7dc78d-c6bw7,1739751886,82128896
cartservice,cartservice-578c7dc78d-c6bw7,1739752186,82153472
cartservice,cartservice-578c7dc78d-c6bw7,1739752486,84082688
cartservice,cartservice-578c7dc78d-c6bw7,1739752786,82329600
cartservice,cartservice-578c7dc78d-c6bw7,1739753086,83611648
cartservice,cartservice-578c7dc78d-c6bw7,1739753386,83652608
cartservice,cartservice-578c7dc78d-c6bw7,1739753686,133689344
cartservice,cartservice-578c7dc78d-c6bw7,1739753986,81707008
cartservice,cartservice-578c7dc78d-c6bw7,1739754286,81903616
cartservice,cartservice-578c7dc78d-c6bw7,1739754586,81723392
cartservice,cartservice-578c7dc78d-c6bw7,1739754886,83484672
cartservice,cartservice-578c7dc78d-c6bw7,1739755186,81915904
cartservice,cartservice-578c7dc78d-c6bw7,1739755486,83382272
cartservice,cartservice-578c7dc78d-c6bw7,1739755786,211116032
cartservice,cartservice-578c7dc78d-c6bw7,1739756086,82051072
cartservice,cartservice-578c7dc78d-c6bw7,1739756386,82120704
cartservice,cartservice-578c7dc78d-c6bw7,1739756686,82530304
cartservice,cartservice-578c7dc78d-c6bw7,1739756986,82214912
cartservice,cartservice-578c7dc78d-c6bw7,1739757286,82231296
cartservice,cartservice-578c7dc78d-c6bw7,1739757586,84058112
cartservice,cartservice-578c7dc78d-c6bw7,1739757886,82276352
cartservice,cartservice-578c7dc78d-c6bw7,1739758186,82100224
cartservice,cartservice-578c7dc78d-c6bw7,1739758486,82104320
cartservice,cartservice-578c7dc78d-c6bw7,1739758786,83759104
cartservice,cartservice-578c7dc78d-c6bw7,1739759086,82329600
cartservice,cartservice-578c7dc78d-c6bw7,1739759386,82145280
cartservice,cartservice-578c7dc78d-c6bw7,1739759686,84951040
cartservice,cartservice-578c7dc78d-c6bw7,1739759986,84705280
cartservice,cartservice-578c7dc78d-c6bw7,1739760286,84033536
cartservice,cartservice-578c7dc78d-c6bw7,1739760586,84295680
cartservice,cartservice-578c7dc78d-c6bw7,1739760886,127275008
cartservice,cartservice-578c7dc78d-c6bw7,1739761186,82513920
cartservice,cartservice-578c7dc78d-c6bw7,1739761486,84455424
cartservice,cartservice-578c7dc78d-c6bw7,1739761786,81711104
cartservice,cartservice-578c7dc78d-c6bw7,1739762086,81891328
cartservice,cartservice-578c7dc78d-c6bw7,1739762386,81842176
cartservice,cartservice-578c7dc78d-c6bw7,1739762686,83537920
cartservice,cartservice-578c7dc78d-c6bw7,1739762986,83517440
cartservice,cartservice-578c7dc78d-c6bw7,1739763286,184909824
cartservice,cartservice-578c7dc78d-c6bw7,1739763586,210067456
cartservice,cartservice-578c7dc78d-c6bw7,1739763886,151359488
cartservice,cartservice-578c7dc78d-c6bw7,1739764186,82894848
cartservice,cartservice-578c7dc78d-c6bw7,1739764486,82411520
cartservice,cartservice-578c7dc78d-c6bw7,1739764786,84025344
cartservice,cartservice-578c7dc78d-c6bw7,1739765086,82620416
cartservice,cartservice-578c7dc78d-c6bw7,1739765386,134803456
cartservice,cartservice-578c7dc78d-c6bw7,1739765686,83722240
cartservice,cartservice-578c7dc78d-c6bw7,1739765986,82776064
cartservice,cartservice-578c7dc78d-c6bw7,1739766286,84529152
cartservice,cartservice-578c7dc78d-c6bw7,1739766586,84029440
cartservice,cartservice-578c7dc78d-c6bw7,1739766886,150347776
cartservice,cartservice-578c7dc78d-c6bw7,1739767186,82092032
cartservice,cartservice-578c7dc78d-c6bw7,1739767486,84070400
cartservice,cartservice-578c7dc78d-c6bw7,1739767786,83685376
cartservice,cartservice-578c7dc78d-c6bw7,1739768086,82657280
cartservice,cartservice-578c7dc78d-c6bw7,1739768386,84209664
cartservice,cartservice-578c7dc78d-c6bw7,1739768686,160825344
cartservice,cartservice-578c7dc78d-c6bw7,1739768986,82391040
cartservice,cartservice-578c7dc78d-c6bw7,1739769286,85012480
cartservice,cartservice-578c7dc78d-c6bw7,1739769586,83795968
cartservice,cartservice-578c7dc78d-c6bw7,1739769886,85352448
cartservice,cartservice-578c7dc78d-c6bw7,1739770186,85647360
cartservice,cartservice-578c7dc78d-c6bw7,1739770486,135888896
cartservice,cartservice-578c7dc78d-c6bw7,1739770786,84402176
cartservice,cartservice-578c7dc78d-c6bw7,1739771086,84336640
cartservice,cartservice-578c7dc78d-c6bw7,1739771386,84729856
cartservice,cartservice-578c7dc78d-c6bw7,1739771686,84381696
cartservice,cartservice-578c7dc78d-c6bw7,1739771986,211296256
cartservice,cartservice-578c7dc78d-c6bw7,1739772286,86081536
cartservice,cartservice-578c7dc78d-c6bw7,1739772586,84226048
cartservice,cartservice-578c7dc78d-c6bw7,1739772886,84316160
cartservice,cartservice-578c7dc78d-c6bw7,1739773186,86016000
cartservice,cartservice-578c7dc78d-c6bw7,1739773486,84299776
cartservice,cartservice-578c7dc78d-c6bw7,1739773786,86609920
cartservice,cartservice-578c7dc78d-c6bw7,1739774086,106508288
cartservice,cartservice-578c7dc78d-c6bw7,1739774386,84238336
cartservice,cartservice-578c7dc78d-c6bw7,1739774686,84561920
cartservice,cartservice-578c7dc78d-c6bw7,1739774986,86429696
cartservice,cartservice-578c7dc78d-c6bw7,1739775286,86114304
cartservice,cartservice-578c7dc78d-c6bw7,1739775586,84353024
cartservice,cartservice-578c7dc78d-c6bw7,1739775886,86204416
cartservice,cartservice-578c7dc78d-c6bw7,1739776186,138711040
cartservice,cartservice-578c7dc78d-c6bw7,1739776486,215289856
cartservice,cartservice-578c7dc78d-c6bw7,1739776786,220565504
cartservice,cartservice-578c7dc78d-c6bw7,1739777086,212250624
cartservice,cartservice-578c7dc78d-c6bw7,1739777386,218554368
cartservice,cartservice-578c7dc78d-c6bw7,1739777686,86016000
cartservice,cartservice-578c7dc78d-c6bw7,1739777986,85766144
cartservice,cartservice-578c7dc78d-c6bw7,1739778286,219217920
cartservice,cartservice-578c7dc78d-c6bw7,1739778586,83169280
cartservice,cartservice-578c7dc78d-c6bw7,1739778886,206913536
cartservice,cartservice-578c7dc78d-c6bw7,1739779186,212492288
cartservice,cartservice-578c7dc78d-c6bw7,1739779486,215183360
cartservice,cartservice-578c7dc78d-c6bw7,1739779786,215592960
cartservice,cartservice-578c7dc78d-c6bw7,1739780086,216457216
cartservice,cartservice-578c7dc78d-c6bw7,1739780386,216756224
cartservice,cartservice-578c7dc78d-c6bw7,1739780686,217128960
cartservice,cartservice-578c7dc78d-c6bw7,1739780986,218583040
cartservice,cartservice-578c7dc78d-c6bw7,1739781286,218636288
cartservice,cartservice-578c7dc78d-c6bw7,1739781586,86327296
cartservice,cartservice-578c7dc78d-c6bw7,1739781886,218062848
cartservice,cartservice-578c7dc78d-c6bw7,1739782186,134750208
cartservice,cartservice-578c7dc78d-c6bw7,1739782486,84287488
cartservice,cartservice-578c7dc78d-c6bw7,1739782786,84279296
cartservice,cartservice-578c7dc78d-c6bw7,1739783086,84320256
cartservice,cartservice-578c7dc78d-c6bw7,1739783386,86413312
cartservice,cartservice-578c7dc78d-c6bw7,1739783686,213811200
cartservice,cartservice-578c7dc78d-c6bw7,1739783986,218198016
cartservice,cartservice-578c7dc78d-c6bw7,1739784286,218558464
cartservice,cartservice-578c7dc78d-c6bw7,1739784586,219439104
cartservice,cartservice-578c7dc78d-c6bw7,1739784886,170131456
cartservice,cartservice-578c7dc78d-c6bw7,1739785186,214319104
cartservice,cartservice-578c7dc78d-c6bw7,1739785486,160329728
cartservice,cartservice-578c7dc78d-c6bw7,1739785786,208125952
cartservice,cartservice-578c7dc78d-c6bw7,1739786086,212615168
cartservice,cartservice-578c7dc78d-c6bw7,1739786386,213786624
cartservice,cartservice-578c7dc78d-c6bw7,1739786686,214482944
cartservice,cartservice-578c7dc78d-c6bw7,1739786986,215674880
cartservice,cartservice-578c7dc78d-c6bw7,1739787286,215601152
cartservice,cartservice-578c7dc78d-c6bw7,1739787586,216240128
cartservice,cartservice-578c7dc78d-c6bw7,1739787886,205377536
cartservice,cartservice-578c7dc78d-c6bw7,1739788186,213504000
cartservice,cartservice-578c7dc78d-c6bw7,1739788486,215007232
cartservice,cartservice-578c7dc78d-c6bw7,1739788786,215461888
cartservice,cartservice-578c7dc78d-c6bw7,1739789086,216387584
cartservice,cartservice-578c7dc78d-c6bw7,1739789386,216662016
cartservice,cartservice-578c7dc78d-c6bw7,1739789686,206491648
cartservice,cartservice-578c7dc78d-c6bw7,1739789986,211828736
cartservice,cartservice-578c7dc78d-c6bw7,1739790286,209371136
cartservice,cartservice-578c7dc78d-c6bw7,1739790586,207147008
cartservice,cartservice-578c7dc78d-c6bw7,1739790886,211042304
cartservice,cartservice-578c7dc78d-c6bw7,1739791186,213336064
cartservice,cartservice-578c7dc78d-c6bw7,1739791486,214966272
cartservice,cartservice-578c7dc78d-c6bw7,1739791786,216268800
cartservice,cartservice-578c7dc78d-c6bw7,1739792086,217489408
cartservice,cartservice-578c7dc78d-c6bw7,1739792386,213377024
cartservice,cartservice-578c7dc78d-c6bw7,1739792686,218230784
cartservice,cartservice-578c7dc78d-c6bw7,1739792986,85012480
cartservice,cartservice-578c7dc78d-c6bw7,1739793286,84008960
cartservice,cartservice-578c7dc78d-c6bw7,1739793586,84008960
cartservice,cartservice-578c7dc78d-c6bw7,1739793886,84025344
cartservice,cartservice-578c7dc78d-c6bw7,1739794186,84127744
cartservice,cartservice-578c7dc78d-c6bw7,1739794486,86949888
cartservice,cartservice-578c7dc78d-c6bw7,1739794786,85905408
cartservice,cartservice-578c7dc78d-c6bw7,1739795086,92848128
cartservice,cartservice-578c7dc78d-c6bw7,1739795386,84217856
cartservice,cartservice-578c7dc78d-c6bw7,1739795686,84287488
cartservice,cartservice-578c7dc78d-c6bw7,1739795986,84398080
cartservice,cartservice-578c7dc78d-c6bw7,1739796286,84893696
cartservice,cartservice-578c7dc78d-c6bw7,1739796586,84717568
cartservice,cartservice-578c7dc78d-c6bw7,1739796886,83628032
cartservice,cartservice-578c7dc78d-c6bw7,1739797186,84189184
cartservice,cartservice-578c7dc78d-c6bw7,1739797486,203046912
cartservice,cartservice-578c7dc78d-c6bw7,1739797786,218501120
cartservice,cartservice-578c7dc78d-c6bw7,1739798086,220631040
cartservice,cartservice-578c7dc78d-c6bw7,1739798386,87240704
cartservice,cartservice-578c7dc78d-c6bw7,1739798686,217632768
cartservice,cartservice-578c7dc78d-c6bw7,1739798986,85565440
cartservice,cartservice-578c7dc78d-c6bw7,1739799286,83914752
cartservice,cartservice-578c7dc78d-c6bw7,1739799586,83914752
cartservice,cartservice-578c7dc78d-c6bw7,1739799886,204656640
cartservice,cartservice-578c7dc78d-c6bw7,1739800186,84041728
cartservice,cartservice-578c7dc78d-c6bw7,1739800486,84025344
cartservice,cartservice-578c7dc78d-c6bw7,1739800786,84025344
cartservice,cartservice-578c7dc78d-c6bw7,1739801086,210694144
cartservice,cartservice-578c7dc78d-c6bw7,1739801386,214908928
cartservice,cartservice-578c7dc78d-c6bw7,1739801686,216109056
cartservice,cartservice-578c7dc78d-c6bw7,1739801986,215736320
cartservice,cartservice-578c7dc78d-c6bw7,1739802286,216231936
cartservice,cartservice-578c7dc78d-c6bw7,1739802586,216678400
cartservice,cartservice-578c7dc78d-c6bw7,1739802886,218288128
cartservice,cartservice-578c7dc78d-c6bw7,1739803186,219738112
cartservice,cartservice-578c7dc78d-c6bw7,1739803486,84516864
cartservice,cartservice-578c7dc78d-c6bw7,1739803786,84774912
cartservice,cartservice-578c7dc78d-c6bw7,1739804086,207204352
cartservice,cartservice-578c7dc78d-c6bw7,1739804386,216977408
cartservice,cartservice-578c7dc78d-c6bw7,1739804686,219398144
cartservice,cartservice-578c7dc78d-c6bw7,1739804986,220151808
cartservice,cartservice-578c7dc78d-c6bw7,1739805286,127377408
cartservice,cartservice-578c7dc78d-c6bw7,1739805586,84914176
cartservice,cartservice-578c7dc78d-c6bw7,1739805886,84836352
cartservice,cartservice-578c7dc78d-c6bw7,1739806186,85954560
cartservice,cartservice-578c7dc78d-c6bw7,1739806486,84738048
cartservice,cartservice-578c7dc78d-c6bw7,1739806786,219852800
cartservice,cartservice-578c7dc78d-c6bw7,1739807086,84668416
cartservice,cartservice-578c7dc78d-c6bw7,1739807386,84672512
cartservice,cartservice-578c7dc78d-c6bw7,1739807686,84762624
cartservice,cartservice-578c7dc78d-c6bw7,1739807986,84762624
cartservice,cartservice-578c7dc78d-c6bw7,1739808286,85798912
cartservice,cartservice-578c7dc78d-c6bw7,1739808586,207257600
cartservice,cartservice-578c7dc78d-c6bw7,1739808886,213098496
cartservice,cartservice-578c7dc78d-c6bw7,1739809186,214327296
cartservice,cartservice-578c7dc78d-c6bw7,1739809486,213991424
cartservice,cartservice-578c7dc78d-c6bw7,1739809786,204898304
cartservice,cartservice-578c7dc78d-c6bw7,1739810086,211542016
cartservice,cartservice-578c7dc78d-c6bw7,1739810386,217624576
cartservice,cartservice-578c7dc78d-c6bw7,1739810686,85409792
cartservice,cartservice-578c7dc78d-c6bw7,1739810986,86925312
cartservice,cartservice-578c7dc78d-c6bw7,1739811286,84922368
cartservice,cartservice-578c7dc78d-c6bw7,1739811586,86470656
cartservice,cartservice-578c7dc78d-c6bw7,1739811886,85164032
cartservice,cartservice-578c7dc78d-c6bw7,1739812186,85057536
cartservice,cartservice-578c7dc78d-c6bw7,1739812486,85032960
cartservice,cartservice-578c7dc78d-c6bw7,1739812786,134180864
cartservice,cartservice-578c7dc78d-c6bw7,1739813086,212656128
cartservice,cartservice-578c7dc78d-c6bw7,1739813386,215777280
cartservice,cartservice-578c7dc78d-c6bw7,1739813686,86446080
cartservice,cartservice-578c7dc78d-c6bw7,1739813986,86142976
cartservice,cartservice-578c7dc78d-c6bw7,1739814286,86073344
cartservice,cartservice-578c7dc78d-c6bw7,1739814586,86372352
cartservice,cartservice-578c7dc78d-c6bw7,1739814886,84869120
cartservice,cartservice-578c7dc78d-c6bw7,1739815186,85000192
cartservice,cartservice-578c7dc78d-c6bw7,1739815486,84897792
cartservice,cartservice-578c7dc78d-c6bw7,1739815786,86061056
cartservice,cartservice-578c7dc78d-c6bw7,1739816086,84738048
cartservice,cartservice-578c7dc78d-c6bw7,1739816386,135319552
cartservice,cartservice-578c7dc78d-c6bw7,1739816686,84930560
cartservice,cartservice-578c7dc78d-c6bw7,1739816986,84819968
cartservice,cartservice-578c7dc78d-c6bw7,1739817286,84869120
cartservice,cartservice-578c7dc78d-c6bw7,1739817586,86683648
cartservice,cartservice-578c7dc78d-c6bw7,1739817886,84955136
cartservice,cartservice-578c7dc78d-c6bw7,1739818186,86646784
cartservice,cartservice-578c7dc78d-c6bw7,1739818486,86503424
cartservice,cartservice-578c7dc78d-c6bw7,1739818786,155906048
cartservice,cartservice-578c7dc78d-c6bw7,1739819086,84926464
cartservice,cartservice-578c7dc78d-c6bw7,1739819386,86327296
cartservice,cartservice-578c7dc78d-c6bw7,1739819686,87646208
cartservice,cartservice-578c7dc78d-c6bw7,1739819986,137535488
cartservice,cartservice-578c7dc78d-c6bw7,1739820286,85012480
cartservice,cartservice-578c7dc78d-c6bw7,1739820586,85041152
cartservice,cartservice-578c7dc78d-c6bw7,1739820886,85442560
cartservice,cartservice-578c7dc78d-c6bw7,1739821186,85049344
cartservice,cartservice-578c7dc78d-c6bw7,1739821486,85479424
cartservice,cartservice-578c7dc78d-c6bw7,1739821786,85147648
cartservice,cartservice-578c7dc78d-c6bw7,1739822086,181006336
cartservice,cartservice-578c7dc78d-c6bw7,1739822386,85454848
cartservice,cartservice-578c7dc78d-c6bw7,1739822686,86888448
cartservice,cartservice-578c7dc78d-c6bw7,1739822986,86773760
cartservice,cartservice-578c7dc78d-c6bw7,1739823286,86634496
cartservice,cartservice-578c7dc78d-c6bw7,1739823586,85028864
cartservice,cartservice-578c7dc78d-c6bw7,1739823886,137261056
cartservice,cartservice-578c7dc78d-c6bw7,1739824186,85135360
cartservice,cartservice-578c7dc78d-c6bw7,1739824486,84152320
cartservice,cartservice-578c7dc78d-c6bw7,1739824786,84299776
cartservice,cartservice-578c7dc78d-c6bw7,1739825086,85905408
cartservice,cartservice-578c7dc78d-c6bw7,1739825386,86212608
cartservice,cartservice-578c7dc78d-c6bw7,1739825686,84643840
cartservice,cartservice-578c7dc78d-c6bw7,1739825986,84762624
cartservice,cartservice-578c7dc78d-c6bw7,1739826286,86196224
cartservice,cartservice-578c7dc78d-c6bw7,1739826586,84873216
cartservice,cartservice-578c7dc78d-c6bw7,1739826886,131641344
cartservice,cartservice-578c7dc78d-c6bw7,1739827186,202805248
cartservice,cartservice-578c7dc78d-c6bw7,1739827486,206778368
cartservice,cartservice-578c7dc78d-c6bw7,1739827786,203608064
cartservice,cartservice-578c7dc78d-c6bw7,1739828086,210550784
cartservice,cartservice-578c7dc78d-c6bw7,1739828386,212856832
cartservice,cartservice-578c7dc78d-c6bw7,1739828686,212844544
cartservice,cartservice-578c7dc78d-c6bw7,1739828986,213106688
cartservice,cartservice-578c7dc78d-c6bw7,1739829286,212377600
cartservice,cartservice-578c7dc78d-c6bw7,1739829586,212979712
cartservice,cartservice-578c7dc78d-c6bw7,1739829886,213651456
cartservice,cartservice-578c7dc78d-c6bw7,1739830186,214798336
cartservice,cartservice-578c7dc78d-c6bw7,1739830486,214966272
cartservice,cartservice-578c7dc78d-c6bw7,1739830786,215269376
cartservice,cartservice-578c7dc78d-c6bw7,1739831086,214982656
cartservice,cartservice-578c7dc78d-c6bw7,1739831386,135495680
redis-cart,redis-cart-558f8d8d44-x95rj,1739703886,58269696
redis-cart,redis-cart-558f8d8d44-x95rj,1739704186,59813888
redis-cart,redis-cart-558f8d8d44-x95rj,1739704486,60649472
redis-cart,redis-cart-558f8d8d44-x95rj,1739704786,62136320
redis-cart,redis-cart-558f8d8d44-x95rj,1739705086,64454656
redis-cart,redis-cart-558f8d8d44-x95rj,1739705386,65175552
redis-cart,redis-cart-558f8d8d44-x95rj,1739705686,65847296
redis-cart,redis-cart-558f8d8d44-x95rj,1739705986,65998848
redis-cart,redis-cart-558f8d8d44-x95rj,1739706286,65531904
redis-cart,redis-cart-558f8d8d44-x95rj,1739706586,66129920
redis-cart,redis-cart-558f8d8d44-x95rj,1739706886,66166784
redis-cart,redis-cart-558f8d8d44-x95rj,1739707186,66179072
redis-cart,redis-cart-558f8d8d44-x95rj,1739707486,66166784
redis-cart,redis-cart-558f8d8d44-x95rj,1739707786,66166784
redis-cart,redis-cart-558f8d8d44-x95rj,1739708086,66179072
redis-cart,redis-cart-558f8d8d44-x95rj,1739708386,66183168
redis-cart,redis-cart-558f8d8d44-x95rj,1739708686,66572288
redis-cart,redis-cart-558f8d8d44-x95rj,1739708986,67198976
redis-cart,redis-cart-558f8d8d44-x95rj,1739709286,68472832
redis-cart,redis-cart-558f8d8d44-x95rj,1739709586,68874240
redis-cart,redis-cart-558f8d8d44-x95rj,1739709886,69357568
redis-cart,redis-cart-558f8d8d44-x95rj,1739710186,69500928
redis-cart,redis-cart-558f8d8d44-x95rj,1739710486,69578752
redis-cart,redis-cart-558f8d8d44-x95rj,1739710786,69550080
redis-cart,redis-cart-558f8d8d44-x95rj,1739711086,69832704
redis-cart,redis-cart-558f8d8d44-x95rj,1739711386,69713920
redis-cart,redis-cart-558f8d8d44-x95rj,1739711686,69718016
redis-cart,redis-cart-558f8d8d44-x95rj,1739711986,70897664
redis-cart,redis-cart-558f8d8d44-x95rj,1739712286,71548928
redis-cart,redis-cart-558f8d8d44-x95rj,1739712586,72331264
redis-cart,redis-cart-558f8d8d44-x95rj,1739712886,73252864
redis-cart,redis-cart-558f8d8d44-x95rj,1739713186,73945088
redis-cart,redis-cart-558f8d8d44-x95rj,1739713486,72114176
redis-cart,redis-cart-558f8d8d44-x95rj,1739713786,72450048
redis-cart,redis-cart-558f8d8d44-x95rj,1739714086,73912320
redis-cart,redis-cart-558f8d8d44-x95rj,1739714386,74436608
redis-cart,redis-cart-558f8d8d44-x95rj,1739714686,75198464
redis-cart,redis-cart-558f8d8d44-x95rj,1739714986,75476992
redis-cart,redis-cart-558f8d8d44-x95rj,1739715286,76177408
redis-cart,redis-cart-558f8d8d44-x95rj,1739715586,76529664
redis-cart,redis-cart-558f8d8d44-x95rj,1739715886,77242368
redis-cart,redis-cart-558f8d8d44-x95rj,1739716186,77946880
redis-cart,redis-cart-558f8d8d44-x95rj,1739716486,78573568
redis-cart,redis-cart-558f8d8d44-x95rj,1739716786,79265792
redis-cart,redis-cart-558f8d8d44-x95rj,1739717086,81973248
redis-cart,redis-cart-558f8d8d44-x95rj,1739717386,81104896
redis-cart,redis-cart-558f8d8d44-x95rj,1739717686,81686528
redis-cart,redis-cart-558f8d8d44-x95rj,1739717986,82206720
redis-cart,redis-cart-558f8d8d44-x95rj,1739718286,83828736
redis-cart,redis-cart-558f8d8d44-x95rj,1739718586,82132992
redis-cart,redis-cart-558f8d8d44-x95rj,1739718886,82145280
redis-cart,redis-cart-558f8d8d44-x95rj,1739719186,82137088
redis-cart,redis-cart-558f8d8d44-x95rj,1739719486,82472960
redis-cart,redis-cart-558f8d8d44-x95rj,1739719786,82309120
redis-cart,redis-cart-558f8d8d44-x95rj,1739720086,82333696
redis-cart,redis-cart-558f8d8d44-x95rj,1739720386,82776064
redis-cart,redis-cart-558f8d8d44-x95rj,1739720686,82653184
redis-cart,redis-cart-558f8d8d44-x95rj,1739720986,82079744
redis-cart,redis-cart-558f8d8d44-x95rj,1739721286,82149376
redis-cart,redis-cart-558f8d8d44-x95rj,1739721586,82534400
redis-cart,redis-cart-558f8d8d44-x95rj,1739721886,82894848
redis-cart,redis-cart-558f8d8d44-x95rj,1739722186,82644992
redis-cart,redis-cart-558f8d8d44-x95rj,1739722486,82935808
redis-cart,redis-cart-558f8d8d44-x95rj,1739722786,83632128
redis-cart,redis-cart-558f8d8d44-x95rj,1739723086,83677184
redis-cart,redis-cart-558f8d8d44-x95rj,1739723386,83705856
redis-cart,redis-cart-558f8d8d44-x95rj,1739723686,85798912
redis-cart,redis-cart-558f8d8d44-x95rj,1739723986,87056384
redis-cart,redis-cart-558f8d8d44-x95rj,1739724286,88465408
redis-cart,redis-cart-558f8d8d44-x95rj,1739724586,89645056
redis-cart,redis-cart-558f8d8d44-x95rj,1739724886,90013696
redis-cart,redis-cart-558f8d8d44-x95rj,1739725186,90112000
redis-cart,redis-cart-558f8d8d44-x95rj,1739725486,91570176
redis-cart,redis-cart-558f8d8d44-x95rj,1739725786,91209728
redis-cart,redis-cart-558f8d8d44-x95rj,1739726086,91144192
redis-cart,redis-cart-558f8d8d44-x95rj,1739726386,91807744
redis-cart,redis-cart-558f8d8d44-x95rj,1739726686,92160000
redis-cart,redis-cart-558f8d8d44-x95rj,1739726986,92749824
redis-cart,redis-cart-558f8d8d44-x95rj,1739727286,93294592
redis-cart,redis-cart-558f8d8d44-x95rj,1739727586,93921280
redis-cart,redis-cart-558f8d8d44-x95rj,1739727886,93859840
redis-cart,redis-cart-558f8d8d44-x95rj,1739728186,94457856
redis-cart,redis-cart-558f8d8d44-x95rj,1739728486,95879168
redis-cart,redis-cart-558f8d8d44-x95rj,1739728786,95830016
redis-cart,redis-cart-558f8d8d44-x95rj,1739729086,95686656
redis-cart,redis-cart-558f8d8d44-x95rj,1739729386,97320960
redis-cart,redis-cart-558f8d8d44-x95rj,1739729686,96735232
redis-cart,redis-cart-558f8d8d44-x95rj,1739729986,96530432
redis-cart,redis-cart-558f8d8d44-x95rj,1739730286,96538624
redis-cart,redis-cart-558f8d8d44-x95rj,1739730586,96763904
redis-cart,redis-cart-558f8d8d44-x95rj,1739730886,96763904
redis-cart,redis-cart-558f8d8d44-x95rj,1739731186,97906688
redis-cart,redis-cart-558f8d8d44-x95rj,1739731486,97140736
redis-cart,redis-cart-558f8d8d44-x95rj,1739731786,98533376
redis-cart,redis-cart-558f8d8d44-x95rj,1739732086,98594816
redis-cart,redis-cart-558f8d8d44-x95rj,1739732386,98557952
redis-cart,redis-cart-558f8d8d44-x95rj,1739732686,98557952
redis-cart,redis-cart-558f8d8d44-x95rj,1739732986,98738176
redis-cart,redis-cart-558f8d8d44-x95rj,1739733286,99020800
redis-cart,redis-cart-558f8d8d44-x95rj,1739733586,98951168
redis-cart,redis-cart-558f8d8d44-x95rj,1739733886,99049472
redis-cart,redis-cart-558f8d8d44-x95rj,1739734186,99287040
redis-cart,redis-cart-558f8d8d44-x95rj,1739734486,98955264
redis-cart,redis-cart-558f8d8d44-x95rj,1739734786,99069952
redis-cart,redis-cart-558f8d8d44-x95rj,1739735086,99065856
redis-cart,redis-cart-558f8d8d44-x95rj,1739735386,99270656
redis-cart,redis-cart-558f8d8d44-x95rj,1739735686,97234944
redis-cart,redis-cart-558f8d8d44-x95rj,1739735986,97845248
redis-cart,redis-cart-558f8d8d44-x95rj,1739736286,98267136
redis-cart,redis-cart-558f8d8d44-x95rj,1739736586,98234368
redis-cart,redis-cart-558f8d8d44-x95rj,1739736886,98267136
redis-cart,redis-cart-558f8d8d44-x95rj,1739737186,98340864
redis-cart,redis-cart-558f8d8d44-x95rj,1739737486,98209792
redis-cart,redis-cart-558f8d8d44-x95rj,1739737786,98205696
redis-cart,redis-cart-558f8d8d44-x95rj,1739738086,98230272
redis-cart,redis-cart-558f8d8d44-x95rj,1739738386,100188160
redis-cart,redis-cart-558f8d8d44-x95rj,1739738686,98414592
redis-cart,redis-cart-558f8d8d44-x95rj,1739738986,98480128
redis-cart,redis-cart-558f8d8d44-x95rj,1739739286,98541568
redis-cart,redis-cart-558f8d8d44-x95rj,1739739586,98603008
redis-cart,redis-cart-558f8d8d44-x95rj,1739739886,98680832
redis-cart,redis-cart-558f8d8d44-x95rj,1739740186,98525184
redis-cart,redis-cart-558f8d8d44-x95rj,1739740486,98525184
redis-cart,redis-cart-558f8d8d44-x95rj,1739740786,98713600
redis-cart,redis-cart-558f8d8d44-x95rj,1739741086,98365440
redis-cart,redis-cart-558f8d8d44-x95rj,1739741386,98365440
redis-cart,redis-cart-558f8d8d44-x95rj,1739741686,98451456
redis-cart,redis-cart-558f8d8d44-x95rj,1739741986,98549760
redis-cart,redis-cart-558f8d8d44-x95rj,1739742286,98541568
redis-cart,redis-cart-558f8d8d44-x95rj,1739742586,98697216
redis-cart,redis-cart-558f8d8d44-x95rj,1739742886,98553856
redis-cart,redis-cart-558f8d8d44-x95rj,1739743186,98549760
redis-cart,redis-cart-558f8d8d44-x95rj,1739743486,98570240
redis-cart,redis-cart-558f8d8d44-x95rj,1739743786,99987456
redis-cart,redis-cart-558f8d8d44-x95rj,1739744086,98381824
redis-cart,redis-cart-558f8d8d44-x95rj,1739744386,98861056
redis-cart,redis-cart-558f8d8d44-x95rj,1739744686,98414592
redis-cart,redis-cart-558f8d8d44-x95rj,1739744986,98496512
redis-cart,redis-cart-558f8d8d44-x95rj,1739745286,98693120
redis-cart,redis-cart-558f8d8d44-x95rj,1739745586,100421632
redis-cart,redis-cart-558f8d8d44-x95rj,1739745886,98750464
redis-cart,redis-cart-558f8d8d44-x95rj,1739746186,98578432
redis-cart,redis-cart-558f8d8d44-x95rj,1739746486,98578432
redis-cart,redis-cart-558f8d8d44-x95rj,1739746786,98770944
redis-cart,redis-cart-558f8d8d44-x95rj,1739747086,101171200
redis-cart,redis-cart-558f8d8d44-x95rj,1739747386,99192832
redis-cart,redis-cart-558f8d8d44-x95rj,1739747686,98390016
redis-cart,redis-cart-558f8d8d44-x95rj,1739747986,98848768
redis-cart,redis-cart-558f8d8d44-x95rj,1739748286,99037184
redis-cart,redis-cart-558f8d8d44-x95rj,1739748586,99246080
redis-cart,redis-cart-558f8d8d44-x95rj,1739748886,98353152
redis-cart,redis-cart-558f8d8d44-x95rj,1739749186,98541568
redis-cart,redis-cart-558f8d8d44-x95rj,1739749486,98910208
redis-cart,redis-cart-558f8d8d44-x95rj,1739749786,99254272
redis-cart,redis-cart-558f8d8d44-x95rj,1739750086,99352576
redis-cart,redis-cart-558f8d8d44-x95rj,1739750386,99438592
redis-cart,redis-cart-558f8d8d44-x95rj,1739750686,99549184
redis-cart,redis-cart-558f8d8d44-x95rj,1739750986,101335040
redis-cart,redis-cart-558f8d8d44-x95rj,1739751286,99729408
redis-cart,redis-cart-558f8d8d44-x95rj,1739751586,99622912
redis-cart,redis-cart-558f8d8d44-x95rj,1739751886,99770368
redis-cart,redis-cart-558f8d8d44-x95rj,1739752186,99770368
redis-cart,redis-cart-558f8d8d44-x95rj,1739752486,99774464
redis-cart,redis-cart-558f8d8d44-x95rj,1739752786,99741696
redis-cart,redis-cart-558f8d8d44-x95rj,1739753086,100155392
redis-cart,redis-cart-558f8d8d44-x95rj,1739753386,100188160
redis-cart,redis-cart-558f8d8d44-x95rj,1739753686,100028416
redis-cart,redis-cart-558f8d8d44-x95rj,1739753986,100040704
redis-cart,redis-cart-558f8d8d44-x95rj,1739754286,100179968
redis-cart,redis-cart-558f8d8d44-x95rj,1739754586,100179968
redis-cart,redis-cart-558f8d8d44-x95rj,1739754886,100159488
redis-cart,redis-cart-558f8d8d44-x95rj,1739755186,100151296
redis-cart,redis-cart-558f8d8d44-x95rj,1739755486,100487168
redis-cart,redis-cart-558f8d8d44-x95rj,1739755786,100380672
redis-cart,redis-cart-558f8d8d44-x95rj,1739756086,99897344
redis-cart,redis-cart-558f8d8d44-x95rj,1739756386,99897344
redis-cart,redis-cart-558f8d8d44-x95rj,1739756686,100012032
redis-cart,redis-cart-558f8d8d44-x95rj,1739756986,100122624
redis-cart,redis-cart-558f8d8d44-x95rj,1739757286,100028416
redis-cart,redis-cart-558f8d8d44-x95rj,1739757586,100372480
redis-cart,redis-cart-558f8d8d44-x95rj,1739757886,100012032
redis-cart,redis-cart-558f8d8d44-x95rj,1739758186,101957632
redis-cart,redis-cart-558f8d8d44-x95rj,1739758486,100184064
redis-cart,redis-cart-558f8d8d44-x95rj,1739758786,100368384
redis-cart,redis-cart-558f8d8d44-x95rj,1739759086,100655104
redis-cart,redis-cart-558f8d8d44-x95rj,1739759386,100339712
redis-cart,redis-cart-558f8d8d44-x95rj,1739759686,100622336
redis-cart,redis-cart-558f8d8d44-x95rj,1739759986,102240256
redis-cart,redis-cart-558f8d8d44-x95rj,1739760286,100708352
redis-cart,redis-cart-558f8d8d44-x95rj,1739760586,100798464
redis-cart,redis-cart-558f8d8d44-x95rj,1739760886,100753408
redis-cart,redis-cart-558f8d8d44-x95rj,1739761186,100745216
redis-cart,redis-cart-558f8d8d44-x95rj,1739761486,100839424
redis-cart,redis-cart-558f8d8d44-x95rj,1739761786,102641664
redis-cart,redis-cart-558f8d8d44-x95rj,1739762086,101101568
redis-cart,redis-cart-558f8d8d44-x95rj,1739762386,100859904
redis-cart,redis-cart-558f8d8d44-x95rj,1739762686,100929536
redis-cart,redis-cart-558f8d8d44-x95rj,1739762986,100904960
redis-cart,redis-cart-558f8d8d44-x95rj,1739763286,101027840
redis-cart,redis-cart-558f8d8d44-x95rj,1739763586,104251392
redis-cart,redis-cart-558f8d8d44-x95rj,1739763886,103006208
redis-cart,redis-cart-558f8d8d44-x95rj,1739764186,102395904
redis-cart,redis-cart-558f8d8d44-x95rj,1739764486,102391808
redis-cart,redis-cart-558f8d8d44-x95rj,1739764786,103084032
redis-cart,redis-cart-558f8d8d44-x95rj,1739765086,102707200
redis-cart,redis-cart-558f8d8d44-x95rj,1739765386,103477248
redis-cart,redis-cart-558f8d8d44-x95rj,1739765686,102805504
redis-cart,redis-cart-558f8d8d44-x95rj,1739765986,102809600
redis-cart,redis-cart-558f8d8d44-x95rj,1739766286,105639936
redis-cart,redis-cart-558f8d8d44-x95rj,1739766586,105566208
redis-cart,redis-cart-558f8d8d44-x95rj,1739766886,105586688
redis-cart,redis-cart-558f8d8d44-x95rj,1739767186,107630592
redis-cart,redis-cart-558f8d8d44-x95rj,1739767486,106090496
redis-cart,redis-cart-558f8d8d44-x95rj,1739767786,106029056
redis-cart,redis-cart-558f8d8d44-x95rj,1739768086,105848832
redis-cart,redis-cart-558f8d8d44-x95rj,1739768386,105992192
redis-cart,redis-cart-558f8d8d44-x95rj,1739768686,106160128
redis-cart,redis-cart-558f8d8d44-x95rj,1739768986,107761664
redis-cart,redis-cart-558f8d8d44-x95rj,1739769286,106459136
redis-cart,redis-cart-558f8d8d44-x95rj,1739769586,106414080
redis-cart,redis-cart-558f8d8d44-x95rj,1739769886,106409984
redis-cart,redis-cart-558f8d8d44-x95rj,1739770186,106582016
redis-cart,redis-cart-558f8d8d44-x95rj,1739770486,106553344
redis-cart,redis-cart-558f8d8d44-x95rj,1739770786,108294144
redis-cart,redis-cart-558f8d8d44-x95rj,1739771086,106684416
redis-cart,redis-cart-558f8d8d44-x95rj,1739771386,106885120
redis-cart,redis-cart-558f8d8d44-x95rj,1739771686,106790912
redis-cart,redis-cart-558f8d8d44-x95rj,1739771986,107245568
redis-cart,redis-cart-558f8d8d44-x95rj,1739772286,106844160
redis-cart,redis-cart-558f8d8d44-x95rj,1739772586,108875776
redis-cart,redis-cart-558f8d8d44-x95rj,1739772886,106643456
redis-cart,redis-cart-558f8d8d44-x95rj,1739773186,106647552
redis-cart,redis-cart-558f8d8d44-x95rj,1739773486,106655744
redis-cart,redis-cart-558f8d8d44-x95rj,1739773786,106749952
redis-cart,redis-cart-558f8d8d44-x95rj,1739774086,106733568
redis-cart,redis-cart-558f8d8d44-x95rj,1739774386,106766336
redis-cart,redis-cart-558f8d8d44-x95rj,1739774686,106741760
redis-cart,redis-cart-558f8d8d44-x95rj,1739774986,107102208
redis-cart,redis-cart-558f8d8d44-x95rj,1739775286,107196416
redis-cart,redis-cart-558f8d8d44-x95rj,1739775586,107192320
redis-cart,redis-cart-558f8d8d44-x95rj,1739775886,107266048
redis-cart,redis-cart-558f8d8d44-x95rj,1739776186,107266048
redis-cart,redis-cart-558f8d8d44-x95rj,1739776486,108797952
redis-cart,redis-cart-558f8d8d44-x95rj,1739776786,109780992
redis-cart,redis-cart-558f8d8d44-x95rj,1739777086,110571520
redis-cart,redis-cart-558f8d8d44-x95rj,1739777386,111210496
redis-cart,redis-cart-558f8d8d44-x95rj,1739777686,112435200
redis-cart,redis-cart-558f8d8d44-x95rj,1739777986,114540544
redis-cart,redis-cart-558f8d8d44-x95rj,1739778286,113414144
redis-cart,redis-cart-558f8d8d44-x95rj,1739778586,114110464
redis-cart,redis-cart-558f8d8d44-x95rj,1739778886,114913280
redis-cart,redis-cart-558f8d8d44-x95rj,1739779186,116080640
redis-cart,redis-cart-558f8d8d44-x95rj,1739779486,117555200
redis-cart,redis-cart-558f8d8d44-x95rj,1739779786,119001088
redis-cart,redis-cart-558f8d8d44-x95rj,1739780086,120369152
redis-cart,redis-cart-558f8d8d44-x95rj,1739780386,121606144
redis-cart,redis-cart-558f8d8d44-x95rj,1739780686,122875904
redis-cart,redis-cart-558f8d8d44-x95rj,1739780986,128978944
redis-cart,redis-cart-558f8d8d44-x95rj,1739781286,125902848
redis-cart,redis-cart-558f8d8d44-x95rj,1739781586,128335872
redis-cart,redis-cart-558f8d8d44-x95rj,1739781886,127438848
redis-cart,redis-cart-558f8d8d44-x95rj,1739782186,127975424
redis-cart,redis-cart-558f8d8d44-x95rj,1739782486,127635456
redis-cart,redis-cart-558f8d8d44-x95rj,1739782786,127778816
redis-cart,redis-cart-558f8d8d44-x95rj,1739783086,127889408
redis-cart,redis-cart-558f8d8d44-x95rj,1739783386,127918080
redis-cart,redis-cart-558f8d8d44-x95rj,1739783686,127860736
redis-cart,redis-cart-558f8d8d44-x95rj,1739783986,129314816
redis-cart,redis-cart-558f8d8d44-x95rj,1739784286,130732032
redis-cart,redis-cart-558f8d8d44-x95rj,1739784586,132112384
redis-cart,redis-cart-558f8d8d44-x95rj,1739784886,133517312
redis-cart,redis-cart-558f8d8d44-x95rj,1739785186,135692288
redis-cart,redis-cart-558f8d8d44-x95rj,1739785486,136527872
redis-cart,redis-cart-558f8d8d44-x95rj,1739785786,137211904
redis-cart,redis-cart-558f8d8d44-x95rj,1739786086,138653696
redis-cart,redis-cart-558f8d8d44-x95rj,1739786386,139915264
redis-cart,redis-cart-558f8d8d44-x95rj,1739786686,141504512
redis-cart,redis-cart-558f8d8d44-x95rj,1739786986,144613376
redis-cart,redis-cart-558f8d8d44-x95rj,1739787286,144138240
redis-cart,redis-cart-558f8d8d44-x95rj,1739787586,145969152
redis-cart,redis-cart-558f8d8d44-x95rj,1739787886,146817024
redis-cart,redis-cart-558f8d8d44-x95rj,1739788186,148369408
redis-cart,redis-cart-558f8d8d44-x95rj,1739788486,154177536
redis-cart,redis-cart-558f8d8d44-x95rj,1739788786,159612928
redis-cart,redis-cart-558f8d8d44-x95rj,1739789086,156983296
redis-cart,redis-cart-558f8d8d44-x95rj,1739789386,157917184
redis-cart,redis-cart-558f8d8d44-x95rj,1739789686,159141888
redis-cart,redis-cart-558f8d8d44-x95rj,1739789986,160448512
redis-cart,redis-cart-558f8d8d44-x95rj,1739790286,163254272
redis-cart,redis-cart-558f8d8d44-x95rj,1739790586,162881536
redis-cart,redis-cart-558f8d8d44-x95rj,1739790886,163995648
redis-cart,redis-cart-558f8d8d44-x95rj,1739791186,165318656
redis-cart,redis-cart-558f8d8d44-x95rj,1739791486,166699008
redis-cart,redis-cart-558f8d8d44-x95rj,1739791786,168148992
redis-cart,redis-cart-558f8d8d44-x95rj,1739792086,169353216
redis-cart,redis-cart-558f8d8d44-x95rj,1739792386,172331008
redis-cart,redis-cart-558f8d8d44-x95rj,1739792686,171679744
redis-cart,redis-cart-558f8d8d44-x95rj,1739792986,172507136
redis-cart,redis-cart-558f8d8d44-x95rj,1739793286,172097536
redis-cart,redis-cart-558f8d8d44-x95rj,1739793586,172126208
redis-cart,redis-cart-558f8d8d44-x95rj,1739793886,171487232
redis-cart,redis-cart-558f8d8d44-x95rj,1739794186,171491328
redis-cart,redis-cart-558f8d8d44-x95rj,1739794486,171778048
redis-cart,redis-cart-558f8d8d44-x95rj,1739794786,172003328
redis-cart,redis-cart-558f8d8d44-x95rj,1739795086,172027904
redis-cart,redis-cart-558f8d8d44-x95rj,1739795386,171945984
redis-cart,redis-cart-558f8d8d44-x95rj,1739795686,171950080
redis-cart,redis-cart-558f8d8d44-x95rj,1739795986,173830144
redis-cart,redis-cart-558f8d8d44-x95rj,1739796286,172425216
redis-cart,redis-cart-558f8d8d44-x95rj,1739796586,172498944
redis-cart,redis-cart-558f8d8d44-x95rj,1739796886,171978752
redis-cart,redis-cart-558f8d8d44-x95rj,1739797186,171991040
redis-cart,redis-cart-558f8d8d44-x95rj,1739797486,172756992
redis-cart,redis-cart-558f8d8d44-x95rj,1739797786,173895680
redis-cart,redis-cart-558f8d8d44-x95rj,1739798086,174866432
redis-cart,redis-cart-558f8d8d44-x95rj,1739798386,175460352
redis-cart,redis-cart-558f8d8d44-x95rj,1739798686,176078848
redis-cart,redis-cart-558f8d8d44-x95rj,1739798986,176627712
redis-cart,redis-cart-558f8d8d44-x95rj,1739799286,176623616
redis-cart,redis-cart-558f8d8d44-x95rj,1739799586,178454528
redis-cart,redis-cart-558f8d8d44-x95rj,1739799886,176971776
redis-cart,redis-cart-558f8d8d44-x95rj,1739800186,177111040
redis-cart,redis-cart-558f8d8d44-x95rj,1739800486,177029120
redis-cart,redis-cart-558f8d8d44-x95rj,1739800786,177029120
redis-cart,redis-cart-558f8d8d44-x95rj,1739801086,187727872
redis-cart,redis-cart-558f8d8d44-x95rj,1739801386,180244480
redis-cart,redis-cart-558f8d8d44-x95rj,1739801686,179277824
redis-cart,redis-cart-558f8d8d44-x95rj,1739801986,180129792
redis-cart,redis-cart-558f8d8d44-x95rj,1739802286,180985856
redis-cart,redis-cart-558f8d8d44-x95rj,1739802586,181571584
redis-cart,redis-cart-558f8d8d44-x95rj,1739802886,182345728
redis-cart,redis-cart-558f8d8d44-x95rj,1739803186,185102336
redis-cart,redis-cart-558f8d8d44-x95rj,1739803486,183365632
redis-cart,redis-cart-558f8d8d44-x95rj,1739803786,183365632
redis-cart,redis-cart-558f8d8d44-x95rj,1739804086,183672832
redis-cart,redis-cart-558f8d8d44-x95rj,1739804386,184590336
redis-cart,redis-cart-558f8d8d44-x95rj,1739804686,185282560
redis-cart,redis-cart-558f8d8d44-x95rj,1739804986,185597952
redis-cart,redis-cart-558f8d8d44-x95rj,1739805286,186507264
redis-cart,redis-cart-558f8d8d44-x95rj,1739805586,186679296
redis-cart,redis-cart-558f8d8d44-x95rj,1739805886,186806272
redis-cart,redis-cart-558f8d8d44-x95rj,1739806186,186843136
redis-cart,redis-cart-558f8d8d44-x95rj,1739806486,186687488
redis-cart,redis-cart-558f8d8d44-x95rj,1739806786,187228160
redis-cart,redis-cart-558f8d8d44-x95rj,1739807086,186953728
redis-cart,redis-cart-558f8d8d44-x95rj,1739807386,186896384
redis-cart,redis-cart-558f8d8d44-x95rj,1739807686,187158528
redis-cart,redis-cart-558f8d8d44-x95rj,1739807986,186896384
redis-cart,redis-cart-558f8d8d44-x95rj,1739808286,187121664
redis-cart,redis-cart-558f8d8d44-x95rj,1739808586,187637760
redis-cart,redis-cart-558f8d8d44-x95rj,1739808886,188747776
redis-cart,redis-cart-558f8d8d44-x95rj,1739809186,189644800
redis-cart,redis-cart-558f8d8d44-x95rj,1739809486,190824448
redis-cart,redis-cart-558f8d8d44-x95rj,1739809786,191963136
redis-cart,redis-cart-558f8d8d44-x95rj,1739810086,194891776
redis-cart,redis-cart-558f8d8d44-x95rj,1739810386,193937408
redis-cart,redis-cart-558f8d8d44-x95rj,1739810686,194039808
redis-cart,redis-cart-558f8d8d44-x95rj,1739810986,194043904
redis-cart,redis-cart-558f8d8d44-x95rj,1739811286,194084864
redis-cart,redis-cart-558f8d8d44-x95rj,1739811586,194093056
redis-cart,redis-cart-558f8d8d44-x95rj,1739811886,194412544
redis-cart,redis-cart-558f8d8d44-x95rj,1739812186,193974272
redis-cart,redis-cart-558f8d8d44-x95rj,1739812486,193970176
redis-cart,redis-cart-558f8d8d44-x95rj,1739812786,193970176
redis-cart,redis-cart-558f8d8d44-x95rj,1739813086,195039232
redis-cart,redis-cart-558f8d8d44-x95rj,1739813386,196235264
redis-cart,redis-cart-558f8d8d44-x95rj,1739813686,199180288
redis-cart,redis-cart-558f8d8d44-x95rj,1739813986,197926912
redis-cart,redis-cart-558f8d8d44-x95rj,1739814286,198922240
redis-cart,redis-cart-558f8d8d44-x95rj,1739814586,198410240
redis-cart,redis-cart-558f8d8d44-x95rj,1739814886,198406144
redis-cart,redis-cart-558f8d8d44-x95rj,1739815186,198406144
redis-cart,redis-cart-558f8d8d44-x95rj,1739815486,198406144
redis-cart,redis-cart-558f8d8d44-x95rj,1739815786,198803456
redis-cart,redis-cart-558f8d8d44-x95rj,1739816086,198348800
redis-cart,redis-cart-558f8d8d44-x95rj,1739816386,198348800
redis-cart,redis-cart-558f8d8d44-x95rj,1739816686,198520832
redis-cart,redis-cart-558f8d8d44-x95rj,1739816986,198782976
redis-cart,redis-cart-558f8d8d44-x95rj,1739817286,198565888
redis-cart,redis-cart-558f8d8d44-x95rj,1739817586,198864896
redis-cart,redis-cart-558f8d8d44-x95rj,1739817886,198795264
redis-cart,redis-cart-558f8d8d44-x95rj,1739818186,199090176
redis-cart,redis-cart-558f8d8d44-x95rj,1739818486,198160384
redis-cart,redis-cart-558f8d8d44-x95rj,1739818786,198148096
redis-cart,redis-cart-558f8d8d44-x95rj,1739819086,198578176
redis-cart,redis-cart-558f8d8d44-x95rj,1739819386,198520832
redis-cart,redis-cart-558f8d8d44-x95rj,1739819686,198893568
redis-cart,redis-cart-558f8d8d44-x95rj,1739819986,198893568
redis-cart,redis-cart-558f8d8d44-x95rj,1739820286,198774784
redis-cart,redis-cart-558f8d8d44-x95rj,1739820586,198778880
redis-cart,redis-cart-558f8d8d44-x95rj,1739820886,198926336
redis-cart,redis-cart-558f8d8d44-x95rj,1739821186,198975488
redis-cart,redis-cart-558f8d8d44-x95rj,1739821486,199225344
redis-cart,redis-cart-558f8d8d44-x95rj,1739821786,199307264
redis-cart,redis-cart-558f8d8d44-x95rj,1739822086,199315456
redis-cart,redis-cart-558f8d8d44-x95rj,1739822386,199532544
redis-cart,redis-cart-558f8d8d44-x95rj,1739822686,199499776
redis-cart,redis-cart-558f8d8d44-x95rj,1739822986,199864320
redis-cart,redis-cart-558f8d8d44-x95rj,1739823286,199569408
redis-cart,redis-cart-558f8d8d44-x95rj,1739823586,199614464
redis-cart,redis-cart-558f8d8d44-x95rj,1739823886,199606272
redis-cart,redis-cart-558f8d8d44-x95rj,1739824186,199630848
redis-cart,redis-cart-558f8d8d44-x95rj,1739824486,199938048
redis-cart,redis-cart-558f8d8d44-x95rj,1739824786,199782400
redis-cart,redis-cart-558f8d8d44-x95rj,1739825086,200237056
redis-cart,redis-cart-558f8d8d44-x95rj,1739825386,200220672
redis-cart,redis-cart-558f8d8d44-x95rj,1739825686,200212480
redis-cart,redis-cart-558f8d8d44-x95rj,1739825986,200376320
redis-cart,redis-cart-558f8d8d44-x95rj,1739826286,201265152
redis-cart,redis-cart-558f8d8d44-x95rj,1739826586,201494528
redis-cart,redis-cart-558f8d8d44-x95rj,1739826886,195850240
redis-cart,redis-cart-558f8d8d44-x95rj,1739827186,199573504
redis-cart,redis-cart-558f8d8d44-x95rj,1739827486,200335360
redis-cart,redis-cart-558f8d8d44-x95rj,1739827786,200945664
redis-cart,redis-cart-558f8d8d44-x95rj,1739828086,201715712
redis-cart,redis-cart-558f8d8d44-x95rj,1739828386,202485760
redis-cart,redis-cart-558f8d8d44-x95rj,1739828686,203567104
redis-cart,redis-cart-558f8d8d44-x95rj,1739828986,204079104
redis-cart,redis-cart-558f8d8d44-x95rj,1739829286,204763136
redis-cart,redis-cart-558f8d8d44-x95rj,1739829586,205553664
redis-cart,redis-cart-558f8d8d44-x95rj,1739829886,206372864
redis-cart,redis-cart-558f8d8d44-x95rj,1739830186,209063936
redis-cart,redis-cart-558f8d8d44-x95rj,1739830486,208072704
redis-cart,redis-cart-558f8d8d44-x95rj,1739830786,208818176
redis-cart,redis-cart-558f8d8d44-x95rj,1739831086,209530880
redis-cart,redis-cart-558f8d8d44-x95rj,1739831386,210255872
loadgenerator,loadgenerator-65c45fdfc-wq9vn,1739226586,134823936
loadgenerator,loadgenerator-65c45fdfc-wq9vn,1739226886,134868992
loadgenerator,loadgenerator-65c45fdfc-wq9vn,1739227186,134721536
loadgenerator,loadgenerator-65c45fdfc-wq9vn,1739227486,136609792
loadgenerator,loadgenerator-65c45fdfc-wq9vn,1739227786,134938624
loadgenerator,loadgenerator-65c45fdfc-wq9vn,1739228086,136019968
loadgenerator,loadgenerator-65c45fdfc-wq9vn,1739228386,136613888
loadgenerator,loadgenerator-65c45fdfc-wq9vn,1739228686,136617984
loadgenerator,loadgenerator-65c45fdfc-wq9vn,1739228986,136617984
loadgenerator,loadgenerator-65c45fdfc-wq9vn,1739229286,136617984
loadgenerator,loadgenerator-65c45fdfc-wq9vn,1739229586,136622080
loadgenerator,loadgenerator-65c45fdfc-wq9vn,1739229886,136622080
loadgenerator,loadgenerator-65c45fdfc-wq9vn,1739230186,136855552
loadgenerator,loadgenerator-65c45fdfc-wq9vn,1739230486,136716288
loadgenerator,loadgenerator-65c45fdfc-wq9vn,1739230786,136724480
loadgenerator,loadgenerator-65c45fdfc-wq9vn,1739231086,136896512
loadgenerator,loadgenerator-65c45fdfc-wq9vn,1739231386,138944512
loadgenerator,loadgenerator-65c45fdfc-wq9vn,1739231686,137408512
loadgenerator,loadgenerator-65c45fdfc-wq9vn,1739231986,137691136
loadgenerator,loadgenerator-65c45fdfc-wq9vn,1739232286,138018816
loadgenerator,loadgenerator-65c45fdfc-wq9vn,1739232586,138039296
loadgenerator,loadgenerator-65c45fdfc-wq9vn,1739232886,137867264
loadgenerator,loadgenerator-65c45fdfc-wq9vn,1739233186,137625600
loadgenerator,loadgenerator-65c45fdfc-wq9vn,1739233486,137822208
loadgenerator,loadgenerator-65c45fdfc-wq9vn,1739233786,137891840
loadgenerator,loadgenerator-65c45fdfc-wq9vn,1739234086,137949184
loadgenerator,loadgenerator-65c45fdfc-wq9vn,1739234386,137998336
loadgenerator,loadgenerator-65c45fdfc-wq9vn,1739234686,138047488
loadgenerator,loadgenerator-65c45fdfc-wq9vn,1739234986,138395648
loadgenerator,loadgenerator-65c45fdfc-wq9vn,1739235286,138694656
loadgenerator,loadgenerator-65c45fdfc-wq9vn,1739235586,138690560
loadgenerator,loadgenerator-65c45fdfc-wq9vn,1739235886,139063296
loadgenerator,loadgenerator-65c45fdfc-wq9vn,1739236186,139309056
loadgenerator,loadgenerator-65c45fdfc-wq9vn,1739236486,139354112
loadgenerator,loadgenerator-65c45fdfc-wq9vn,1739236786,139145216
loadgenerator,loadgenerator-65c45fdfc-wq9vn,1739237086,139849728
loadgenerator,loadgenerator-65c45fdfc-wq9vn,1739237386,139952128
loadgenerator,loadgenerator-65c45fdfc-wq9vn,1739237686,140062720
loadgenerator,loadgenerator-65c45fdfc-wq9vn,1739237986,140308480
loadgenerator,loadgenerator-65c45fdfc-wq9vn,1739238286,139939840
loadgenerator,loadgenerator-65c45fdfc-wq9vn,1739238586,140017664
loadgenerator,loadgenerator-65c45fdfc-wq9vn,1739238886,140103680
loadgenerator,loadgenerator-65c45fdfc-wq9vn,1739239186,140177408
loadgenerator,loadgenerator-65c45fdfc-wq9vn,1739239486,140193792
loadgenerator,loadgenerator-65c45fdfc-wq9vn,1739239786,140222464
loadgenerator,loadgenerator-65c45fdfc-wq9vn,1739240086,140292096
loadgenerator,loadgenerator-65c45fdfc-wq9vn,1739240386,140484608
loadgenerator,loadgenerator-65c45fdfc-wq9vn,1739240686,140615680
loadgenerator,loadgenerator-65c45fdfc-wq9vn,1739240986,140738560
loadgenerator,loadgenerator-65c45fdfc-wq9vn,1739241286,141070336
loadgenerator,loadgenerator-65c45fdfc-wq9vn,1739241586,141049856
loadgenerator,loadgenerator-65c45fdfc-wq9vn,1739241886,141066240
loadgenerator,loadgenerator-65c45fdfc-wq9vn,1739242186,142696448
loadgenerator,loadgenerator-65c45fdfc-wq9vn,1739242486,141160448
loadgenerator,loadgenerator-65c45fdfc-wq9vn,1739242786,141484032
loadgenerator,loadgenerator-65c45fdfc-wq9vn,1739243086,141299712
loadgenerator,loadgenerator-65c45fdfc-wq9vn,1739243386,140967936
loadgenerator,loadgenerator-65c45fdfc-wq9vn,1739243686,141017088
loadgenerator,loadgenerator-65c45fdfc-wq9vn,1739243986,141074432
loadgenerator,loadgenerator-65c45fdfc-wq9vn,1739244286,141152256
loadgenerator,loadgenerator-65c45fdfc-wq9vn,1739244586,141213696
loadgenerator,loadgenerator-65c45fdfc-wq9vn,1739244886,141275136
loadgenerator,loadgenerator-65c45fdfc-wq9vn,1739245186,141324288
loadgenerator,loadgenerator-65c45fdfc-wq9vn,1739245486,141533184
loadgenerator,loadgenerator-65c45fdfc-wq9vn,1739245786,141910016
loadgenerator,loadgenerator-65c45fdfc-wq9vn,1739246086,142442496
loadgenerator,loadgenerator-65c45fdfc-wq9vn,1739246386,142876672
loadgenerator,loadgenerator-65c45fdfc-wq9vn,1739246686,143073280
loadgenerator,loadgenerator-65c45fdfc-wq9vn,1739246986,143093760
loadgenerator,loadgenerator-65c45fdfc-wq9vn,1739247286,143433728
loadgenerator,loadgenerator-65c45fdfc-wq9vn,1739247586,145211392
loadgenerator,loadgenerator-65c45fdfc-wq9vn,1739247886,143736832
loadgenerator,loadgenerator-65c45fdfc-wq9vn,1739248186,143695872
loadgenerator,loadgenerator-65c45fdfc-wq9vn,1739248486,143740928
loadgenerator,loadgenerator-65c45fdfc-wq9vn,1739248786,143847424
loadgenerator,loadgenerator-65c45fdfc-wq9vn,1739249086,143912960
loadgenerator,loadgenerator-65c45fdfc-wq9vn,1739249386,143941632
loadgenerator,loadgenerator-65c45fdfc-wq9vn,1739249686,144068608
loadgenerator,loadgenerator-65c45fdfc-wq9vn,1739249986,145383424
loadgenerator,loadgenerator-65c45fdfc-wq9vn,1739250286,145416192
loadgenerator,loadgenerator-65c45fdfc-wq9vn,1739250586,145420288
loadgenerator,loadgenerator-65c45fdfc-wq9vn,1739250886,145567744
loadgenerator,loadgenerator-65c45fdfc-wq9vn,1739251186,146935808
loadgenerator,loadgenerator-65c45fdfc-wq9vn,1739251486,145629184
loadgenerator,loadgenerator-65c45fdfc-wq9vn,1739251786,145715200
loadgenerator,loadgenerator-65c45fdfc-wq9vn,1739252086,145821696
loadgenerator,loadgenerator-65c45fdfc-wq9vn,1739252386,145895424
loadgenerator,loadgenerator-65c45fdfc-wq9vn,1739252686,146124800
loadgenerator,loadgenerator-65c45fdfc-wq9vn,1739252986,146145280
loadgenerator,loadgenerator-65c45fdfc-wq9vn,1739253286,146157568
loadgenerator,loadgenerator-65c45fdfc-wq9vn,1739253586,146264064
loadgenerator,loadgenerator-65c45fdfc-wq9vn,1739253886,146026496
loadgenerator,loadgenerator-65c45fdfc-wq9vn,1739254186,146083840
loadgenerator,loadgenerator-65c45fdfc-wq9vn,1739254486,146120704
loadgenerator,loadgenerator-65c45fdfc-wq9vn,1739254786,146399232
loadgenerator,loadgenerator-65c45fdfc-wq9vn,1739255086,146751488
loadgenerator,loadgenerator-65c45fdfc-wq9vn,1739255386,146898944
loadgenerator,loadgenerator-65c45fdfc-wq9vn,1739255686,146984960
loadgenerator,loadgenerator-65c45fdfc-wq9vn,1739255986,147140608
loadgenerator,loadgenerator-65c45fdfc-wq9vn,1739256286,147210240
loadgenerator,loadgenerator-65c45fdfc-wq9vn,1739256586,147320832
loadgenerator,loadgenerator-65c45fdfc-wq9vn,1739256886,147415040
loadgenerator,loadgenerator-65c45fdfc-wq9vn,1739257186,147992576
loadgenerator,loadgenerator-65c45fdfc-wq9vn,1739257486,147861504
loadgenerator,loadgenerator-65c45fdfc-wq9vn,1739257786,148291584
loadgenerator,loadgenerator-65c45fdfc-wq9vn,1739258086,148480000
loadgenerator,loadgenerator-65c45fdfc-wq9vn,1739258386,148570112
loadgenerator,loadgenerator-65c45fdfc-wq9vn,1739258686,148774912
loadgenerator,loadgenerator-65c45fdfc-wq9vn,1739258986,148201472
loadgenerator,loadgenerator-65c45fdfc-wq9vn,1739259286,148324352
loadgenerator,loadgenerator-65c45fdfc-wq9vn,1739259586,148365312
loadgenerator,loadgenerator-65c45fdfc-wq9vn,1739259886,148889600
loadgenerator,loadgenerator-65c45fdfc-wq9vn,1739260186,148791296
loadgenerator,loadgenerator-65c45fdfc-wq9vn,1739260486,148647936
loadgenerator,loadgenerator-65c45fdfc-wq9vn,1739260786,148733952
loadgenerator,loadgenerator-65c45fdfc-wq9vn,1739261086,148860928
loadgenerator,loadgenerator-65c45fdfc-wq9vn,1739261386,148905984
loadgenerator,loadgenerator-65c45fdfc-wq9vn,1739261686,148942848
loadgenerator,loadgenerator-65c45fdfc-wq9vn,1739261986,149020672
loadgenerator,loadgenerator-65c45fdfc-wq9vn,1739262286,149442560
loadgenerator,loadgenerator-65c45fdfc-wq9vn,1739262586,149299200
loadgenerator,loadgenerator-65c45fdfc-wq9vn,1739262886,149577728
loadgenerator,loadgenerator-65c45fdfc-wq9vn,1739263186,149692416
loadgenerator,loadgenerator-65c45fdfc-wq9vn,1739263486,151314432
loadgenerator,loadgenerator-65c45fdfc-wq9vn,1739263786,149639168
loadgenerator,loadgenerator-65c45fdfc-wq9vn,1739264086,149852160
loadgenerator,loadgenerator-65c45fdfc-wq9vn,1739264386,149565440
loadgenerator,loadgenerator-65c45fdfc-wq9vn,1739264686,149626880
loadgenerator,loadgenerator-65c45fdfc-wq9vn,1739264986,149630976
loadgenerator,loadgenerator-65c45fdfc-wq9vn,1739265286,149688320
loadgenerator,loadgenerator-65c45fdfc-wq9vn,1739265586,149946368
loadgenerator,loadgenerator-65c45fdfc-wq9vn,1739265886,150102016
loadgenerator,loadgenerator-65c45fdfc-wq9vn,1739266186,150147072
loadgenerator,loadgenerator-65c45fdfc-wq9vn,1739266486,150523904
loadgenerator,loadgenerator-65c45fdfc-wq9vn,1739266786,150687744
loadgenerator,loadgenerator-65c45fdfc-wq9vn,1739267086,150773760
loadgenerator,loadgenerator-65c45fdfc-wq9vn,1739267386,153595904
loadgenerator,loadgenerator-65c45fdfc-wq9vn,1739267686,153382912
loadgenerator,loadgenerator-65c45fdfc-wq9vn,1739267986,153477120
loadgenerator,loadgenerator-65c45fdfc-wq9vn,1739268286,154243072
loadgenerator,loadgenerator-65c45fdfc-wq9vn,1739268586,154333184
loadgenerator,loadgenerator-65c45fdfc-wq9vn,1739268886,155975680
loadgenerator,loadgenerator-65c45fdfc-wq9vn,1739269186,154615808
loadgenerator,loadgenerator-65c45fdfc-wq9vn,1739269486,155090944
loadgenerator,loadgenerator-65c45fdfc-wq9vn,1739269786,156020736
loadgenerator,loadgenerator-65c45fdfc-wq9vn,1739270086,155607040
loadgenerator,loadgenerator-65c45fdfc-wq9vn,1739270386,155688960
loadgenerator,loadgenerator-65c45fdfc-wq9vn,1739270686,155717632
loadgenerator,loadgenerator-65c45fdfc-wq9vn,1739270986,156295168
loadgenerator,loadgenerator-65c45fdfc-wq9vn,1739271286,156372992
loadgenerator,loadgenerator-65c45fdfc-wq9vn,1739271586,159145984
loadgenerator,loadgenerator-65c45fdfc-wq9vn,1739271886,159309824
loadgenerator,loadgenerator-65c45fdfc-wq9vn,1739272186,159318016
loadgenerator,loadgenerator-65c45fdfc-wq9vn,1739272486,160825344
loadgenerator,loadgenerator-65c45fdfc-wq9vn,1739272786,159666176
loadgenerator,loadgenerator-65c45fdfc-wq9vn,1739273086,159821824
loadgenerator,loadgenerator-65c45fdfc-wq9vn,1739273386,159981568
loadgenerator,loadgenerator-65c45fdfc-wq9vn,1739273686,160083968
loadgenerator,loadgenerator-65c45fdfc-wq9vn,1739273986,160047104
loadgenerator,loadgenerator-65c45fdfc-wq9vn,1739274286,160108544
loadgenerator,loadgenerator-65c45fdfc-wq9vn,1739274586,161775616
loadgenerator,loadgenerator-65c45fdfc-wq9vn,1739274886,160284672
loadgenerator,loadgenerator-65c45fdfc-wq9vn,1739275186,160419840
loadgenerator,loadgenerator-65c45fdfc-wq9vn,1739275486,160391168
loadgenerator,loadgenerator-65c45fdfc-wq9vn,1739275786,160555008
loadgenerator,loadgenerator-65c45fdfc-wq9vn,1739276086,160305152
loadgenerator,loadgenerator-65c45fdfc-wq9vn,1739276386,163016704
loadgenerator,loadgenerator-65c45fdfc-wq9vn,1739276686,163115008
loadgenerator,loadgenerator-65c45fdfc-wq9vn,1739276986,163209216
loadgenerator,loadgenerator-65c45fdfc-wq9vn,1739277286,163401728
loadgenerator,loadgenerator-65c45fdfc-wq9vn,1739277586,163504128
loadgenerator,loadgenerator-65c45fdfc-wq9vn,1739277886,163622912
loadgenerator,loadgenerator-65c45fdfc-wq9vn,1739278186,165363712
loadgenerator,loadgenerator-65c45fdfc-wq9vn,1739278486,163966976
loadgenerator,loadgenerator-65c45fdfc-wq9vn,1739278786,164184064
loadgenerator,loadgenerator-65c45fdfc-wq9vn,1739279086,164151296
loadgenerator,loadgenerator-65c45fdfc-wq9vn,1739279386,164200448
loadgenerator,loadgenerator-65c45fdfc-wq9vn,1739279686,164220928
loadgenerator,loadgenerator-65c45fdfc-wq9vn,1739279986,165855232
loadgenerator,loadgenerator-65c45fdfc-wq9vn,1739280286,164581376
loadgenerator,loadgenerator-65c45fdfc-wq9vn,1739280586,164790272
loadgenerator,loadgenerator-65c45fdfc-wq9vn,1739280886,164995072
loadgenerator,loadgenerator-65c45fdfc-wq9vn,1739281186,165097472
loadgenerator,loadgenerator-65c45fdfc-wq9vn,1739281486,164974592
loadgenerator,loadgenerator-65c45fdfc-wq9vn,1739281786,165101568
loadgenerator,loadgenerator-65c45fdfc-wq9vn,1739282086,164880384
loadgenerator,loadgenerator-65c45fdfc-wq9vn,1739282386,164974592
loadgenerator,loadgenerator-65c45fdfc-wq9vn,1739282686,165056512
loadgenerator,loadgenerator-65c45fdfc-wq9vn,1739282986,165371904
loadgenerator,loadgenerator-65c45fdfc-wq9vn,1739283286,165310464
loadgenerator,loadgenerator-65c45fdfc-wq9vn,1739283586,165412864
loadgenerator,loadgenerator-65c45fdfc-wq9vn,1739283886,166920192
loadgenerator,loadgenerator-65c45fdfc-wq9vn,1739284186,167190528
loadgenerator,loadgenerator-65c45fdfc-wq9vn,1739284486,167284736
loadgenerator,loadgenerator-65c45fdfc-wq9vn,1739284786,167399424
loadgenerator,loadgenerator-65c45fdfc-wq9vn,1739285086,167383040
loadgenerator,loadgenerator-65c45fdfc-wq9vn,1739285386,167612416
loadgenerator,loadgenerator-65c45fdfc-wq9vn,1739285686,169574400
loadgenerator,loadgenerator-65c45fdfc-wq9vn,1739285986,167849984
loadgenerator,loadgenerator-65c45fdfc-wq9vn,1739286286,167972864
loadgenerator,loadgenerator-65c45fdfc-wq9vn,1739286586,167915520
loadgenerator,loadgenerator-65c45fdfc-wq9vn,1739286886,167923712
loadgenerator,loadgenerator-65c45fdfc-wq9vn,1739287186,168103936
loadgenerator,loadgenerator-65c45fdfc-wq9vn,1739287486,168239104
loadgenerator,loadgenerator-65c45fdfc-wq9vn,1739287786,108740608
loadgenerator,loadgenerator-65c45fdfc-wq9vn,1739288086,132263936
loadgenerator,loadgenerator-65c45fdfc-wq9vn,1739288386,134430720
loadgenerator,loadgenerator-65c45fdfc-wq9vn,1739288686,134434816
loadgenerator,loadgenerator-65c45fdfc-wq9vn,1739288986,134443008
loadgenerator,loadgenerator-65c45fdfc-wq9vn,1739289286,134721536
loadgenerator,loadgenerator-65c45fdfc-wq9vn,1739289586,134459392
loadgenerator,loadgenerator-65c45fdfc-wq9vn,1739289886,136130560
loadgenerator,loadgenerator-65c45fdfc-wq9vn,1739290186,134852608
loadgenerator,loadgenerator-65c45fdfc-wq9vn,1739290486,134885376
redis-cart,redis-cart-558f8d8d44-fjj8q,1739392186,57016320
redis-cart,redis-cart-558f8d8d44-fjj8q,1739392486,57450496
redis-cart,redis-cart-558f8d8d44-fjj8q,1739392786,58458112
redis-cart,redis-cart-558f8d8d44-fjj8q,1739393086,59457536
redis-cart,redis-cart-558f8d8d44-fjj8q,1739393386,60096512
redis-cart,redis-cart-558f8d8d44-fjj8q,1739393686,60964864
redis-cart,redis-cart-558f8d8d44-fjj8q,1739393986,64516096
redis-cart,redis-cart-558f8d8d44-fjj8q,1739394286,64495616
redis-cart,redis-cart-558f8d8d44-fjj8q,1739394586,65298432
redis-cart,redis-cart-558f8d8d44-fjj8q,1739394886,66473984
redis-cart,redis-cart-558f8d8d44-fjj8q,1739395186,67227648
redis-cart,redis-cart-558f8d8d44-fjj8q,1739395486,68075520
redis-cart,redis-cart-558f8d8d44-fjj8q,1739395786,69058560
redis-cart,redis-cart-558f8d8d44-fjj8q,1739396086,69873664
redis-cart,redis-cart-558f8d8d44-fjj8q,1739396386,70676480
redis-cart,redis-cart-558f8d8d44-fjj8q,1739396686,71335936
redis-cart,redis-cart-558f8d8d44-fjj8q,1739396986,73220096
redis-cart,redis-cart-558f8d8d44-fjj8q,1739397286,73424896
redis-cart,redis-cart-558f8d8d44-fjj8q,1739397586,74334208
redis-cart,redis-cart-558f8d8d44-fjj8q,1739397886,75190272
redis-cart,redis-cart-558f8d8d44-fjj8q,1739398186,76013568
redis-cart,redis-cart-558f8d8d44-fjj8q,1739398486,76804096
redis-cart,redis-cart-558f8d8d44-fjj8q,1739398786,77885440
redis-cart,redis-cart-558f8d8d44-fjj8q,1739399086,78589952
redis-cart,redis-cart-558f8d8d44-fjj8q,1739399386,81002496
redis-cart,redis-cart-558f8d8d44-fjj8q,1739399686,79544320
redis-cart,redis-cart-558f8d8d44-fjj8q,1739399986,80392192
redis-cart,redis-cart-558f8d8d44-fjj8q,1739400286,81244160
redis-cart,redis-cart-558f8d8d44-fjj8q,1739400586,81395712
k6-load-test,k6-load-test-9bd7c8b76-lgtkg,1739312686,0
k6-load-test,k6-load-test-9bd7c8b76-lgtkg,1739312986,192892928
k6-load-test,k6-load-test-9bd7c8b76-lgtkg,1739313286,197263360
k6-load-test,k6-load-test-9bd7c8b76-lgtkg,1739313586,203759616
k6-load-test,k6-load-test-9bd7c8b76-lgtkg,1739313886,208011264
k6-load-test,k6-load-test-9bd7c8b76-lgtkg,1739314186,212316160
k6-load-test,k6-load-test-9bd7c8b76-lgtkg,1739314486,217317376
k6-load-test,k6-load-test-9bd7c8b76-lgtkg,1739314786,219439104
k6-load-test,k6-load-test-9bd7c8b76-lgtkg,1739315086,219627520
k6-load-test,k6-load-test-9bd7c8b76-lgtkg,1739315386,226074624
k6-load-test,k6-load-test-9bd7c8b76-lgtkg,1739315686,226168832
k6-load-test,k6-load-test-9bd7c8b76-lgtkg,1739315986,230649856
k6-load-test,k6-load-test-9bd7c8b76-lgtkg,1739316286,237371392
k6-load-test,k6-load-test-9bd7c8b76-lgtkg,1739316586,236339200
k6-load-test,k6-load-test-9bd7c8b76-lgtkg,1739316886,250281984
k6-load-test,k6-load-test-9bd7c8b76-lgtkg,1739317186,251813888
k6-load-test,k6-load-test-9bd7c8b76-lgtkg,1739317486,251838464
k6-load-test,k6-load-test-9bd7c8b76-lgtkg,1739317786,259358720
k6-load-test,k6-load-test-9bd7c8b76-lgtkg,1739318086,261234688
k6-load-test,k6-load-test-9bd7c8b76-lgtkg,1739318386,262406144
k6-load-test,k6-load-test-9bd7c8b76-lgtkg,1739318686,255803392
k6-load-test,k6-load-test-9bd7c8b76-lgtkg,1739318986,272629760
k6-load-test,k6-load-test-9bd7c8b76-lgtkg,1739319286,272994304
k6-load-test,k6-load-test-9bd7c8b76-lgtkg,1739319586,272875520
k6-load-test,k6-load-test-9bd7c8b76-lgtkg,1739319886,272900096
k6-load-test,k6-load-test-9bd7c8b76-lgtkg,1739320186,272924672
k6-load-test,k6-load-test-9bd7c8b76-lgtkg,1739320486,292106240
k6-load-test,k6-load-test-9bd7c8b76-lgtkg,1739320786,291938304
k6-load-test,k6-load-test-9bd7c8b76-lgtkg,1739321086,292012032
k6-load-test,k6-load-test-9bd7c8b76-lgtkg,1739321386,292036608
k6-load-test,k6-load-test-9bd7c8b76-lgtkg,1739321686,292052992
k6-load-test,k6-load-test-9bd7c8b76-lgtkg,1739321986,292352000
k6-load-test,k6-load-test-9bd7c8b76-lgtkg,1739322286,292327424
k6-load-test,k6-load-test-9bd7c8b76-lgtkg,1739322586,311058432
k6-load-test,k6-load-test-9bd7c8b76-lgtkg,1739322886,309202944
k6-load-test,k6-load-test-9bd7c8b76-lgtkg,1739323186,309202944
k6-load-test,k6-load-test-9bd7c8b76-lgtkg,1739323486,309227520
k6-load-test,k6-load-test-9bd7c8b76-lgtkg,1739323786,309501952
k6-load-test,k6-load-test-9bd7c8b76-lgtkg,1739324086,309342208
k6-load-test,k6-load-test-9bd7c8b76-lgtkg,1739324386,309358592
k6-load-test,k6-load-test-9bd7c8b76-lgtkg,1739324686,309391360
k6-load-test,k6-load-test-9bd7c8b76-lgtkg,1739324986,342945792
k6-load-test,k6-load-test-9bd7c8b76-lgtkg,1739325286,339357696
k6-load-test,k6-load-test-9bd7c8b76-lgtkg,1739325586,339537920
k6-load-test,k6-load-test-9bd7c8b76-lgtkg,1739325886,340271104
k6-load-test,k6-load-test-9bd7c8b76-lgtkg,1739326186,339603456
k6-load-test,k6-load-test-9bd7c8b76-lgtkg,1739326486,339595264
k6-load-test,k6-load-test-9bd7c8b76-lgtkg,1739326786,339603456
k6-load-test,k6-load-test-9bd7c8b76-lgtkg,1739327086,337989632
k6-load-test,k6-load-test-9bd7c8b76-lgtkg,1739327386,338014208
k6-load-test,k6-load-test-9bd7c8b76-lgtkg,1739327686,338288640
k6-load-test,k6-load-test-9bd7c8b76-lgtkg,1739327986,373747712
k6-load-test,k6-load-test-9bd7c8b76-lgtkg,1739328286,375799808
k6-load-test,k6-load-test-9bd7c8b76-lgtkg,1739328586,375791616
k6-load-test,k6-load-test-9bd7c8b76-lgtkg,1739328886,375824384
k6-load-test,k6-load-test-9bd7c8b76-lgtkg,1739329186,377430016
k6-load-test,k6-load-test-9bd7c8b76-lgtkg,1739329486,375881728
k6-load-test,k6-load-test-9bd7c8b76-lgtkg,1739329786,375873536
k6-load-test,k6-load-test-9bd7c8b76-lgtkg,1739330086,376131584
k6-load-test,k6-load-test-9bd7c8b76-lgtkg,1739330386,375877632
k6-load-test,k6-load-test-9bd7c8b76-lgtkg,1739330686,375877632
k6-load-test,k6-load-test-9bd7c8b76-lgtkg,1739330986,378245120
k6-load-test,k6-load-test-9bd7c8b76-lgtkg,1739331286,376696832
k6-load-test,k6-load-test-9bd7c8b76-lgtkg,1739331586,373989376
k6-load-test,k6-load-test-9bd7c8b76-lgtkg,1739331886,412147712
k6-load-test,k6-load-test-9bd7c8b76-lgtkg,1739332186,417517568
k6-load-test,k6-load-test-9bd7c8b76-lgtkg,1739332486,419635200
k6-load-test,k6-load-test-9bd7c8b76-lgtkg,1739332786,419635200
k6-load-test,k6-load-test-9bd7c8b76-lgtkg,1739333086,421769216
k6-load-test,k6-load-test-9bd7c8b76-lgtkg,1739333386,421883904
k6-load-test,k6-load-test-9bd7c8b76-lgtkg,1739333686,421920768
k6-load-test,k6-load-test-9bd7c8b76-lgtkg,1739333986,422342656
k6-load-test,k6-load-test-9bd7c8b76-lgtkg,1739334286,422469632
k6-load-test,k6-load-test-9bd7c8b76-lgtkg,1739334586,422637568
k6-load-test,k6-load-test-9bd7c8b76-lgtkg,1739334886,422916096
k6-load-test,k6-load-test-9bd7c8b76-lgtkg,1739335186,423059456
k6-load-test,k6-load-test-9bd7c8b76-lgtkg,1739335486,423092224
k6-load-test,k6-load-test-9bd7c8b76-lgtkg,1739335786,423419904
k6-load-test,k6-load-test-9bd7c8b76-lgtkg,1739336086,422756352
k6-load-test,k6-load-test-9bd7c8b76-lgtkg,1739336386,465178624
k6-load-test,k6-load-test-9bd7c8b76-lgtkg,1739336686,467992576
k6-load-test,k6-load-test-9bd7c8b76-lgtkg,1739336986,468418560
k6-load-test,k6-load-test-9bd7c8b76-lgtkg,1739337286,468594688
k6-load-test,k6-load-test-9bd7c8b76-lgtkg,1739337586,468705280
k6-load-test,k6-load-test-9bd7c8b76-lgtkg,1739337886,468774912
k6-load-test,k6-load-test-9bd7c8b76-lgtkg,1739338186,471236608
k6-load-test,k6-load-test-9bd7c8b76-lgtkg,1739338486,471212032
k6-load-test,k6-load-test-9bd7c8b76-lgtkg,1739338786,471285760
k6-load-test,k6-load-test-9bd7c8b76-lgtkg,1739339086,471318528
k6-load-test,k6-load-test-9bd7c8b76-lgtkg,1739339386,471375872
k6-load-test,k6-load-test-9bd7c8b76-lgtkg,1739339686,471412736
k6-load-test,k6-load-test-9bd7c8b76-lgtkg,1739339986,471502848
k6-load-test,k6-load-test-9bd7c8b76-lgtkg,1739340286,473960448
k6-load-test,k6-load-test-9bd7c8b76-lgtkg,1739340586,476028928
k6-load-test,k6-load-test-9bd7c8b76-lgtkg,1739340886,543469568
k6-load-test,k6-load-test-9bd7c8b76-lgtkg,1739341186,543907840
k6-load-test,k6-load-test-9bd7c8b76-lgtkg,1739341486,545820672
k6-load-test,k6-load-test-9bd7c8b76-lgtkg,1739341786,545951744
k6-load-test,k6-load-test-9bd7c8b76-lgtkg,1739342086,546312192
k6-load-test,k6-load-test-9bd7c8b76-lgtkg,1739342386,546213888
k6-load-test,k6-load-test-9bd7c8b76-lgtkg,1739342686,548372480
k6-load-test,k6-load-test-9bd7c8b76-lgtkg,1739342986,548413440
k6-load-test,k6-load-test-9bd7c8b76-lgtkg,1739343286,548974592
k6-load-test,k6-load-test-9bd7c8b76-lgtkg,1739343586,548831232
k6-load-test,k6-load-test-9bd7c8b76-lgtkg,1739343886,549355520
k6-load-test,k6-load-test-9bd7c8b76-lgtkg,1739344186,548696064
k6-load-test,k6-load-test-9bd7c8b76-lgtkg,1739344486,551219200
k6-load-test,k6-load-test-9bd7c8b76-lgtkg,1739344786,713297920
k6-load-test,k6-load-test-9bd7c8b76-lgtkg,1739345086,668913664
k6-load-test,k6-load-test-9bd7c8b76-lgtkg,1739345386,678289408
k6-load-test,k6-load-test-9bd7c8b76-lgtkg,1739345686,678092800
k6-load-test,k6-load-test-9bd7c8b76-lgtkg,1739345986,652709888
k6-load-test,k6-load-test-9bd7c8b76-lgtkg,1739346286,652324864
k6-load-test,k6-load-test-9bd7c8b76-lgtkg,1739346586,652341248
k6-load-test,k6-load-test-9bd7c8b76-lgtkg,1739346886,652632064
k6-load-test,k6-load-test-9bd7c8b76-lgtkg,1739347186,656351232
k6-load-test,k6-load-test-9bd7c8b76-lgtkg,1739347486,656392192
k6-load-test,k6-load-test-9bd7c8b76-lgtkg,1739347786,656478208
k6-load-test,k6-load-test-9bd7c8b76-lgtkg,1739348086,673980416
k6-load-test,k6-load-test-9bd7c8b76-lgtkg,1739348386,673591296
k6-load-test,k6-load-test-9bd7c8b76-lgtkg,1739348686,673738752
k6-load-test,k6-load-test-9bd7c8b76-lgtkg,1739348986,798982144
k6-load-test,k6-load-test-9bd7c8b76-lgtkg,1739349286,800182272
k6-load-test,k6-load-test-9bd7c8b76-lgtkg,1739349586,793636864
k6-load-test,k6-load-test-9bd7c8b76-lgtkg,1739349886,793399296
k6-load-test,k6-load-test-9bd7c8b76-lgtkg,1739350186,793989120
k6-load-test,k6-load-test-9bd7c8b76-lgtkg,1739350486,793477120
k6-load-test,k6-load-test-9bd7c8b76-lgtkg,1739350786,763260928
k6-load-test,k6-load-test-9bd7c8b76-lgtkg,1739351086,761819136
k6-load-test,k6-load-test-9bd7c8b76-lgtkg,1739351386,761843712
k6-load-test,k6-load-test-9bd7c8b76-lgtkg,1739351686,774234112
k6-load-test,k6-load-test-9bd7c8b76-lgtkg,1739351986,774524928
k6-load-test,k6-load-test-9bd7c8b76-lgtkg,1739352286,774340608
k6-load-test,k6-load-test-9bd7c8b76-lgtkg,1739352586,774246400
k6-load-test,k6-load-test-9bd7c8b76-lgtkg,1739352886,774574080
k6-load-test,k6-load-test-9bd7c8b76-lgtkg,1739353186,930021376
k6-load-test,k6-load-test-9bd7c8b76-lgtkg,1739353486,930885632
k6-load-test,k6-load-test-9bd7c8b76-lgtkg,1739353786,933101568
k6-load-test,k6-load-test-9bd7c8b76-lgtkg,1739354086,933380096
k6-load-test,k6-load-test-9bd7c8b76-lgtkg,1739354386,933277696
k6-load-test,k6-load-test-9bd7c8b76-lgtkg,1739354686,935493632
k6-load-test,k6-load-test-9bd7c8b76-lgtkg,1739354986,933634048
k6-load-test,k6-load-test-9bd7c8b76-lgtkg,1739355286,933543936
k6-load-test,k6-load-test-9bd7c8b76-lgtkg,1739355586,953524224
k6-load-test,k6-load-test-9bd7c8b76-lgtkg,1739355886,910426112
k6-load-test,k6-load-test-9bd7c8b76-lgtkg,1739356186,912379904
k6-load-test,k6-load-test-9bd7c8b76-lgtkg,1739356486,908447744
k6-load-test,k6-load-test-9bd7c8b76-lgtkg,1739356786,908197888
k6-load-test,k6-load-test-9bd7c8b76-lgtkg,1739357086,908357632
k6-load-test,k6-load-test-9bd7c8b76-lgtkg,1739357386,908566528
k6-load-test,k6-load-test-9bd7c8b76-lgtkg,1739357686,908746752
k6-load-test,k6-load-test-9bd7c8b76-lgtkg,1739357986,908517376
k6-load-test,k6-load-test-9bd7c8b76-lgtkg,1739358286,1047298048
k6-load-test,k6-load-test-9bd7c8b76-lgtkg,1739358586,1047683072
k6-load-test,k6-load-test-9bd7c8b76-lgtkg,1739358886,1043873792
k6-load-test,k6-load-test-9bd7c8b76-lgtkg,1739359186,1043832832
k6-load-test,k6-load-test-9bd7c8b76-lgtkg,1739359486,1043836928
k6-load-test,k6-load-test-9bd7c8b76-lgtkg,1739359786,1044197376
k6-load-test,k6-load-test-9bd7c8b76-lgtkg,1739360086,1046134784
k6-load-test,k6-load-test-9bd7c8b76-lgtkg,1739360386,1047072768
k6-load-test,k6-load-test-9bd7c8b76-lgtkg,1739360686,1068265472
k6-load-test,k6-load-test-9bd7c8b76-lgtkg,1739360986,1064071168
k6-load-test,k6-load-test-9bd7c8b76-lgtkg,1739361286,1064349696
k6-load-test,k6-load-test-9bd7c8b76-lgtkg,1739361586,1075118080
k6-load-test,k6-load-test-9bd7c8b76-lgtkg,1739361886,1073049600
k6-load-test,k6-load-test-9bd7c8b76-lgtkg,1739362186,1072840704
k6-load-test,k6-load-test-9bd7c8b76-lgtkg,1739362486,1072840704
k6-load-test,k6-load-test-9bd7c8b76-lgtkg,1739362786,1073401856
k6-load-test,k6-load-test-9bd7c8b76-lgtkg,1739363086,1070985216
k6-load-test,k6-load-test-9bd7c8b76-lgtkg,1739363386,1071308800
k6-load-test,k6-load-test-9bd7c8b76-lgtkg,1739363686,1071706112
k6-load-test,k6-load-test-9bd7c8b76-lgtkg,1739363986,1309622272
k6-load-test,k6-load-test-9bd7c8b76-lgtkg,1739364286,1296961536
k6-load-test,k6-load-test-9bd7c8b76-lgtkg,1739364586,1369968640
k6-load-test,k6-load-test-9bd7c8b76-lgtkg,1739364886,1374359552
k6-load-test,k6-load-test-9bd7c8b76-lgtkg,1739365186,1374367744
k6-load-test,k6-load-test-9bd7c8b76-lgtkg,1739365486,1374298112
k6-load-test,k6-load-test-9bd7c8b76-lgtkg,1739365786,1376362496
k6-load-test,k6-load-test-9bd7c8b76-lgtkg,1739366086,1227366400
k6-load-test,k6-load-test-9bd7c8b76-lgtkg,1739366386,1227599872
k6-load-test,k6-load-test-9bd7c8b76-lgtkg,1739366686,1230888960
k6-load-test,k6-load-test-9bd7c8b76-lgtkg,1739366986,1230888960
k6-load-test,k6-load-test-9bd7c8b76-lgtkg,1739367286,1231364096
k6-load-test,k6-load-test-9bd7c8b76-lgtkg,1739367586,1231699968
k6-load-test,k6-load-test-9bd7c8b76-lgtkg,1739367886,1231757312
k6-load-test,k6-load-test-9bd7c8b76-lgtkg,1739368186,1231835136
k6-load-test,k6-load-test-9bd7c8b76-lgtkg,1739368486,1232244736
k6-load-test,k6-load-test-9bd7c8b76-lgtkg,1739368786,1232486400
k6-load-test,k6-load-test-9bd7c8b76-lgtkg,1739369086,1233358848
k6-load-test,k6-load-test-9bd7c8b76-lgtkg,1739369386,1232490496
k6-load-test,k6-load-test-9bd7c8b76-lgtkg,1739369686,1232322560
k6-load-test,k6-load-test-9bd7c8b76-lgtkg,1739369986,1232056320
k6-load-test,k6-load-test-9bd7c8b76-lgtkg,1739370286,1232117760
k6-load-test,k6-load-test-9bd7c8b76-lgtkg,1739370586,1232207872
k6-load-test,k6-load-test-9bd7c8b76-lgtkg,1739370886,1499254784
k6-load-test,k6-load-test-9bd7c8b76-lgtkg,1739371186,1486258176
k6-load-test,k6-load-test-9bd7c8b76-lgtkg,1739371486,1486389248
k6-load-test,k6-load-test-9bd7c8b76-lgtkg,1739371786,1472909312
k6-load-test,k6-load-test-9bd7c8b76-lgtkg,1739372086,1475391488
k6-load-test,k6-load-test-9bd7c8b76-lgtkg,1739372386,1474273280
k6-load-test,k6-load-test-9bd7c8b76-lgtkg,1739372686,1503469568
k6-load-test,k6-load-test-9bd7c8b76-lgtkg,1739372986,1503535104
k6-load-test,k6-load-test-9bd7c8b76-lgtkg,1739373286,1504018432
k6-load-test,k6-load-test-9bd7c8b76-lgtkg,1739373586,1504055296
k6-load-test,k6-load-test-9bd7c8b76-lgtkg,1739373886,1504104448
k6-load-test,k6-load-test-9bd7c8b76-lgtkg,1739374186,1506058240
k6-load-test,k6-load-test-9bd7c8b76-lgtkg,1739374486,1506197504
k6-load-test,k6-load-test-9bd7c8b76-lgtkg,1739374786,1506217984
k6-load-test,k6-load-test-9bd7c8b76-lgtkg,1739375086,1506476032
k6-load-test,k6-load-test-9bd7c8b76-lgtkg,1739375386,1511993344
k6-load-test,k6-load-test-9bd7c8b76-lgtkg,1739375686,1516617728
k6-load-test,k6-load-test-9bd7c8b76-lgtkg,1739375986,1518764032
k6-load-test,k6-load-test-9bd7c8b76-lgtkg,1739376286,1518817280
k6-load-test,k6-load-test-9bd7c8b76-lgtkg,1739376586,1519140864
k6-load-test,k6-load-test-9bd7c8b76-lgtkg,1739376886,1518915584
k6-load-test,k6-load-test-9bd7c8b76-lgtkg,1739377186,1518936064
k6-load-test,k6-load-test-9bd7c8b76-lgtkg,1739377486,1443950592
k6-load-test,k6-load-test-9bd7c8b76-lgtkg,1739377786,1443684352
k6-load-test,k6-load-test-9bd7c8b76-lgtkg,1739378086,1443921920
k6-load-test,k6-load-test-9bd7c8b76-lgtkg,1739378386,1443725312
k6-load-test,k6-load-test-9bd7c8b76-lgtkg,1739378686,1809219584
k6-load-test,k6-load-test-9bd7c8b76-lgtkg,1739378986,1806172160
k6-load-test,k6-load-test-9bd7c8b76-lgtkg,1739379286,1806401536
k6-load-test,k6-load-test-9bd7c8b76-lgtkg,1739379586,1806299136
k6-load-test,k6-load-test-9bd7c8b76-lgtkg,1739379886,1806135296
k6-load-test,k6-load-test-9bd7c8b76-lgtkg,1739380186,1785638912
k6-load-test,k6-load-test-9bd7c8b76-lgtkg,1739380486,1785659392
k6-load-test,k6-load-test-9bd7c8b76-lgtkg,1739380786,1785704448
k6-load-test,k6-load-test-9bd7c8b76-lgtkg,1739381086,1786155008
k6-load-test,k6-load-test-9bd7c8b76-lgtkg,1739381386,1785884672
k6-load-test,k6-load-test-9bd7c8b76-lgtkg,1739381686,1785790464
k6-load-test,k6-load-test-9bd7c8b76-lgtkg,1739381986,1786277888
k6-load-test,k6-load-test-9bd7c8b76-lgtkg,1739382286,1785946112
k6-load-test,k6-load-test-9bd7c8b76-lgtkg,1739382586,1811144704
k6-load-test,k6-load-test-9bd7c8b76-lgtkg,1739382886,1813315584
k6-load-test,k6-load-test-9bd7c8b76-lgtkg,1739383186,1813233664
k6-load-test,k6-load-test-9bd7c8b76-lgtkg,1739383486,1813352448
k6-load-test,k6-load-test-9bd7c8b76-lgtkg,1739383786,1814241280
k6-load-test,k6-load-test-9bd7c8b76-lgtkg,1739384086,1814261760
k6-load-test,k6-load-test-9bd7c8b76-lgtkg,1739384386,1814290432
k6-load-test,k6-load-test-9bd7c8b76-lgtkg,1739384686,1814638592
k6-load-test,k6-load-test-9bd7c8b76-lgtkg,1739384986,1814441984
k6-load-test,k6-load-test-9bd7c8b76-lgtkg,1739385286,1814519808
k6-load-test,k6-load-test-9bd7c8b76-lgtkg,1739385586,1817096192
k6-load-test,k6-load-test-9bd7c8b76-lgtkg,1739385886,1816879104
k6-load-test,k6-load-test-9bd7c8b76-lgtkg,1739386186,1816928256
k6-load-test,k6-load-test-9bd7c8b76-lgtkg,1739386486,1816850432
k6-load-test,k6-load-test-9bd7c8b76-lgtkg,1739386786,1816899584
k6-load-test,k6-load-test-9bd7c8b76-lgtkg,1739387086,179449856
k6-load-test,k6-load-test-9bd7c8b76-lgtkg,1739387386,190590976
k6-load-test,k6-load-test-9bd7c8b76-lgtkg,1739387686,192172032
k6-load-test,k6-load-test-9bd7c8b76-lgtkg,1739387986,199495680
k6-load-test,k6-load-test-9bd7c8b76-lgtkg,1739388286,201711616
k6-load-test,k6-load-test-9bd7c8b76-lgtkg,1739388586,206155776
k6-load-test,k6-load-test-9bd7c8b76-lgtkg,1739388886,208392192
k6-load-test,k6-load-test-9bd7c8b76-lgtkg,1739389186,213520384
k6-load-test,k6-load-test-9bd7c8b76-lgtkg,1739389486,213622784
k6-load-test,k6-load-test-9bd7c8b76-lgtkg,1739389786,220200960
k6-load-test,k6-load-test-9bd7c8b76-lgtkg,1739390086,220090368
k6-load-test,k6-load-test-9bd7c8b76-lgtkg,1739390386,220557312
k6-load-test,k6-load-test-9bd7c8b76-lgtkg,1739390686,226992128
k6-load-test,k6-load-test-9bd7c8b76-lgtkg,1739390986,227430400
k6-load-test,k6-load-test-9bd7c8b76-lgtkg,1739391286,236281856
k6-load-test,k6-load-test-9bd7c8b76-lgtkg,1739391586,236478464
k6-load-test,k6-load-test-9bd7c8b76-lgtkg,1739391886,236511232
k6-load-test,k6-load-test-9bd7c8b76-lgtkg,1739392186,237158400
k6-load-test,k6-load-test-9bd7c8b76-lgtkg,1739392486,246640640
k6-load-test,k6-load-test-9bd7c8b76-lgtkg,1739392786,245059584
k6-load-test,k6-load-test-9bd7c8b76-lgtkg,1739393086,243785728
k6-load-test,k6-load-test-9bd7c8b76-lgtkg,1739393386,258514944
k6-load-test,k6-load-test-9bd7c8b76-lgtkg,1739393686,256434176
k6-load-test,k6-load-test-9bd7c8b76-lgtkg,1739393986,256462848
k6-load-test,k6-load-test-9bd7c8b76-lgtkg,1739394286,256892928
k6-load-test,k6-load-test-9bd7c8b76-lgtkg,1739394586,256888832
k6-load-test,k6-load-test-9bd7c8b76-lgtkg,1739394886,269422592
k6-load-test,k6-load-test-9bd7c8b76-lgtkg,1739395186,269189120
k6-load-test,k6-load-test-9bd7c8b76-lgtkg,1739395486,268976128
k6-load-test,k6-load-test-9bd7c8b76-lgtkg,1739395786,268959744
k6-load-test,k6-load-test-9bd7c8b76-lgtkg,1739396086,270659584
k6-load-test,k6-load-test-9bd7c8b76-lgtkg,1739396386,292458496
k6-load-test,k6-load-test-9bd7c8b76-lgtkg,1739396686,292356096
k6-load-test,k6-load-test-9bd7c8b76-lgtkg,1739396986,292397056
k6-load-test,k6-load-test-9bd7c8b76-lgtkg,1739397286,292245504
k6-load-test,k6-load-test-9bd7c8b76-lgtkg,1739397586,292352000
k6-load-test,k6-load-test-9bd7c8b76-lgtkg,1739397886,290512896
k6-load-test,k6-load-test-9bd7c8b76-lgtkg,1739398186,290578432
k6-load-test,k6-load-test-9bd7c8b76-lgtkg,1739398486,309673984
k6-load-test,k6-load-test-9bd7c8b76-lgtkg,1739398786,307789824
k6-load-test,k6-load-test-9bd7c8b76-lgtkg,1739399086,307855360
k6-load-test,k6-load-test-9bd7c8b76-lgtkg,1739399386,307867648
k6-load-test,k6-load-test-9bd7c8b76-lgtkg,1739399686,308092928
k6-load-test,k6-load-test-9bd7c8b76-lgtkg,1739399986,308084736
k6-load-test,k6-load-test-9bd7c8b76-lgtkg,1739400286,308084736
k6-load-test,k6-load-test-9bd7c8b76-lgtkg,1739400586,310411264
k6-load-test,k6-load-test-9bd7c8b76-lgtkg,1739400886,354680832
k6-load-test,k6-load-test-9bd7c8b76-lgtkg,1739401186,342274048
k6-load-test,k6-load-test-9bd7c8b76-lgtkg,1739401486,340021248
k6-load-test,k6-load-test-9bd7c8b76-lgtkg,1739401786,339963904
k6-load-test,k6-load-test-9bd7c8b76-lgtkg,1739402086,340234240
k6-load-test,k6-load-test-9bd7c8b76-lgtkg,1739402386,340004864
k6-load-test,k6-load-test-9bd7c8b76-lgtkg,1739402686,340013056
k6-load-test,k6-load-test-9bd7c8b76-lgtkg,1739402986,342212608
k6-load-test,k6-load-test-9bd7c8b76-lgtkg,1739403286,342204416
k6-load-test,k6-load-test-9bd7c8b76-lgtkg,1739403586,342208512
k6-load-test,k6-load-test-9bd7c8b76-lgtkg,1739403886,342593536
k6-load-test,k6-load-test-9bd7c8b76-lgtkg,1739404186,374214656
k6-load-test,k6-load-test-9bd7c8b76-lgtkg,1739404486,374206464
k6-load-test,k6-load-test-9bd7c8b76-lgtkg,1739404786,374218752
k6-load-test,k6-load-test-9bd7c8b76-lgtkg,1739405086,374317056
k6-load-test,k6-load-test-9bd7c8b76-lgtkg,1739405386,374820864
k6-load-test,k6-load-test-9bd7c8b76-lgtkg,1739405686,374685696
k6-load-test,k6-load-test-9bd7c8b76-lgtkg,1739405986,374706176
k6-load-test,k6-load-test-9bd7c8b76-lgtkg,1739406286,374702080
k6-load-test,k6-load-test-9bd7c8b76-lgtkg,1739406586,374620160
k6-load-test,k6-load-test-9bd7c8b76-lgtkg,1739406886,374591488
k6-load-test,k6-load-test-9bd7c8b76-lgtkg,1739407186,375934976
k6-load-test,k6-load-test-9bd7c8b76-lgtkg,1739407486,375513088
k6-load-test,k6-load-test-9bd7c8b76-lgtkg,1739407786,375062528
k6-load-test,k6-load-test-9bd7c8b76-lgtkg,1739408086,427806720
k6-load-test,k6-load-test-9bd7c8b76-lgtkg,1739408386,417918976
k6-load-test,k6-load-test-9bd7c8b76-lgtkg,1739408686,417935360
k6-load-test,k6-load-test-9bd7c8b76-lgtkg,1739408986,418275328
k6-load-test,k6-load-test-9bd7c8b76-lgtkg,1739409286,418246656
k6-load-test,k6-load-test-9bd7c8b76-lgtkg,1739409586,418566144
k6-load-test,k6-load-test-9bd7c8b76-lgtkg,1739409886,418729984
k6-load-test,k6-load-test-9bd7c8b76-lgtkg,1739410186,418734080
k6-load-test,k6-load-test-9bd7c8b76-lgtkg,1739410486,419028992
k6-load-test,k6-load-test-9bd7c8b76-lgtkg,1739410786,421318656
k6-load-test,k6-load-test-9bd7c8b76-lgtkg,1739411086,424054784
k6-load-test,k6-load-test-9bd7c8b76-lgtkg,1739411386,424181760
k6-load-test,k6-load-test-9bd7c8b76-lgtkg,1739411686,424398848
k6-load-test,k6-load-test-9bd7c8b76-lgtkg,1739411986,425267200
k6-load-test,k6-load-test-9bd7c8b76-lgtkg,1739412286,487186432
k6-load-test,k6-load-test-9bd7c8b76-lgtkg,1739412586,482373632
k6-load-test,k6-load-test-9bd7c8b76-lgtkg,1739412886,486682624
k6-load-test,k6-load-test-9bd7c8b76-lgtkg,1739413186,485978112
k6-load-test,k6-load-test-9bd7c8b76-lgtkg,1739413486,472256512
k6-load-test,k6-load-test-9bd7c8b76-lgtkg,1739413786,472051712
k6-load-test,k6-load-test-9bd7c8b76-lgtkg,1739414086,472096768
k6-load-test,k6-load-test-9bd7c8b76-lgtkg,1739414386,472121344
k6-load-test,k6-load-test-9bd7c8b76-lgtkg,1739414686,474644480
k6-load-test,k6-load-test-9bd7c8b76-lgtkg,1739414986,474505216
k6-load-test,k6-load-test-9bd7c8b76-lgtkg,1739415286,474804224
k6-load-test,k6-load-test-9bd7c8b76-lgtkg,1739415586,474828800
k6-load-test,k6-load-test-9bd7c8b76-lgtkg,1739415886,474710016
k6-load-test,k6-load-test-9bd7c8b76-lgtkg,1739416186,480972800
k6-load-test,k6-load-test-9bd7c8b76-lgtkg,1739416486,573902848
k6-load-test,k6-load-test-9bd7c8b76-lgtkg,1739416786,572772352
k6-load-test,k6-load-test-9bd7c8b76-lgtkg,1739417086,572542976
k6-load-test,k6-load-test-9bd7c8b76-lgtkg,1739417386,574025728
k6-load-test,k6-load-test-9bd7c8b76-lgtkg,1739417686,574201856
k6-load-test,k6-load-test-9bd7c8b76-lgtkg,1739417986,576286720
k6-load-test,k6-load-test-9bd7c8b76-lgtkg,1739418286,568815616
k6-load-test,k6-load-test-9bd7c8b76-lgtkg,1739418586,569221120
k6-load-test,k6-load-test-9bd7c8b76-lgtkg,1739418886,571461632
k6-load-test,k6-load-test-9bd7c8b76-lgtkg,1739419186,571494400
k6-load-test,k6-load-test-9bd7c8b76-lgtkg,1739419486,571514880
k6-load-test,k6-load-test-9bd7c8b76-lgtkg,1739419786,577839104
k6-load-test,k6-load-test-9bd7c8b76-lgtkg,1739420086,580325376
k6-load-test,k6-load-test-9bd7c8b76-lgtkg,1739420386,691920896
k6-load-test,k6-load-test-9bd7c8b76-lgtkg,1739420686,654979072
k6-load-test,k6-load-test-9bd7c8b76-lgtkg,1739420986,651059200
k6-load-test,k6-load-test-9bd7c8b76-lgtkg,1739421286,648859648
k6-load-test,k6-load-test-9bd7c8b76-lgtkg,1739421586,649490432
k6-load-test,k6-load-test-9bd7c8b76-lgtkg,1739421886,649342976
k6-load-test,k6-load-test-9bd7c8b76-lgtkg,1739422186,649314304
k6-load-test,k6-load-test-9bd7c8b76-lgtkg,1739422486,651300864
k6-load-test,k6-load-test-9bd7c8b76-lgtkg,1739422786,652001280
k6-load-test,k6-load-test-9bd7c8b76-lgtkg,1739423086,651808768
k6-load-test,k6-load-test-9bd7c8b76-lgtkg,1739423386,651321344
k6-load-test,k6-load-test-9bd7c8b76-lgtkg,1739423686,642887680
k6-load-test,k6-load-test-9bd7c8b76-lgtkg,1739423986,642310144
k6-load-test,k6-load-test-9bd7c8b76-lgtkg,1739424286,750075904
k6-load-test,k6-load-test-9bd7c8b76-lgtkg,1739424586,750710784
k6-load-test,k6-load-test-9bd7c8b76-lgtkg,1739424886,751382528
k6-load-test,k6-load-test-9bd7c8b76-lgtkg,1739425186,751177728
k6-load-test,k6-load-test-9bd7c8b76-lgtkg,1739425486,751292416
k6-load-test,k6-load-test-9bd7c8b76-lgtkg,1739425786,753094656
k6-load-test,k6-load-test-9bd7c8b76-lgtkg,1739426086,753377280
k6-load-test,k6-load-test-9bd7c8b76-lgtkg,1739426386,753070080
k6-load-test,k6-load-test-9bd7c8b76-lgtkg,1739426686,753426432
k6-load-test,k6-load-test-9bd7c8b76-lgtkg,1739426986,760864768
k6-load-test,k6-load-test-9bd7c8b76-lgtkg,1739427286,759627776
k6-load-test,k6-load-test-9bd7c8b76-lgtkg,1739427586,759943168
k6-load-test,k6-load-test-9bd7c8b76-lgtkg,1739427886,760029184
k6-load-test,k6-load-test-9bd7c8b76-lgtkg,1739428186,760446976
k6-load-test,k6-load-test-9bd7c8b76-lgtkg,1739428486,951435264
k6-load-test,k6-load-test-9bd7c8b76-lgtkg,1739428786,873279488
k6-load-test,k6-load-test-9bd7c8b76-lgtkg,1739429086,869933056
k6-load-test,k6-load-test-9bd7c8b76-lgtkg,1739429386,869629952
k6-load-test,k6-load-test-9bd7c8b76-lgtkg,1739429686,869380096
k6-load-test,k6-load-test-9bd7c8b76-lgtkg,1739429986,869396480
k6-load-test,k6-load-test-9bd7c8b76-lgtkg,1739430286,869421056
k6-load-test,k6-load-test-9bd7c8b76-lgtkg,1739430586,870379520
k6-load-test,k6-load-test-9bd7c8b76-lgtkg,1739430886,869634048
k6-load-test,k6-load-test-9bd7c8b76-lgtkg,1739431186,869658624
k6-load-test,k6-load-test-9bd7c8b76-lgtkg,1739431486,869687296
k6-load-test,k6-load-test-9bd7c8b76-lgtkg,1739431786,887058432
k6-load-test,k6-load-test-9bd7c8b76-lgtkg,1739432086,884609024
k6-load-test,k6-load-test-9bd7c8b76-lgtkg,1739432386,882585600
k6-load-test,k6-load-test-9bd7c8b76-lgtkg,1739432686,882782208
k6-load-test,k6-load-test-9bd7c8b76-lgtkg,1739432986,885055488
k6-load-test,k6-load-test-9bd7c8b76-lgtkg,1739433286,884764672
k6-load-test,k6-load-test-9bd7c8b76-lgtkg,1739433586,884789248
k6-load-test,k6-load-test-9bd7c8b76-lgtkg,1739433886,886562816
k6-load-test,k6-load-test-9bd7c8b76-lgtkg,1739434186,885313536
k6-load-test,k6-load-test-9bd7c8b76-lgtkg,1739434486,1046151168
k6-load-test,k6-load-test-9bd7c8b76-lgtkg,1739434786,1049681920
k6-load-test,k6-load-test-9bd7c8b76-lgtkg,1739435086,1050013696
k6-load-test,k6-load-test-9bd7c8b76-lgtkg,1739435386,1047265280
k6-load-test,k6-load-test-9bd7c8b76-lgtkg,1739435686,1047318528
k6-load-test,k6-load-test-9bd7c8b76-lgtkg,1739435986,1047539712
k6-load-test,k6-load-test-9bd7c8b76-lgtkg,1739436286,1045901312
k6-load-test,k6-load-test-9bd7c8b76-lgtkg,1739436586,1045934080
k6-load-test,k6-load-test-9bd7c8b76-lgtkg,1739436886,1045692416
k6-load-test,k6-load-test-9bd7c8b76-lgtkg,1739437186,1047797760
k6-load-test,k6-load-test-9bd7c8b76-lgtkg,1739437486,1054666752
k6-load-test,k6-load-test-9bd7c8b76-lgtkg,1739437786,1054453760
k6-load-test,k6-load-test-9bd7c8b76-lgtkg,1739438086,1056595968
k6-load-test,k6-load-test-9bd7c8b76-lgtkg,1739438386,1069608960
k6-load-test,k6-load-test-9bd7c8b76-lgtkg,1739438686,1069617152
k6-load-test,k6-load-test-9bd7c8b76-lgtkg,1739438986,1069527040
k6-load-test,k6-load-test-9bd7c8b76-lgtkg,1739439286,1069441024
k6-load-test,k6-load-test-9bd7c8b76-lgtkg,1739439586,1069887488
k6-load-test,k6-load-test-9bd7c8b76-lgtkg,1739439886,1063047168
k6-load-test,k6-load-test-9bd7c8b76-lgtkg,1739440186,1309106176
k6-load-test,k6-load-test-9bd7c8b76-lgtkg,1739440486,1247629312
k6-load-test,k6-load-test-9bd7c8b76-lgtkg,1739440786,1250533376
k6-load-test,k6-load-test-9bd7c8b76-lgtkg,1739441086,1253298176
k6-load-test,k6-load-test-9bd7c8b76-lgtkg,1739441386,1253457920
k6-load-test,k6-load-test-9bd7c8b76-lgtkg,1739441686,1253425152
k6-load-test,k6-load-test-9bd7c8b76-lgtkg,1739441986,1253679104
k6-load-test,k6-load-test-9bd7c8b76-lgtkg,1739442286,1253572608
k6-load-test,k6-load-test-9bd7c8b76-lgtkg,1739442586,1253888000
k6-load-test,k6-load-test-9bd7c8b76-lgtkg,1739442886,1253982208
k6-load-test,k6-load-test-9bd7c8b76-lgtkg,1739443186,1267617792
k6-load-test,k6-load-test-9bd7c8b76-lgtkg,1739443486,1281482752
k6-load-test,k6-load-test-9bd7c8b76-lgtkg,1739443786,1281916928
k6-load-test,k6-load-test-9bd7c8b76-lgtkg,1739444086,1281847296
k6-load-test,k6-load-test-9bd7c8b76-lgtkg,1739444386,1284218880
k6-load-test,k6-load-test-9bd7c8b76-lgtkg,1739444686,1291980800
k6-load-test,k6-load-test-9bd7c8b76-lgtkg,1739444986,1292804096
k6-load-test,k6-load-test-9bd7c8b76-lgtkg,1739445286,1292398592
k6-load-test,k6-load-test-9bd7c8b76-lgtkg,1739445586,1246728192
k6-load-test,k6-load-test-9bd7c8b76-lgtkg,1739445886,1217699840
k6-load-test,k6-load-test-9bd7c8b76-lgtkg,1739446186,1217855488
k6-load-test,k6-load-test-9bd7c8b76-lgtkg,1739446486,1219776512
k6-load-test,k6-load-test-9bd7c8b76-lgtkg,1739446786,1219760128
k6-load-test,k6-load-test-9bd7c8b76-lgtkg,1739447086,1468669952
k6-load-test,k6-load-test-9bd7c8b76-lgtkg,1739447386,1470189568
k6-load-test,k6-load-test-9bd7c8b76-lgtkg,1739447686,1470791680
k6-load-test,k6-load-test-9bd7c8b76-lgtkg,1739447986,1470238720
k6-load-test,k6-load-test-9bd7c8b76-lgtkg,1739448286,1470320640
k6-load-test,k6-load-test-9bd7c8b76-lgtkg,1739448586,1470275584
k6-load-test,k6-load-test-9bd7c8b76-lgtkg,1739448886,1472733184
k6-load-test,k6-load-test-9bd7c8b76-lgtkg,1739449186,1470697472
k6-load-test,k6-load-test-9bd7c8b76-lgtkg,1739449486,1470705664
k6-load-test,k6-load-test-9bd7c8b76-lgtkg,1739449786,1509097472
k6-load-test,k6-load-test-9bd7c8b76-lgtkg,1739450086,1504432128
k6-load-test,k6-load-test-9bd7c8b76-lgtkg,1739450386,1498443776
k6-load-test,k6-load-test-9bd7c8b76-lgtkg,1739450686,1498214400
k6-load-test,k6-load-test-9bd7c8b76-lgtkg,1739450986,1438965760
k6-load-test,k6-load-test-9bd7c8b76-lgtkg,1739451286,1422598144
k6-load-test,k6-load-test-9bd7c8b76-lgtkg,1739451586,1460731904
k6-load-test,k6-load-test-9bd7c8b76-lgtkg,1739451886,1463537664
k6-load-test,k6-load-test-9bd7c8b76-lgtkg,1739452186,1463209984
k6-load-test,k6-load-test-9bd7c8b76-lgtkg,1739452486,1463406592
k6-load-test,k6-load-test-9bd7c8b76-lgtkg,1739452786,1463435264
k6-load-test,k6-load-test-9bd7c8b76-lgtkg,1739453086,1463517184
k6-load-test,k6-load-test-9bd7c8b76-lgtkg,1739453386,1463369728
k6-load-test,k6-load-test-9bd7c8b76-lgtkg,1739453686,1463365632
k6-load-test,k6-load-test-9bd7c8b76-lgtkg,1739453986,1463697408
k6-load-test,k6-load-test-9bd7c8b76-lgtkg,1739454286,1464094720
k6-load-test,k6-load-test-9bd7c8b76-lgtkg,1739454586,1464074240
k6-load-test,k6-load-test-9bd7c8b76-lgtkg,1739454886,1893842944
k6-load-test,k6-load-test-9bd7c8b76-lgtkg,1739455186,1894637568
k6-load-test,k6-load-test-9bd7c8b76-lgtkg,1739455486,1894731776
k6-load-test,k6-load-test-9bd7c8b76-lgtkg,1739455786,1896886272
k6-load-test,k6-load-test-9bd7c8b76-lgtkg,1739456086,1895305216
k6-load-test,k6-load-test-9bd7c8b76-lgtkg,1739456386,1895137280
k6-load-test,k6-load-test-9bd7c8b76-lgtkg,1739456686,1895157760
k6-load-test,k6-load-test-9bd7c8b76-lgtkg,1739456986,1811025920
k6-load-test,k6-load-test-9bd7c8b76-lgtkg,1739457286,1815785472
k6-load-test,k6-load-test-9bd7c8b76-lgtkg,1739457586,1817919488
k6-load-test,k6-load-test-9bd7c8b76-lgtkg,1739457886,1815973888
k6-load-test,k6-load-test-9bd7c8b76-lgtkg,1739458186,1815764992
k6-load-test,k6-load-test-9bd7c8b76-lgtkg,1739458486,1815891968
k6-load-test,k6-load-test-9bd7c8b76-lgtkg,1739458786,1816117248
k6-load-test,k6-load-test-9bd7c8b76-lgtkg,1739459086,1816088576
k6-load-test,k6-load-test-9bd7c8b76-lgtkg,1739459386,1816358912
k6-load-test,k6-load-test-9bd7c8b76-lgtkg,1739459686,1816100864
k6-load-test,k6-load-test-9bd7c8b76-lgtkg,1739459986,1793339392
k6-load-test,k6-load-test-9bd7c8b76-lgtkg,1739460286,1787179008
k6-load-test,k6-load-test-9bd7c8b76-lgtkg,1739460586,1786953728
k6-load-test,k6-load-test-9bd7c8b76-lgtkg,1739460886,1786712064
k6-load-test,k6-load-test-9bd7c8b76-lgtkg,1739461186,1788715008
k6-load-test,k6-load-test-9bd7c8b76-lgtkg,1739461486,1787207680
k6-load-test,k6-load-test-9bd7c8b76-lgtkg,1739461786,1787416576
k6-load-test,k6-load-test-9bd7c8b76-lgtkg,1739462086,1787535360
k6-load-test,k6-load-test-9bd7c8b76-lgtkg,1739462386,1787777024
k6-load-test,k6-load-test-9bd7c8b76-lgtkg,1739462686,1787506688
k6-load-test,k6-load-test-9bd7c8b76-lgtkg,1739462986,1787269120
k6-load-test,k6-load-test-9bd7c8b76-lgtkg,1739463286,1787236352
k6-load-test,k6-load-test-9bd7c8b76-lgtkg,1739463586,1722765312
k6-load-test,k6-load-test-9bd7c8b76-lgtkg,1739463886,1863077888
k6-load-test,k6-load-test-9bd7c8b76-lgtkg,1739464186,2317107200
k6-load-test,k6-load-test-9bd7c8b76-lgtkg,1739464486,2122592256
k6-load-test,k6-load-test-9bd7c8b76-lgtkg,1739464786,2122256384
k6-load-test,k6-load-test-9bd7c8b76-lgtkg,1739465086,2123018240
k6-load-test,k6-load-test-9bd7c8b76-lgtkg,1739465386,2123530240
k6-load-test,k6-load-test-9bd7c8b76-lgtkg,1739465686,2116841472
k6-load-test,k6-load-test-9bd7c8b76-lgtkg,1739465986,2117038080
k6-load-test,k6-load-test-9bd7c8b76-lgtkg,1739466286,2116698112
k6-load-test,k6-load-test-9bd7c8b76-lgtkg,1739466586,2116722688
k6-load-test,k6-load-test-9bd7c8b76-lgtkg,1739466886,2117332992
k6-load-test,k6-load-test-9bd7c8b76-lgtkg,1739467186,2139938816
k6-load-test,k6-load-test-9bd7c8b76-lgtkg,1739467486,2035056640
k6-load-test,k6-load-test-9bd7c8b76-lgtkg,1739467786,2034827264
k6-load-test,k6-load-test-9bd7c8b76-lgtkg,1739468086,2034999296
k6-load-test,k6-load-test-9bd7c8b76-lgtkg,1739468386,2034823168
k6-load-test,k6-load-test-9bd7c8b76-lgtkg,1739468686,2036813824
k6-load-test,k6-load-test-9bd7c8b76-lgtkg,1739468986,1948430336
k6-load-test,k6-load-test-9bd7c8b76-lgtkg,1739469286,1970671616
k6-load-test,k6-load-test-9bd7c8b76-lgtkg,1739469586,1970413568
k6-load-test,k6-load-test-9bd7c8b76-lgtkg,1739469886,1972662272
k6-load-test,k6-load-test-9bd7c8b76-lgtkg,1739470186,1971945472
k6-load-test,k6-load-test-9bd7c8b76-lgtkg,1739470486,1971675136
k6-load-test,k6-load-test-9bd7c8b76-lgtkg,1739470786,2022088704
k6-load-test,k6-load-test-9bd7c8b76-lgtkg,1739471086,2022514688
k6-load-test,k6-load-test-9bd7c8b76-lgtkg,1739471386,2021986304
k6-load-test,k6-load-test-9bd7c8b76-lgtkg,1739471686,2021826560
k6-load-test,k6-load-test-9bd7c8b76-lgtkg,1739471986,1996558336
k6-load-test,k6-load-test-9bd7c8b76-lgtkg,1739472286,1990242304
k6-load-test,k6-load-test-9bd7c8b76-lgtkg,1739472586,1988509696
k6-load-test,k6-load-test-9bd7c8b76-lgtkg,1739472886,1988767744
k6-load-test,k6-load-test-9bd7c8b76-lgtkg,1739473186,1988747264
k6-load-test,k6-load-test-9bd7c8b76-lgtkg,1739473486,1990483968
k6-load-test,k6-load-test-9bd7c8b76-lgtkg,1739473786,1982316544
k6-load-test,k6-load-test-9bd7c8b76-lgtkg,1739474086,1984016384
k6-load-test,k6-load-test-9bd7c8b76-lgtkg,1739474386,1982631936
k6-load-test,k6-load-test-9bd7c8b76-lgtkg,1739474686,1982603264
k6-load-test,k6-load-test-9bd7c8b76-lgtkg,1739474986,1982066688
k6-load-test,k6-load-test-9bd7c8b76-lgtkg,1739475286,1982017536
k6-load-test,k6-load-test-9bd7c8b76-lgtkg,1739475586,1982001152
k6-load-test,k6-load-test-9bd7c8b76-lgtkg,1739475886,1983795200
k6-load-test,k6-load-test-9bd7c8b76-lgtkg,1739476186,1982050304
k6-load-test,k6-load-test-9bd7c8b76-lgtkg,1739476486,1981345792
k6-load-test,k6-load-test-9bd7c8b76-lgtkg,1739476786,1981411328
k6-load-test,k6-load-test-9bd7c8b76-lgtkg,1739477086,1981722624
k6-load-test,k6-load-test-9bd7c8b76-lgtkg,1739477386,1981296640
k6-load-test,k6-load-test-9bd7c8b76-lgtkg,1739477686,1981263872
k6-load-test,k6-load-test-9bd7c8b76-lgtkg,1739477986,1981485056
k6-load-test,k6-load-test-9bd7c8b76-lgtkg,1739478286,1981169664
k6-load-test,k6-load-test-9bd7c8b76-lgtkg,1739478586,1981153280
k6-load-test,k6-load-test-9bd7c8b76-lgtkg,1739478886,1981136896
k6-load-test,k6-load-test-9bd7c8b76-lgtkg,1739479186,1996935168
k6-load-test,k6-load-test-9bd7c8b76-lgtkg,1739479486,1998356480
k6-load-test,k6-load-test-9bd7c8b76-lgtkg,1739479786,1997336576
k6-load-test,k6-load-test-9bd7c8b76-lgtkg,1739480086,2005864448
k6-load-test,k6-load-test-9bd7c8b76-lgtkg,1739480386,2051780608
k6-load-test,k6-load-test-9bd7c8b76-lgtkg,1739480686,2065645568
k6-load-test,k6-load-test-9bd7c8b76-lgtkg,1739480986,2066432000
k6-load-test,k6-load-test-9bd7c8b76-lgtkg,1739481286,2372390912
k6-load-test,k6-load-test-9bd7c8b76-lgtkg,1739481586,2279010304
k6-load-test,k6-load-test-9bd7c8b76-lgtkg,1739481886,2205192192
k6-load-test,k6-load-test-9bd7c8b76-lgtkg,1739482186,2205736960
k6-load-test,k6-load-test-9bd7c8b76-lgtkg,1739482486,2205167616
k6-load-test,k6-load-test-9bd7c8b76-lgtkg,1739482786,2205396992
k6-load-test,k6-load-test-9bd7c8b76-lgtkg,1739483086,2206208000
k6-load-test,k6-load-test-9bd7c8b76-lgtkg,1739483386,2206199808
k6-load-test,k6-load-test-9bd7c8b76-lgtkg,1739483686,2206466048
k6-load-test,k6-load-test-9bd7c8b76-lgtkg,1739483986,2206453760
k6-load-test,k6-load-test-9bd7c8b76-lgtkg,1739484286,2206117888
k6-load-test,k6-load-test-9bd7c8b76-lgtkg,1739484586,2201935872
k6-load-test,k6-load-test-9bd7c8b76-lgtkg,1739484886,2182991872
k6-load-test,k6-load-test-9bd7c8b76-lgtkg,1739485186,2183266304
k6-load-test,k6-load-test-9bd7c8b76-lgtkg,1739485486,2183098368
k6-load-test,k6-load-test-9bd7c8b76-lgtkg,1739485786,2182991872
k6-load-test,k6-load-test-9bd7c8b76-lgtkg,1739486086,2183028736
k6-load-test,k6-load-test-9bd7c8b76-lgtkg,1739486386,2184253440
k6-load-test,k6-load-test-9bd7c8b76-lgtkg,1739486686,2182959104
k6-load-test,k6-load-test-9bd7c8b76-lgtkg,1739486986,2183024640
k6-load-test,k6-load-test-9bd7c8b76-lgtkg,1739487286,2170359808
k6-load-test,k6-load-test-9bd7c8b76-lgtkg,1739487586,2161790976
k6-load-test,k6-load-test-9bd7c8b76-lgtkg,1739487886,2162155520
k6-load-test,k6-load-test-9bd7c8b76-lgtkg,1739488186,2163429376
k6-load-test,k6-load-test-9bd7c8b76-lgtkg,1739488486,2161725440
k6-load-test,k6-load-test-9bd7c8b76-lgtkg,1739488786,2273189888
k6-load-test,k6-load-test-9bd7c8b76-lgtkg,1739489086,2176491520
k6-load-test,k6-load-test-9bd7c8b76-lgtkg,1739489386,2176598016
k6-load-test,k6-load-test-9bd7c8b76-lgtkg,1739489686,2176602112
k6-load-test,k6-load-test-9bd7c8b76-lgtkg,1739489986,2176163840
k6-load-test,k6-load-test-9bd7c8b76-lgtkg,1739490286,2176139264
k6-load-test,k6-load-test-9bd7c8b76-lgtkg,1739490586,2176139264
k6-load-test,k6-load-test-9bd7c8b76-lgtkg,1739490886,2176073728
k6-load-test,k6-load-test-9bd7c8b76-lgtkg,1739491186,2176167936
k6-load-test,k6-load-test-9bd7c8b76-lgtkg,1739491486,2176172032
k6-load-test,k6-load-test-9bd7c8b76-lgtkg,1739491786,2176000000
k6-load-test,k6-load-test-9bd7c8b76-lgtkg,1739492086,2176139264
k6-load-test,k6-load-test-9bd7c8b76-lgtkg,1739492386,2199261184
k6-load-test,k6-load-test-9bd7c8b76-lgtkg,1739492686,2199531520
k6-load-test,k6-load-test-9bd7c8b76-lgtkg,1739492986,2195030016
k6-load-test,k6-load-test-9bd7c8b76-lgtkg,1739493286,2195038208
k6-load-test,k6-load-test-9bd7c8b76-lgtkg,1739493586,2191417344
k6-load-test,k6-load-test-9bd7c8b76-lgtkg,1739493886,2180485120
k6-load-test,k6-load-test-9bd7c8b76-lgtkg,1739494186,2180435968
k6-load-test,k6-load-test-9bd7c8b76-lgtkg,1739494486,2180431872
k6-load-test,k6-load-test-9bd7c8b76-lgtkg,1739494786,2180431872
k6-load-test,k6-load-test-9bd7c8b76-lgtkg,1739495086,2180784128
k6-load-test,k6-load-test-9bd7c8b76-lgtkg,1739495386,2182156288
k6-load-test,k6-load-test-9bd7c8b76-lgtkg,1739495686,2180272128
k6-load-test,k6-load-test-9bd7c8b76-lgtkg,1739495986,2180399104
k6-load-test,k6-load-test-9bd7c8b76-lgtkg,1739496286,2179915776
k6-load-test,k6-load-test-9bd7c8b76-lgtkg,1739496586,2179915776
k6-load-test,k6-load-test-9bd7c8b76-lgtkg,1739496886,2180231168
k6-load-test,k6-load-test-9bd7c8b76-lgtkg,1739497186,2180038656
k6-load-test,k6-load-test-9bd7c8b76-lgtkg,1739497486,2180141056
k6-load-test,k6-load-test-9bd7c8b76-lgtkg,1739497786,2180341760
k6-load-test,k6-load-test-9bd7c8b76-lgtkg,1739498086,2180374528
k6-load-test,k6-load-test-9bd7c8b76-lgtkg,1739498386,2180657152
k6-load-test,k6-load-test-9bd7c8b76-lgtkg,1739498686,2180526080
k6-load-test,k6-load-test-9bd7c8b76-lgtkg,1739498986,2180886528
k6-load-test,k6-load-test-9bd7c8b76-lgtkg,1739499286,2180718592
k6-load-test,k6-load-test-9bd7c8b76-lgtkg,1739499586,2180534272
k6-load-test,k6-load-test-9bd7c8b76-lgtkg,1739499886,2180608000
k6-load-test,k6-load-test-9bd7c8b76-lgtkg,1739500186,2180608000
k6-load-test,k6-load-test-9bd7c8b76-lgtkg,1739500486,2180923392
k6-load-test,k6-load-test-9bd7c8b76-lgtkg,1739500786,2180661248
k6-load-test,k6-load-test-9bd7c8b76-lgtkg,1739501086,2180947968
k6-load-test,k6-load-test-9bd7c8b76-lgtkg,1739501386,2181554176
k6-load-test,k6-load-test-9bd7c8b76-lgtkg,1739501686,2181087232
k6-load-test,k6-load-test-9bd7c8b76-lgtkg,1739501986,2244702208
k6-load-test,k6-load-test-9bd7c8b76-lgtkg,1739502286,2244198400
k6-load-test,k6-load-test-9bd7c8b76-lgtkg,1739502586,2243665920
k6-load-test,k6-load-test-9bd7c8b76-lgtkg,1739502886,2243715072
k6-load-test,k6-load-test-9bd7c8b76-lgtkg,1739503186,2243735552
k6-load-test,k6-load-test-9bd7c8b76-lgtkg,1739503486,2244034560
k6-load-test,k6-load-test-9bd7c8b76-lgtkg,1739503786,2243866624
k6-load-test,k6-load-test-9bd7c8b76-lgtkg,1739504086,2243997696
k6-load-test,k6-load-test-9bd7c8b76-lgtkg,1739504386,2244120576
k6-load-test,k6-load-test-9bd7c8b76-lgtkg,1739504686,2244321280
k6-load-test,k6-load-test-9bd7c8b76-lgtkg,1739504986,2244517888
k6-load-test,k6-load-test-9bd7c8b76-lgtkg,1739505286,2245271552
k6-load-test,k6-load-test-9bd7c8b76-lgtkg,1739505586,2245107712
k6-load-test,k6-load-test-9bd7c8b76-lgtkg,1739505886,2245238784
k6-load-test,k6-load-test-9bd7c8b76-lgtkg,1739506186,2246430720
k6-load-test,k6-load-test-9bd7c8b76-lgtkg,1739506486,2245451776
k6-load-test,k6-load-test-9bd7c8b76-lgtkg,1739506786,2245107712
k6-load-test,k6-load-test-9bd7c8b76-lgtkg,1739507086,2245320704
k6-load-test,k6-load-test-9bd7c8b76-lgtkg,1739507386,2245361664
k6-load-test,k6-load-test-9bd7c8b76-lgtkg,1739507686,2245410816
k6-load-test,k6-load-test-9bd7c8b76-lgtkg,1739507986,2247593984
k6-load-test,k6-load-test-9bd7c8b76-lgtkg,1739508286,2245652480
k6-load-test,k6-load-test-9bd7c8b76-lgtkg,1739508586,2245500928
k6-load-test,k6-load-test-9bd7c8b76-lgtkg,1739508886,2245517312
k6-load-test,k6-load-test-9bd7c8b76-lgtkg,1739509186,2244898816
k6-load-test,k6-load-test-9bd7c8b76-lgtkg,1739509486,2244947968
k6-load-test,k6-load-test-9bd7c8b76-lgtkg,1739509786,2244726784
k6-load-test,k6-load-test-9bd7c8b76-lgtkg,1739510086,2244894720
k6-load-test,k6-load-test-9bd7c8b76-lgtkg,1739510386,2245238784
k6-load-test,k6-load-test-9bd7c8b76-lgtkg,1739510686,2244988928
k6-load-test,k6-load-test-9bd7c8b76-lgtkg,1739510986,2245304320
k6-load-test,k6-load-test-9bd7c8b76-lgtkg,1739511286,2245009408
k6-load-test,k6-load-test-9bd7c8b76-lgtkg,1739511586,2245337088
k6-load-test,k6-load-test-9bd7c8b76-lgtkg,1739511886,2245251072
k6-load-test,k6-load-test-9bd7c8b76-lgtkg,1739512186,2245124096
k6-load-test,k6-load-test-9bd7c8b76-lgtkg,1739512486,2245390336
k6-load-test,k6-load-test-9bd7c8b76-lgtkg,1739512786,2245402624
k6-load-test,k6-load-test-9bd7c8b76-lgtkg,1739513086,2245709824
k6-load-test,k6-load-test-9bd7c8b76-lgtkg,1739513386,2247208960
k6-load-test,k6-load-test-9bd7c8b76-lgtkg,1739513686,2220199936
k6-load-test,k6-load-test-9bd7c8b76-lgtkg,1739513986,2222481408
k6-load-test,k6-load-test-9bd7c8b76-lgtkg,1739514286,2205450240
k6-load-test,k6-load-test-9bd7c8b76-lgtkg,1739514586,2205593600
k6-load-test,k6-load-test-9bd7c8b76-lgtkg,1739514886,2205446144
k6-load-test,k6-load-test-9bd7c8b76-lgtkg,1739515186,2670092288
k6-load-test,k6-load-test-9bd7c8b76-lgtkg,1739515486,2637209600
k6-load-test,k6-load-test-9bd7c8b76-lgtkg,1739515786,2598801408
k6-load-test,k6-load-test-9bd7c8b76-lgtkg,1739516086,2626314240
k6-load-test,k6-load-test-9bd7c8b76-lgtkg,1739516386,2705010688
k6-load-test,k6-load-test-9bd7c8b76-lgtkg,1739516686,2717904896
k6-load-test,k6-load-test-9bd7c8b76-lgtkg,1739516986,2698768384
k6-load-test,k6-load-test-9bd7c8b76-lgtkg,1739517286,2699333632
k6-load-test,k6-load-test-9bd7c8b76-lgtkg,1739517586,2699776000
k6-load-test,k6-load-test-9bd7c8b76-lgtkg,1739517886,2699276288
k6-load-test,k6-load-test-9bd7c8b76-lgtkg,1739518186,2699894784
k6-load-test,k6-load-test-9bd7c8b76-lgtkg,1739518486,2699915264
k6-load-test,k6-load-test-9bd7c8b76-lgtkg,1739518786,2701697024
k6-load-test,k6-load-test-9bd7c8b76-lgtkg,1739519086,2699403264
k6-load-test,k6-load-test-9bd7c8b76-lgtkg,1739519386,2699472896
k6-load-test,k6-load-test-9bd7c8b76-lgtkg,1739519686,2699710464
k6-load-test,k6-load-test-9bd7c8b76-lgtkg,1739519986,2699460608
k6-load-test,k6-load-test-9bd7c8b76-lgtkg,1739520286,2699485184
k6-load-test,k6-load-test-9bd7c8b76-lgtkg,1739520586,2699771904
k6-load-test,k6-load-test-9bd7c8b76-lgtkg,1739520886,2701107200
k6-load-test,k6-load-test-9bd7c8b76-lgtkg,1739521186,2699714560
k6-load-test,k6-load-test-9bd7c8b76-lgtkg,1739521486,2568699904
k6-load-test,k6-load-test-9bd7c8b76-lgtkg,1739521786,2680483840
k6-load-test,k6-load-test-9bd7c8b76-lgtkg,1739522086,2647707648
k6-load-test,k6-load-test-9bd7c8b76-lgtkg,1739522386,2647715840
k6-load-test,k6-load-test-9bd7c8b76-lgtkg,1739522686,2639486976
k6-load-test,k6-load-test-9bd7c8b76-lgtkg,1739522986,2595446784
k6-load-test,k6-load-test-9bd7c8b76-lgtkg,1739523286,2595033088
k6-load-test,k6-load-test-9bd7c8b76-lgtkg,1739523586,2523553792
k6-load-test,k6-load-test-9bd7c8b76-lgtkg,1739523886,2523627520
k6-load-test,k6-load-test-9bd7c8b76-lgtkg,1739524186,2510815232
k6-load-test,k6-load-test-9bd7c8b76-lgtkg,1739524486,2510843904
k6-load-test,k6-load-test-9bd7c8b76-lgtkg,1739524786,2510995456
k6-load-test,k6-load-test-9bd7c8b76-lgtkg,1739525086,2511204352
k6-load-test,k6-load-test-9bd7c8b76-lgtkg,1739525386,2511532032
k6-load-test,k6-load-test-9bd7c8b76-lgtkg,1739525686,2512621568
k6-load-test,k6-load-test-9bd7c8b76-lgtkg,1739525986,2513088512
k6-load-test,k6-load-test-9bd7c8b76-lgtkg,1739526286,2511716352
k6-load-test,k6-load-test-9bd7c8b76-lgtkg,1739526586,2513580032
k6-load-test,k6-load-test-9bd7c8b76-lgtkg,1739526886,2513629184
k6-load-test,k6-load-test-9bd7c8b76-lgtkg,1739527186,2513457152
k6-load-test,k6-load-test-9bd7c8b76-lgtkg,1739527486,2538795008
k6-load-test,k6-load-test-9bd7c8b76-lgtkg,1739527786,2539171840
k6-load-test,k6-load-test-9bd7c8b76-lgtkg,1739528086,2539835392
k6-load-test,k6-load-test-9bd7c8b76-lgtkg,1739528386,2538946560
k6-load-test,k6-load-test-9bd7c8b76-lgtkg,1739528686,2538991616
k6-load-test,k6-load-test-9bd7c8b76-lgtkg,1739528986,2539196416
k6-load-test,k6-load-test-9bd7c8b76-lgtkg,1739529286,2538897408
k6-load-test,k6-load-test-9bd7c8b76-lgtkg,1739529586,2539204608
k6-load-test,k6-load-test-9bd7c8b76-lgtkg,1739529886,2538913792
k6-load-test,k6-load-test-9bd7c8b76-lgtkg,1739530186,2539077632
k6-load-test,k6-load-test-9bd7c8b76-lgtkg,1739530486,2538393600
k6-load-test,k6-load-test-9bd7c8b76-lgtkg,1739530786,2538569728
k6-load-test,k6-load-test-9bd7c8b76-lgtkg,1739531086,2538430464
k6-load-test,k6-load-test-9bd7c8b76-lgtkg,1739531386,2538721280
k6-load-test,k6-load-test-9bd7c8b76-lgtkg,1739531686,2538778624
k6-load-test,k6-load-test-9bd7c8b76-lgtkg,1739531986,2538745856
k6-load-test,k6-load-test-9bd7c8b76-lgtkg,1739532286,2538655744
k6-load-test,k6-load-test-9bd7c8b76-lgtkg,1739532586,2538651648
k6-load-test,k6-load-test-9bd7c8b76-lgtkg,1739532886,2539159552
k6-load-test,k6-load-test-9bd7c8b76-lgtkg,1739533186,2538881024
k6-load-test,k6-load-test-9bd7c8b76-lgtkg,1739533486,2539229184
k6-load-test,k6-load-test-9bd7c8b76-lgtkg,1739533786,2481983488
k6-load-test,k6-load-test-9bd7c8b76-lgtkg,1739534086,2482454528
k6-load-test,k6-load-test-9bd7c8b76-lgtkg,1739534386,2500550656
k6-load-test,k6-load-test-9bd7c8b76-lgtkg,1739534686,2500706304
k6-load-test,k6-load-test-9bd7c8b76-lgtkg,1739534986,2501222400
k6-load-test,k6-load-test-9bd7c8b76-lgtkg,1739535286,2502365184
k6-load-test,k6-load-test-9bd7c8b76-lgtkg,1739535586,2478518272
k6-load-test,k6-load-test-9bd7c8b76-lgtkg,1739535886,2478731264
k6-load-test,k6-load-test-9bd7c8b76-lgtkg,1739536186,2478198784
k6-load-test,k6-load-test-9bd7c8b76-lgtkg,1739536486,2478272512
k6-load-test,k6-load-test-9bd7c8b76-lgtkg,1739536786,2483093504
k6-load-test,k6-load-test-9bd7c8b76-lgtkg,1739537086,2482425856
k6-load-test,k6-load-test-9bd7c8b76-lgtkg,1739537386,3209068544
k6-load-test,k6-load-test-9bd7c8b76-lgtkg,1739537686,3086532608
k6-load-test,k6-load-test-9bd7c8b76-lgtkg,1739537986,3006713856
k6-load-test,k6-load-test-9bd7c8b76-lgtkg,1739538286,3006722048
k6-load-test,k6-load-test-9bd7c8b76-lgtkg,1739538586,3007160320
k6-load-test,k6-load-test-9bd7c8b76-lgtkg,1739538886,3007090688
k6-load-test,k6-load-test-9bd7c8b76-lgtkg,1739539186,3006865408
k6-load-test,k6-load-test-9bd7c8b76-lgtkg,1739539486,3007012864
k6-load-test,k6-load-test-9bd7c8b76-lgtkg,1739539786,2963152896
k6-load-test,k6-load-test-9bd7c8b76-lgtkg,1739540086,2794983424
k6-load-test,k6-load-test-9bd7c8b76-lgtkg,1739540386,2834759680
k6-load-test,k6-load-test-9bd7c8b76-lgtkg,1739540686,2889125888
k6-load-test,k6-load-test-9bd7c8b76-lgtkg,1739540986,2889539584
k6-load-test,k6-load-test-9bd7c8b76-lgtkg,1739541286,2889924608
k6-load-test,k6-load-test-9bd7c8b76-lgtkg,1739541586,2815148032
k6-load-test,k6-load-test-9bd7c8b76-lgtkg,1739541886,2856783872
k6-load-test,k6-load-test-9bd7c8b76-lgtkg,1739542186,2896191488
k6-load-test,k6-load-test-9bd7c8b76-lgtkg,1739542486,2986627072
k6-load-test,k6-load-test-9bd7c8b76-lgtkg,1739542786,2968817664
k6-load-test,k6-load-test-9bd7c8b76-lgtkg,1739543086,2968383488
k6-load-test,k6-load-test-9bd7c8b76-lgtkg,1739543386,2968539136
k6-load-test,k6-load-test-9bd7c8b76-lgtkg,1739543686,2940055552
k6-load-test,k6-load-test-9bd7c8b76-lgtkg,1739543986,2946465792
k6-load-test,k6-load-test-9bd7c8b76-lgtkg,1739544286,2905280512
k6-load-test,k6-load-test-9bd7c8b76-lgtkg,1739544586,2847641600
k6-load-test,k6-load-test-9bd7c8b76-lgtkg,1739544886,2847686656
k6-load-test,k6-load-test-9bd7c8b76-lgtkg,1739545186,2858700800
k6-load-test,k6-load-test-9bd7c8b76-lgtkg,1739545486,2858541056
k6-load-test,k6-load-test-9bd7c8b76-lgtkg,1739545786,2859184128
k6-load-test,k6-load-test-9bd7c8b76-lgtkg,1739546086,2858758144
k6-load-test,k6-load-test-9bd7c8b76-lgtkg,1739546386,2858631168
k6-load-test,k6-load-test-9bd7c8b76-lgtkg,1739546686,2858876928
k6-load-test,k6-load-test-9bd7c8b76-lgtkg,1739546986,2858647552
k6-load-test,k6-load-test-9bd7c8b76-lgtkg,1739547286,2858668032
k6-load-test,k6-load-test-9bd7c8b76-lgtkg,1739547586,2860265472
k6-load-test,k6-load-test-9bd7c8b76-lgtkg,1739547886,2858782720
k6-load-test,k6-load-test-9bd7c8b76-lgtkg,1739548186,2858778624
k6-load-test,k6-load-test-9bd7c8b76-lgtkg,1739548486,2933198848
k6-load-test,k6-load-test-9bd7c8b76-lgtkg,1739548786,2933407744
k6-load-test,k6-load-test-9bd7c8b76-lgtkg,1739549086,2920267776
k6-load-test,k6-load-test-9bd7c8b76-lgtkg,1739549386,2922053632
k6-load-test,k6-load-test-9bd7c8b76-lgtkg,1739549686,2920116224
k6-load-test,k6-load-test-9bd7c8b76-lgtkg,1739549986,2921537536
k6-load-test,k6-load-test-9bd7c8b76-lgtkg,1739550286,2921697280
k6-load-test,k6-load-test-9bd7c8b76-lgtkg,1739550586,2921897984
k6-load-test,k6-load-test-9bd7c8b76-lgtkg,1739550886,2921705472
k6-load-test,k6-load-test-9bd7c8b76-lgtkg,1739551186,2921463808
k6-load-test,k6-load-test-9bd7c8b76-lgtkg,1739551486,2921594880
k6-load-test,k6-load-test-9bd7c8b76-lgtkg,1739551786,2922024960
k6-load-test,k6-load-test-9bd7c8b76-lgtkg,1739552086,2921078784
k6-load-test,k6-load-test-9bd7c8b76-lgtkg,1739552386,2920939520
k6-load-test,k6-load-test-9bd7c8b76-lgtkg,1739552686,2920861696
k6-load-test,k6-load-test-9bd7c8b76-lgtkg,1739552986,2843066368
k6-load-test,k6-load-test-9bd7c8b76-lgtkg,1739553286,2843037696
k6-load-test,k6-load-test-9bd7c8b76-lgtkg,1739553586,2843447296
k6-load-test,k6-load-test-9bd7c8b76-lgtkg,1739553886,2869960704
k6-load-test,k6-load-test-9bd7c8b76-lgtkg,1739554186,2873917440
k6-load-test,k6-load-test-9bd7c8b76-lgtkg,1739554486,2873913344
k6-load-test,k6-load-test-9bd7c8b76-lgtkg,1739554786,2875146240
k6-load-test,k6-load-test-9bd7c8b76-lgtkg,1739555086,2874081280
k6-load-test,k6-load-test-9bd7c8b76-lgtkg,1739555386,2874597376
k6-load-test,k6-load-test-9bd7c8b76-lgtkg,1739555686,2873905152
k6-load-test,k6-load-test-9bd7c8b76-lgtkg,1739555986,2874171392
k6-load-test,k6-load-test-9bd7c8b76-lgtkg,1739556286,2873978880
k6-load-test,k6-load-test-9bd7c8b76-lgtkg,1739556586,2873733120
k6-load-test,k6-load-test-9bd7c8b76-lgtkg,1739556886,2874404864
k6-load-test,k6-load-test-9bd7c8b76-lgtkg,1739557186,2874105856
k6-load-test,k6-load-test-9bd7c8b76-lgtkg,1739557486,2842730496
k6-load-test,k6-load-test-9bd7c8b76-lgtkg,1739557786,2843078656
k6-load-test,k6-load-test-9bd7c8b76-lgtkg,1739558086,2844680192
k6-load-test,k6-load-test-9bd7c8b76-lgtkg,1739558386,2843082752
k6-load-test,k6-load-test-9bd7c8b76-lgtkg,1739558686,2842791936
k6-load-test,k6-load-test-9bd7c8b76-lgtkg,1739558986,2843070464
k6-load-test,k6-load-test-9bd7c8b76-lgtkg,1739559286,2843115520
k6-load-test,k6-load-test-9bd7c8b76-lgtkg,1739559586,2842607616
k6-load-test,k6-load-test-9bd7c8b76-lgtkg,1739559886,2842517504
k6-load-test,k6-load-test-9bd7c8b76-lgtkg,1739560186,2842570752
k6-load-test,k6-load-test-9bd7c8b76-lgtkg,1739560486,2842206208
k6-load-test,k6-load-test-9bd7c8b76-lgtkg,1739560786,2842218496
k6-load-test,k6-load-test-9bd7c8b76-lgtkg,1739561086,2842472448
k6-load-test,k6-load-test-9bd7c8b76-lgtkg,1739561386,2842304512
k6-load-test,k6-load-test-9bd7c8b76-lgtkg,1739561686,2844008448
k6-load-test,k6-load-test-9bd7c8b76-lgtkg,1739561986,2842206208
k6-load-test,k6-load-test-9bd7c8b76-lgtkg,1739562286,2842476544
k6-load-test,k6-load-test-9bd7c8b76-lgtkg,1739562586,2842210304
k6-load-test,k6-load-test-9bd7c8b76-lgtkg,1739562886,2842402816
k6-load-test,k6-load-test-9bd7c8b76-lgtkg,1739563186,2842316800
k6-load-test,k6-load-test-9bd7c8b76-lgtkg,1739563486,2844020736
k6-load-test,k6-load-test-9bd7c8b76-lgtkg,1739563786,2842042368
k6-load-test,k6-load-test-9bd7c8b76-lgtkg,1739564086,2842046464
k6-load-test,k6-load-test-9bd7c8b76-lgtkg,1739564386,2842042368
k6-load-test,k6-load-test-9bd7c8b76-lgtkg,1739564686,2842034176
k6-load-test,k6-load-test-9bd7c8b76-lgtkg,1739564986,210395136
k6-load-test,k6-load-test-9bd7c8b76-lgtkg,1739565286,237150208
k6-load-test,k6-load-test-9bd7c8b76-lgtkg,1739565586,239726592
k6-load-test,k6-load-test-9bd7c8b76-lgtkg,1739565886,244060160
k6-load-test,k6-load-test-9bd7c8b76-lgtkg,1739566186,246317056
k6-load-test,k6-load-test-9bd7c8b76-lgtkg,1739566486,250621952
k6-load-test,k6-load-test-9bd7c8b76-lgtkg,1739566786,252764160
k6-load-test,k6-load-test-9bd7c8b76-lgtkg,1739567086,259100672
k6-load-test,k6-load-test-9bd7c8b76-lgtkg,1739567386,259354624
k6-load-test,k6-load-test-9bd7c8b76-lgtkg,1739567686,265969664
k6-load-test,k6-load-test-9bd7c8b76-lgtkg,1739567986,266240000
k6-load-test,k6-load-test-9bd7c8b76-lgtkg,1739568286,274333696
k6-load-test,k6-load-test-9bd7c8b76-lgtkg,1739568586,273948672
k6-load-test,k6-load-test-9bd7c8b76-lgtkg,1739568886,275808256
k6-load-test,k6-load-test-9bd7c8b76-lgtkg,1739569186,282480640
k6-load-test,k6-load-test-9bd7c8b76-lgtkg,1739569486,282562560
k6-load-test,k6-load-test-9bd7c8b76-lgtkg,1739569786,282562560
k6-load-test,k6-load-test-9bd7c8b76-lgtkg,1739570086,282583040
k6-load-test,k6-load-test-9bd7c8b76-lgtkg,1739570386,295780352
k6-load-test,k6-load-test-9bd7c8b76-lgtkg,1739570686,294612992
k6-load-test,k6-load-test-9bd7c8b76-lgtkg,1739570986,294690816
k6-load-test,k6-load-test-9bd7c8b76-lgtkg,1739571286,295096320
k6-load-test,k6-load-test-9bd7c8b76-lgtkg,1739571586,308342784
k6-load-test,k6-load-test-9bd7c8b76-lgtkg,1739571886,308330496
k6-load-test,k6-load-test-9bd7c8b76-lgtkg,1739572186,308666368
k6-load-test,k6-load-test-9bd7c8b76-lgtkg,1739572486,309190656
k6-load-test,k6-load-test-9bd7c8b76-lgtkg,1739572786,308686848
k6-load-test,k6-load-test-9bd7c8b76-lgtkg,1739573086,308731904
k6-load-test,k6-load-test-9bd7c8b76-lgtkg,1739573386,326696960
k6-load-test,k6-load-test-9bd7c8b76-lgtkg,1739573686,326701056
k6-load-test,k6-load-test-9bd7c8b76-lgtkg,1739573986,328253440
k6-load-test,k6-load-test-9bd7c8b76-lgtkg,1739574286,328822784
k6-load-test,k6-load-test-9bd7c8b76-lgtkg,1739574586,328863744
k6-load-test,k6-load-test-9bd7c8b76-lgtkg,1739574886,328876032
k6-load-test,k6-load-test-9bd7c8b76-lgtkg,1739575186,328867840
k6-load-test,k6-load-test-9bd7c8b76-lgtkg,1739575486,332898304
k6-load-test,k6-load-test-9bd7c8b76-lgtkg,1739575786,348876800
k6-load-test,k6-load-test-9bd7c8b76-lgtkg,1739576086,352870400
k6-load-test,k6-load-test-9bd7c8b76-lgtkg,1739576386,357097472
k6-load-test,k6-load-test-9bd7c8b76-lgtkg,1739576686,357945344
k6-load-test,k6-load-test-9bd7c8b76-lgtkg,1739576986,357945344
k6-load-test,k6-load-test-9bd7c8b76-lgtkg,1739577286,357953536
k6-load-test,k6-load-test-9bd7c8b76-lgtkg,1739577586,357953536
k6-load-test,k6-load-test-9bd7c8b76-lgtkg,1739577886,388833280
k6-load-test,k6-load-test-9bd7c8b76-lgtkg,1739578186,372142080
k6-load-test,k6-load-test-9bd7c8b76-lgtkg,1739578486,374288384
k6-load-test,k6-load-test-9bd7c8b76-lgtkg,1739578786,374300672
k6-load-test,k6-load-test-9bd7c8b76-lgtkg,1739579086,374317056
k6-load-test,k6-load-test-9bd7c8b76-lgtkg,1739579386,374235136
k6-load-test,k6-load-test-9bd7c8b76-lgtkg,1739579686,371789824
k6-load-test,k6-load-test-9bd7c8b76-lgtkg,1739579986,370225152
k6-load-test,k6-load-test-9bd7c8b76-lgtkg,1739580286,370290688
k6-load-test,k6-load-test-9bd7c8b76-lgtkg,1739580586,370290688
k6-load-test,k6-load-test-9bd7c8b76-lgtkg,1739580886,370081792
k6-load-test,k6-load-test-9bd7c8b76-lgtkg,1739581186,415969280
k6-load-test,k6-load-test-9bd7c8b76-lgtkg,1739581486,415813632
k6-load-test,k6-load-test-9bd7c8b76-lgtkg,1739581786,419446784
k6-load-test,k6-load-test-9bd7c8b76-lgtkg,1739582086,419659776
k6-load-test,k6-load-test-9bd7c8b76-lgtkg,1739582386,415592448
k6-load-test,k6-load-test-9bd7c8b76-lgtkg,1739582686,415604736
k6-load-test,k6-load-test-9bd7c8b76-lgtkg,1739582986,415596544
k6-load-test,k6-load-test-9bd7c8b76-lgtkg,1739583286,412499968
k6-load-test,k6-load-test-9bd7c8b76-lgtkg,1739583586,412766208
k6-load-test,k6-load-test-9bd7c8b76-lgtkg,1739583886,412856320
k6-load-test,k6-load-test-9bd7c8b76-lgtkg,1739584186,412729344
k6-load-test,k6-load-test-9bd7c8b76-lgtkg,1739584486,412712960
k6-load-test,k6-load-test-9bd7c8b76-lgtkg,1739584786,412721152
k6-load-test,k6-load-test-9bd7c8b76-lgtkg,1739585086,461815808
k6-load-test,k6-load-test-9bd7c8b76-lgtkg,1739585386,457797632
k6-load-test,k6-load-test-9bd7c8b76-lgtkg,1739585686,458366976
k6-load-test,k6-load-test-9bd7c8b76-lgtkg,1739585986,458432512
k6-load-test,k6-load-test-9bd7c8b76-lgtkg,1739586286,458289152
k6-load-test,k6-load-test-9bd7c8b76-lgtkg,1739586586,457859072
k6-load-test,k6-load-test-9bd7c8b76-lgtkg,1739586886,457879552
k6-load-test,k6-load-test-9bd7c8b76-lgtkg,1739587186,458174464
k6-load-test,k6-load-test-9bd7c8b76-lgtkg,1739587486,458022912
k6-load-test,k6-load-test-9bd7c8b76-lgtkg,1739587786,458362880
k6-load-test,k6-load-test-9bd7c8b76-lgtkg,1739588086,458104832
k6-load-test,k6-load-test-9bd7c8b76-lgtkg,1739588386,458145792
k6-load-test,k6-load-test-9bd7c8b76-lgtkg,1739588686,458571776
k6-load-test,k6-load-test-9bd7c8b76-lgtkg,1739588986,450338816
k6-load-test,k6-load-test-9bd7c8b76-lgtkg,1739589286,449744896
k6-load-test,k6-load-test-9bd7c8b76-lgtkg,1739589586,536023040
k6-load-test,k6-load-test-9bd7c8b76-lgtkg,1739589886,526172160
k6-load-test,k6-load-test-9bd7c8b76-lgtkg,1739590186,524664832
k6-load-test,k6-load-test-9bd7c8b76-lgtkg,1739590486,524861440
k6-load-test,k6-load-test-9bd7c8b76-lgtkg,1739590786,527355904
k6-load-test,k6-load-test-9bd7c8b76-lgtkg,1739591086,527462400
k6-load-test,k6-load-test-9bd7c8b76-lgtkg,1739591386,527831040
k6-load-test,k6-load-test-9bd7c8b76-lgtkg,1739591686,531451904
k6-load-test,k6-load-test-9bd7c8b76-lgtkg,1739591986,533585920
k6-load-test,k6-load-test-9bd7c8b76-lgtkg,1739592286,533610496
k6-load-test,k6-load-test-9bd7c8b76-lgtkg,1739592586,533639168
k6-load-test,k6-load-test-9bd7c8b76-lgtkg,1739592886,533733376
k6-load-test,k6-load-test-9bd7c8b76-lgtkg,1739593186,533970944
k6-load-test,k6-load-test-9bd7c8b76-lgtkg,1739593486,534335488
k6-load-test,k6-load-test-9bd7c8b76-lgtkg,1739593786,611282944
k6-load-test,k6-load-test-9bd7c8b76-lgtkg,1739594086,645447680
k6-load-test,k6-load-test-9bd7c8b76-lgtkg,1739594386,567480320
k6-load-test,k6-load-test-9bd7c8b76-lgtkg,1739594686,567619584
k6-load-test,k6-load-test-9bd7c8b76-lgtkg,1739594986,567656448
k6-load-test,k6-load-test-9bd7c8b76-lgtkg,1739595286,576180224
k6-load-test,k6-load-test-9bd7c8b76-lgtkg,1739595586,576249856
k6-load-test,k6-load-test-9bd7c8b76-lgtkg,1739595886,587964416
k6-load-test,k6-load-test-9bd7c8b76-lgtkg,1739596186,588169216
k6-load-test,k6-load-test-9bd7c8b76-lgtkg,1739596486,588611584
k6-load-test,k6-load-test-9bd7c8b76-lgtkg,1739596786,588644352
k6-load-test,k6-load-test-9bd7c8b76-lgtkg,1739597086,588595200
k6-load-test,k6-load-test-9bd7c8b76-lgtkg,1739597386,587780096
k6-load-test,k6-load-test-9bd7c8b76-lgtkg,1739597686,587866112
k6-load-test,k6-load-test-9bd7c8b76-lgtkg,1739597986,587927552
k6-load-test,k6-load-test-9bd7c8b76-lgtkg,1739598286,677863424
k6-load-test,k6-load-test-9bd7c8b76-lgtkg,1739598586,677920768
k6-load-test,k6-load-test-9bd7c8b76-lgtkg,1739598886,677933056
k6-load-test,k6-load-test-9bd7c8b76-lgtkg,1739599186,675909632
k6-load-test,k6-load-test-9bd7c8b76-lgtkg,1739599486,678092800
k6-load-test,k6-load-test-9bd7c8b76-lgtkg,1739599786,666578944
k6-load-test,k6-load-test-9bd7c8b76-lgtkg,1739600086,667316224
k6-load-test,k6-load-test-9bd7c8b76-lgtkg,1739600386,667447296
k6-load-test,k6-load-test-9bd7c8b76-lgtkg,1739600686,667570176
k6-load-test,k6-load-test-9bd7c8b76-lgtkg,1739600986,668028928
k6-load-test,k6-load-test-9bd7c8b76-lgtkg,1739601286,668307456
k6-load-test,k6-load-test-9bd7c8b76-lgtkg,1739601586,669786112
k6-load-test,k6-load-test-9bd7c8b76-lgtkg,1739601886,668094464
k6-load-test,k6-load-test-9bd7c8b76-lgtkg,1739602186,668205056
k6-load-test,k6-load-test-9bd7c8b76-lgtkg,1739602486,668246016
k6-load-test,k6-load-test-9bd7c8b76-lgtkg,1739602786,822116352
k6-load-test,k6-load-test-9bd7c8b76-lgtkg,1739603086,819793920
k6-load-test,k6-load-test-9bd7c8b76-lgtkg,1739603386,829550592
k6-load-test,k6-load-test-9bd7c8b76-lgtkg,1739603686,825864192
k6-load-test,k6-load-test-9bd7c8b76-lgtkg,1739603986,822169600
k6-load-test,k6-load-test-9bd7c8b76-lgtkg,1739604286,822202368
k6-load-test,k6-load-test-9bd7c8b76-lgtkg,1739604586,822083584
k6-load-test,k6-load-test-9bd7c8b76-lgtkg,1739604886,822624256
k6-load-test,k6-load-test-9bd7c8b76-lgtkg,1739605186,778727424
k6-load-test,k6-load-test-9bd7c8b76-lgtkg,1739605486,777297920
k6-load-test,k6-load-test-9bd7c8b76-lgtkg,1739605786,777043968
k6-load-test,k6-load-test-9bd7c8b76-lgtkg,1739606086,777498624
k6-load-test,k6-load-test-9bd7c8b76-lgtkg,1739606386,777830400
k6-load-test,k6-load-test-9bd7c8b76-lgtkg,1739606686,777523200
k6-load-test,k6-load-test-9bd7c8b76-lgtkg,1739606986,983457792
k6-load-test,k6-load-test-9bd7c8b76-lgtkg,1739607286,908509184
k6-load-test,k6-load-test-9bd7c8b76-lgtkg,1739607586,908955648
k6-load-test,k6-load-test-9bd7c8b76-lgtkg,1739607886,908705792
k6-load-test,k6-load-test-9bd7c8b76-lgtkg,1739608186,908066816
k6-load-test,k6-load-test-9bd7c8b76-lgtkg,1739608486,908091392
k6-load-test,k6-load-test-9bd7c8b76-lgtkg,1739608786,908177408
k6-load-test,k6-load-test-9bd7c8b76-lgtkg,1739609086,908476416
k6-load-test,k6-load-test-9bd7c8b76-lgtkg,1739609386,908783616
k6-load-test,k6-load-test-9bd7c8b76-lgtkg,1739609686,906686464
k6-load-test,k6-load-test-9bd7c8b76-lgtkg,1739609986,906854400
k6-load-test,k6-load-test-9bd7c8b76-lgtkg,1739610286,906612736
k6-load-test,k6-load-test-9bd7c8b76-lgtkg,1739610586,907264000
k6-load-test,k6-load-test-9bd7c8b76-lgtkg,1739610886,901976064
k6-load-test,k6-load-test-9bd7c8b76-lgtkg,1739611186,913788928
k6-load-test,k6-load-test-9bd7c8b76-lgtkg,1739611486,913588224
k6-load-test,k6-load-test-9bd7c8b76-lgtkg,1739611786,913633280
k6-load-test,k6-load-test-9bd7c8b76-lgtkg,1739612086,932265984
k6-load-test,k6-load-test-9bd7c8b76-lgtkg,1739612386,1092128768
k6-load-test,k6-load-test-9bd7c8b76-lgtkg,1739612686,1092239360
k6-load-test,k6-load-test-9bd7c8b76-lgtkg,1739612986,1092116480
k6-load-test,k6-load-test-9bd7c8b76-lgtkg,1739613286,1092464640
k6-load-test,k6-load-test-9bd7c8b76-lgtkg,1739613586,1092231168
k6-load-test,k6-load-test-9bd7c8b76-lgtkg,1739613886,1092767744
k6-load-test,k6-load-test-9bd7c8b76-lgtkg,1739614186,1091948544
k6-load-test,k6-load-test-9bd7c8b76-lgtkg,1739614486,1091686400
k6-load-test,k6-load-test-9bd7c8b76-lgtkg,1739614786,1091694592
k6-load-test,k6-load-test-9bd7c8b76-lgtkg,1739615086,1091801088
k6-load-test,k6-load-test-9bd7c8b76-lgtkg,1739615386,1092087808
k6-load-test,k6-load-test-9bd7c8b76-lgtkg,1739615686,1092091904
k6-load-test,k6-load-test-9bd7c8b76-lgtkg,1739615986,1091956736
k6-load-test,k6-load-test-9bd7c8b76-lgtkg,1739616286,1048317952
k6-load-test,k6-load-test-9bd7c8b76-lgtkg,1739616586,1042870272
k6-load-test,k6-load-test-9bd7c8b76-lgtkg,1739616886,1043558400
k6-load-test,k6-load-test-9bd7c8b76-lgtkg,1739617186,1045176320
k6-load-test,k6-load-test-9bd7c8b76-lgtkg,1739617486,1046614016
k6-load-test,k6-load-test-9bd7c8b76-lgtkg,1739617786,1044992000
k6-load-test,k6-load-test-9bd7c8b76-lgtkg,1739618086,1353592832
k6-load-test,k6-load-test-9bd7c8b76-lgtkg,1739618386,1346048000
k6-load-test,k6-load-test-9bd7c8b76-lgtkg,1739618686,1342197760
k6-load-test,k6-load-test-9bd7c8b76-lgtkg,1739618986,1346736128
k6-load-test,k6-load-test-9bd7c8b76-lgtkg,1739619286,1346781184
k6-load-test,k6-load-test-9bd7c8b76-lgtkg,1739619586,1348157440
k6-load-test,k6-load-test-9bd7c8b76-lgtkg,1739619886,1347743744
k6-load-test,k6-load-test-9bd7c8b76-lgtkg,1739620186,1348108288
k6-load-test,k6-load-test-9bd7c8b76-lgtkg,1739620486,1326055424
k6-load-test,k6-load-test-9bd7c8b76-lgtkg,1739620786,1288921088
k6-load-test,k6-load-test-9bd7c8b76-lgtkg,1739621086,1288970240
k6-load-test,k6-load-test-9bd7c8b76-lgtkg,1739621386,1289371648
k6-load-test,k6-load-test-9bd7c8b76-lgtkg,1739621686,1290334208
k6-load-test,k6-load-test-9bd7c8b76-lgtkg,1739621986,1335316480
k6-load-test,k6-load-test-9bd7c8b76-lgtkg,1739622286,1305100288
k6-load-test,k6-load-test-9bd7c8b76-lgtkg,1739622586,1305640960
k6-load-test,k6-load-test-9bd7c8b76-lgtkg,1739622886,1307389952
k6-load-test,k6-load-test-9bd7c8b76-lgtkg,1739623186,1305526272
k6-load-test,k6-load-test-9bd7c8b76-lgtkg,1739623486,1320611840
k6-load-test,k6-load-test-9bd7c8b76-lgtkg,1739623786,1320476672
k6-load-test,k6-load-test-9bd7c8b76-lgtkg,1739624086,1320529920
k6-load-test,k6-load-test-9bd7c8b76-lgtkg,1739624386,1320751104
k6-load-test,k6-load-test-9bd7c8b76-lgtkg,1739624686,1321013248
k6-load-test,k6-load-test-9bd7c8b76-lgtkg,1739624986,1320443904
k6-load-test,k6-load-test-9bd7c8b76-lgtkg,1739625286,1320505344
k6-load-test,k6-load-test-9bd7c8b76-lgtkg,1739625586,1569136640
k6-load-test,k6-load-test-9bd7c8b76-lgtkg,1739625886,1569619968
k6-load-test,k6-load-test-9bd7c8b76-lgtkg,1739626186,1571602432
k6-load-test,k6-load-test-9bd7c8b76-lgtkg,1739626486,1571704832
k6-load-test,k6-load-test-9bd7c8b76-lgtkg,1739626786,1571610624
k6-load-test,k6-load-test-9bd7c8b76-lgtkg,1739627086,1571762176
k6-load-test,k6-load-test-9bd7c8b76-lgtkg,1739627386,1572052992
k6-load-test,k6-load-test-9bd7c8b76-lgtkg,1739627686,1494884352
k6-load-test,k6-load-test-9bd7c8b76-lgtkg,1739627986,1494679552
k6-load-test,k6-load-test-9bd7c8b76-lgtkg,1739628286,1496338432
k6-load-test,k6-load-test-9bd7c8b76-lgtkg,1739628586,1495781376
k6-load-test,k6-load-test-9bd7c8b76-lgtkg,1739628886,1496039424
k6-load-test,k6-load-test-9bd7c8b76-lgtkg,1739629186,1495969792
k6-load-test,k6-load-test-9bd7c8b76-lgtkg,1739629486,1496170496
k6-load-test,k6-load-test-9bd7c8b76-lgtkg,1739629786,1499537408
k6-load-test,k6-load-test-9bd7c8b76-lgtkg,1739630086,1498501120
k6-load-test,k6-load-test-9bd7c8b76-lgtkg,1739630386,1498316800
k6-load-test,k6-load-test-9bd7c8b76-lgtkg,1739630686,1498615808
k6-load-test,k6-load-test-9bd7c8b76-lgtkg,1739630986,1498361856
k6-load-test,k6-load-test-9bd7c8b76-lgtkg,1739631286,1498087424
k6-load-test,k6-load-test-9bd7c8b76-lgtkg,1739631586,1498284032
k6-load-test,k6-load-test-9bd7c8b76-lgtkg,1739631886,1498271744
k6-load-test,k6-load-test-9bd7c8b76-lgtkg,1739632186,1498333184
k6-load-test,k6-load-test-9bd7c8b76-lgtkg,1739632486,1498349568
k6-load-test,k6-load-test-9bd7c8b76-lgtkg,1739632786,1498697728
k6-load-test,k6-load-test-9bd7c8b76-lgtkg,1739633086,1498378240
k6-load-test,k6-load-test-9bd7c8b76-lgtkg,1739633386,1851564032
k6-load-test,k6-load-test-9bd7c8b76-lgtkg,1739633686,1802805248
k6-load-test,k6-load-test-9bd7c8b76-lgtkg,1739633986,1800708096
k6-load-test,k6-load-test-9bd7c8b76-lgtkg,1739634286,1793159168
k6-load-test,k6-load-test-9bd7c8b76-lgtkg,1739634586,1793417216
k6-load-test,k6-load-test-9bd7c8b76-lgtkg,1739634886,1793937408
k6-load-test,k6-load-test-9bd7c8b76-lgtkg,1739635186,1793282048
k6-load-test,k6-load-test-9bd7c8b76-lgtkg,1739635486,1663979520
k6-load-test,k6-load-test-9bd7c8b76-lgtkg,1739635786,1673879552
k6-load-test,k6-load-test-9bd7c8b76-lgtkg,1739636086,1751724032
k6-load-test,k6-load-test-9bd7c8b76-lgtkg,1739636386,1829249024
k6-load-test,k6-load-test-9bd7c8b76-lgtkg,1739636686,1829625856
k6-load-test,k6-load-test-9bd7c8b76-lgtkg,1739636986,1830211584
k6-load-test,k6-load-test-9bd7c8b76-lgtkg,1739637286,1830051840
k6-load-test,k6-load-test-9bd7c8b76-lgtkg,1739637586,1830309888
k6-load-test,k6-load-test-9bd7c8b76-lgtkg,1739637886,1829781504
k6-load-test,k6-load-test-9bd7c8b76-lgtkg,1739638186,1829675008
k6-load-test,k6-load-test-9bd7c8b76-lgtkg,1739638486,1829896192
k6-load-test,k6-load-test-9bd7c8b76-lgtkg,1739638786,1871691776
k6-load-test,k6-load-test-9bd7c8b76-lgtkg,1739639086,1872166912
k6-load-test,k6-load-test-9bd7c8b76-lgtkg,1739639386,1871622144
k6-load-test,k6-load-test-9bd7c8b76-lgtkg,1739639686,1871618048
k6-load-test,k6-load-test-9bd7c8b76-lgtkg,1739639986,1872134144
k6-load-test,k6-load-test-9bd7c8b76-lgtkg,1739640286,1872027648
k6-load-test,k6-load-test-9bd7c8b76-lgtkg,1739640586,1790214144
k6-load-test,k6-load-test-9bd7c8b76-lgtkg,1739640886,1790238720
k6-load-test,k6-load-test-9bd7c8b76-lgtkg,1739641186,1790201856
k6-load-test,k6-load-test-9bd7c8b76-lgtkg,1739641486,1784242176
k6-load-test,k6-load-test-9bd7c8b76-lgtkg,1739641786,1784156160
k6-load-test,k6-load-test-9bd7c8b76-lgtkg,1739642086,1783902208
k6-load-test,k6-load-test-9bd7c8b76-lgtkg,1739642386,1783984128
k6-load-test,k6-load-test-9bd7c8b76-lgtkg,1739642686,1783640064
k6-load-test,k6-load-test-9bd7c8b76-lgtkg,1739642986,1771507712
k6-load-test,k6-load-test-9bd7c8b76-lgtkg,1739643286,2035191808
k6-load-test,k6-load-test-9bd7c8b76-lgtkg,1739643586,2035208192
k6-load-test,k6-load-test-9bd7c8b76-lgtkg,1739643886,2034970624
k6-load-test,k6-load-test-9bd7c8b76-lgtkg,1739644186,2034270208
k6-load-test,k6-load-test-9bd7c8b76-lgtkg,1739644486,2034675712
k6-load-test,k6-load-test-9bd7c8b76-lgtkg,1739644786,2034528256
k6-load-test,k6-load-test-9bd7c8b76-lgtkg,1739645086,2032730112
k6-load-test,k6-load-test-9bd7c8b76-lgtkg,1739645386,2032402432
k6-load-test,k6-load-test-9bd7c8b76-lgtkg,1739645686,2032410624
k6-load-test,k6-load-test-9bd7c8b76-lgtkg,1739645986,2034221056
k6-load-test,k6-load-test-9bd7c8b76-lgtkg,1739646286,2035527680
k6-load-test,k6-load-test-9bd7c8b76-lgtkg,1739646586,2033012736
k6-load-test,k6-load-test-9bd7c8b76-lgtkg,1739646886,2131062784
k6-load-test,k6-load-test-9bd7c8b76-lgtkg,1739647186,2038726656
k6-load-test,k6-load-test-9bd7c8b76-lgtkg,1739647486,2040508416
k6-load-test,k6-load-test-9bd7c8b76-lgtkg,1739647786,2040225792
k6-load-test,k6-load-test-9bd7c8b76-lgtkg,1739648086,2040139776
k6-load-test,k6-load-test-9bd7c8b76-lgtkg,1739648386,2017234944
k6-load-test,k6-load-test-9bd7c8b76-lgtkg,1739648686,2017333248
k6-load-test,k6-load-test-9bd7c8b76-lgtkg,1739648986,2017898496
k6-load-test,k6-load-test-9bd7c8b76-lgtkg,1739649286,2017251328
k6-load-test,k6-load-test-9bd7c8b76-lgtkg,1739649586,2014658560
k6-load-test,k6-load-test-9bd7c8b76-lgtkg,1739649886,2158968832
k6-load-test,k6-load-test-9bd7c8b76-lgtkg,1739650186,2255687680
k6-load-test,k6-load-test-9bd7c8b76-lgtkg,1739650486,2267459584
k6-load-test,k6-load-test-9bd7c8b76-lgtkg,1739650786,2282766336
k6-load-test,k6-load-test-9bd7c8b76-lgtkg,1739651086,2338131968
k6-load-test,k6-load-test-9bd7c8b76-lgtkg,1739651386,2338107392
k6-load-test,k6-load-test-9bd7c8b76-lgtkg,1739651686,2227449856
k6-load-test,k6-load-test-9bd7c8b76-lgtkg,1739651986,2091892736
k6-load-test,k6-load-test-9bd7c8b76-lgtkg,1739652286,2018537472
k6-load-test,k6-load-test-9bd7c8b76-lgtkg,1739652586,2018529280
k6-load-test,k6-load-test-9bd7c8b76-lgtkg,1739652886,2018234368
k6-load-test,k6-load-test-9bd7c8b76-lgtkg,1739653186,2018234368
k6-load-test,k6-load-test-9bd7c8b76-lgtkg,1739653486,2018377728
k6-load-test,k6-load-test-9bd7c8b76-lgtkg,1739653786,2018050048
k6-load-test,k6-load-test-9bd7c8b76-lgtkg,1739654086,2017857536
k6-load-test,k6-load-test-9bd7c8b76-lgtkg,1739654386,2018152448
k6-load-test,k6-load-test-9bd7c8b76-lgtkg,1739654686,2026254336
k6-load-test,k6-load-test-9bd7c8b76-lgtkg,1739654986,2026188800
k6-load-test,k6-load-test-9bd7c8b76-lgtkg,1739655286,2028261376
k6-load-test,k6-load-test-9bd7c8b76-lgtkg,1739655586,2026237952
k6-load-test,k6-load-test-9bd7c8b76-lgtkg,1739655886,2026532864
k6-load-test,k6-load-test-9bd7c8b76-lgtkg,1739656186,2026196992
k6-load-test,k6-load-test-9bd7c8b76-lgtkg,1739656486,2026659840
k6-load-test,k6-load-test-9bd7c8b76-lgtkg,1739656786,2026307584
k6-load-test,k6-load-test-9bd7c8b76-lgtkg,1739657086,2017931264
k6-load-test,k6-load-test-9bd7c8b76-lgtkg,1739657386,2029547520
k6-load-test,k6-load-test-9bd7c8b76-lgtkg,1739657686,2029817856
k6-load-test,k6-load-test-9bd7c8b76-lgtkg,1739657986,2032955392
k6-load-test,k6-load-test-9bd7c8b76-lgtkg,1739658286,2017574912
k6-load-test,k6-load-test-9bd7c8b76-lgtkg,1739658586,2017546240
k6-load-test,k6-load-test-9bd7c8b76-lgtkg,1739658886,2017554432
k6-load-test,k6-load-test-9bd7c8b76-lgtkg,1739659186,2018009088
k6-load-test,k6-load-test-9bd7c8b76-lgtkg,1739659486,2017890304
k6-load-test,k6-load-test-9bd7c8b76-lgtkg,1739659786,2017800192
k6-load-test,k6-load-test-9bd7c8b76-lgtkg,1739660086,2018140160
k6-load-test,k6-load-test-9bd7c8b76-lgtkg,1739660386,2017722368
k6-load-test,k6-load-test-9bd7c8b76-lgtkg,1739660686,2017783808
k6-load-test,k6-load-test-9bd7c8b76-lgtkg,1739660986,2017976320
k6-load-test,k6-load-test-9bd7c8b76-lgtkg,1739661286,2018058240
k6-load-test,k6-load-test-9bd7c8b76-lgtkg,1739661586,2017734656
k6-load-test,k6-load-test-9bd7c8b76-lgtkg,1739661886,2017816576
k6-load-test,k6-load-test-9bd7c8b76-lgtkg,1739662186,2017861632
k6-load-test,k6-load-test-9bd7c8b76-lgtkg,1739662486,2017624064
k6-load-test,k6-load-test-9bd7c8b76-lgtkg,1739662786,2324484096
k6-load-test,k6-load-test-9bd7c8b76-lgtkg,1739663086,2282053632
k6-load-test,k6-load-test-9bd7c8b76-lgtkg,1739663386,2282225664
k6-load-test,k6-load-test-9bd7c8b76-lgtkg,1739663686,2281959424
k6-load-test,k6-load-test-9bd7c8b76-lgtkg,1739663986,2281955328
k6-load-test,k6-load-test-9bd7c8b76-lgtkg,1739664286,2281865216
k6-load-test,k6-load-test-9bd7c8b76-lgtkg,1739664586,2281865216
k6-load-test,k6-load-test-9bd7c8b76-lgtkg,1739664886,2281791488
k6-load-test,k6-load-test-9bd7c8b76-lgtkg,1739665186,2282598400
k6-load-test,k6-load-test-9bd7c8b76-lgtkg,1739665486,2282856448
k6-load-test,k6-load-test-9bd7c8b76-lgtkg,1739665786,2277965824
k6-load-test,k6-load-test-9bd7c8b76-lgtkg,1739666086,2302566400
k6-load-test,k6-load-test-9bd7c8b76-lgtkg,1739666386,2248392704
k6-load-test,k6-load-test-9bd7c8b76-lgtkg,1739666686,2248097792
k6-load-test,k6-load-test-9bd7c8b76-lgtkg,1739666986,2248077312
k6-load-test,k6-load-test-9bd7c8b76-lgtkg,1739667286,2248069120
k6-load-test,k6-load-test-9bd7c8b76-lgtkg,1739667586,2247995392
k6-load-test,k6-load-test-9bd7c8b76-lgtkg,1739667886,2248028160
k6-load-test,k6-load-test-9bd7c8b76-lgtkg,1739668186,2243772416
k6-load-test,k6-load-test-9bd7c8b76-lgtkg,1739668486,2244067328
k6-load-test,k6-load-test-9bd7c8b76-lgtkg,1739668786,2235658240
k6-load-test,k6-load-test-9bd7c8b76-lgtkg,1739669086,2226937856
k6-load-test,k6-load-test-9bd7c8b76-lgtkg,1739669386,2227183616
k6-load-test,k6-load-test-9bd7c8b76-lgtkg,1739669686,2229268480
k6-load-test,k6-load-test-9bd7c8b76-lgtkg,1739669986,2220519424
k6-load-test,k6-load-test-9bd7c8b76-lgtkg,1739670286,2220498944
k6-load-test,k6-load-test-9bd7c8b76-lgtkg,1739670586,2220371968
k6-load-test,k6-load-test-9bd7c8b76-lgtkg,1739670886,2212290560
k6-load-test,k6-load-test-9bd7c8b76-lgtkg,1739671186,2211942400
k6-load-test,k6-load-test-9bd7c8b76-lgtkg,1739671486,2213765120
k6-load-test,k6-load-test-9bd7c8b76-lgtkg,1739671786,2213265408
k6-load-test,k6-load-test-9bd7c8b76-lgtkg,1739672086,2213511168
k6-load-test,k6-load-test-9bd7c8b76-lgtkg,1739672386,2213175296
k6-load-test,k6-load-test-9bd7c8b76-lgtkg,1739672686,2213126144
k6-load-test,k6-load-test-9bd7c8b76-lgtkg,1739672986,2213126144
k6-load-test,k6-load-test-9bd7c8b76-lgtkg,1739673286,2214678528
k6-load-test,k6-load-test-9bd7c8b76-lgtkg,1739673586,2213662720
k6-load-test,k6-load-test-9bd7c8b76-lgtkg,1739673886,2213482496
k6-load-test,k6-load-test-9bd7c8b76-lgtkg,1739674186,2213408768
k6-load-test,k6-load-test-9bd7c8b76-lgtkg,1739674486,2213482496
k6-load-test,k6-load-test-9bd7c8b76-lgtkg,1739674786,2213711872
k6-load-test,k6-load-test-9bd7c8b76-lgtkg,1739675086,2213720064
k6-load-test,k6-load-test-9bd7c8b76-lgtkg,1739675386,2213511168
k6-load-test,k6-load-test-9bd7c8b76-lgtkg,1739675686,2213568512
k6-load-test,k6-load-test-9bd7c8b76-lgtkg,1739675986,2314461184
k6-load-test,k6-load-test-9bd7c8b76-lgtkg,1739676286,2314612736
k6-load-test,k6-load-test-9bd7c8b76-lgtkg,1739676586,2315030528
k6-load-test,k6-load-test-9bd7c8b76-lgtkg,1739676886,2314878976
k6-load-test,k6-load-test-9bd7c8b76-lgtkg,1739677186,2313768960
k6-load-test,k6-load-test-9bd7c8b76-lgtkg,1739677486,2313879552
k6-load-test,k6-load-test-9bd7c8b76-lgtkg,1739677786,2313945088
k6-load-test,k6-load-test-9bd7c8b76-lgtkg,1739678086,2313977856
k6-load-test,k6-load-test-9bd7c8b76-lgtkg,1739678386,2318004224
k6-load-test,k6-load-test-9bd7c8b76-lgtkg,1739678686,2313994240
k6-load-test,k6-load-test-9bd7c8b76-lgtkg,1739678986,2314149888
k6-load-test,k6-load-test-9bd7c8b76-lgtkg,1739679286,2314526720
k6-load-test,k6-load-test-9bd7c8b76-lgtkg,1739679586,2314915840
k6-load-test,k6-load-test-9bd7c8b76-lgtkg,1739679886,2315038720
k6-load-test,k6-load-test-9bd7c8b76-lgtkg,1739680186,2314895360
k6-load-test,k6-load-test-9bd7c8b76-lgtkg,1739680486,2316566528
k6-load-test,k6-load-test-9bd7c8b76-lgtkg,1739680786,2315227136
k6-load-test,k6-load-test-9bd7c8b76-lgtkg,1739681086,2315505664
k6-load-test,k6-load-test-9bd7c8b76-lgtkg,1739681386,2315530240
k6-load-test,k6-load-test-9bd7c8b76-lgtkg,1739681686,2315235328
k6-load-test,k6-load-test-9bd7c8b76-lgtkg,1739681986,2315227136
k6-load-test,k6-load-test-9bd7c8b76-lgtkg,1739682286,2317168640
k6-load-test,k6-load-test-9bd7c8b76-lgtkg,1739682586,2315571200
k6-load-test,k6-load-test-9bd7c8b76-lgtkg,1739682886,2315640832
k6-load-test,k6-load-test-9bd7c8b76-lgtkg,1739683186,2315665408
k6-load-test,k6-load-test-9bd7c8b76-lgtkg,1739683486,2315431936
k6-load-test,k6-load-test-9bd7c8b76-lgtkg,1739683786,2315739136
k6-load-test,k6-load-test-9bd7c8b76-lgtkg,1739684086,2315005952
k6-load-test,k6-load-test-9bd7c8b76-lgtkg,1739684386,2314932224
k6-load-test,k6-load-test-9bd7c8b76-lgtkg,1739684686,2314997760
k6-load-test,k6-load-test-9bd7c8b76-lgtkg,1739684986,2315071488
k6-load-test,k6-load-test-9bd7c8b76-lgtkg,1739685286,2315694080
k6-load-test,k6-load-test-9bd7c8b76-lgtkg,1739685586,2315497472
k6-load-test,k6-load-test-9bd7c8b76-lgtkg,1739685886,2315689984
k6-load-test,k6-load-test-9bd7c8b76-lgtkg,1739686186,2316005376
k6-load-test,k6-load-test-9bd7c8b76-lgtkg,1739686486,2315808768
k6-load-test,k6-load-test-9bd7c8b76-lgtkg,1739686786,2315661312
k6-load-test,k6-load-test-9bd7c8b76-lgtkg,1739687086,2254909440
k6-load-test,k6-load-test-9bd7c8b76-lgtkg,1739687386,2255179776
k6-load-test,k6-load-test-9bd7c8b76-lgtkg,1739687686,2264166400
k6-load-test,k6-load-test-9bd7c8b76-lgtkg,1739687986,2264334336
k6-load-test,k6-load-test-9bd7c8b76-lgtkg,1739688286,2264436736
k6-load-test,k6-load-test-9bd7c8b76-lgtkg,1739688586,2264543232
k6-load-test,k6-load-test-9bd7c8b76-lgtkg,1739688886,2264674304
k6-load-test,k6-load-test-9bd7c8b76-lgtkg,1739689186,2264887296
k6-load-test,k6-load-test-9bd7c8b76-lgtkg,1739689486,2267639808
k6-load-test,k6-load-test-9bd7c8b76-lgtkg,1739689786,2289082368
k6-load-test,k6-load-test-9bd7c8b76-lgtkg,1739690086,2289090560
k6-load-test,k6-load-test-9bd7c8b76-lgtkg,1739690386,2270351360
k6-load-test,k6-load-test-9bd7c8b76-lgtkg,1739690686,2347573248
k6-load-test,k6-load-test-9bd7c8b76-lgtkg,1739690986,2348007424
k6-load-test,k6-load-test-9bd7c8b76-lgtkg,1739691286,2347560960
k6-load-test,k6-load-test-9bd7c8b76-lgtkg,1739691586,2347364352
k6-load-test,k6-load-test-9bd7c8b76-lgtkg,1739691886,2347528192
k6-load-test,k6-load-test-9bd7c8b76-lgtkg,1739692186,2347708416
k6-load-test,k6-load-test-9bd7c8b76-lgtkg,1739692486,2347495424
k6-load-test,k6-load-test-9bd7c8b76-lgtkg,1739692786,2269667328
k6-load-test,k6-load-test-9bd7c8b76-lgtkg,1739693086,2269569024
k6-load-test,k6-load-test-9bd7c8b76-lgtkg,1739693386,2268479488
k6-load-test,k6-load-test-9bd7c8b76-lgtkg,1739693686,2268278784
k6-load-test,k6-load-test-9bd7c8b76-lgtkg,1739693986,2268413952
k6-load-test,k6-load-test-9bd7c8b76-lgtkg,1739694286,2268594176
k6-load-test,k6-load-test-9bd7c8b76-lgtkg,1739694586,2268172288
k6-load-test,k6-load-test-9bd7c8b76-lgtkg,1739694886,2269679616
k6-load-test,k6-load-test-9bd7c8b76-lgtkg,1739695186,239546368
k6-load-test,k6-load-test-9bd7c8b76-lgtkg,1739695486,241102848
k6-load-test,k6-load-test-9bd7c8b76-lgtkg,1739695786,244477952
k6-load-test,k6-load-test-9bd7c8b76-lgtkg,1739696086,248385536
k6-load-test,k6-load-test-9bd7c8b76-lgtkg,1739696386,250650624
k6-load-test,k6-load-test-9bd7c8b76-lgtkg,1739696686,253161472
k6-load-test,k6-load-test-9bd7c8b76-lgtkg,1739696986,259084288
k6-load-test,k6-load-test-9bd7c8b76-lgtkg,1739697286,259239936
k6-load-test,k6-load-test-9bd7c8b76-lgtkg,1739697586,263602176
k6-load-test,k6-load-test-9bd7c8b76-lgtkg,1739697886,263868416
k6-load-test,k6-load-test-9bd7c8b76-lgtkg,1739698186,269856768
k6-load-test,k6-load-test-9bd7c8b76-lgtkg,1739698486,269914112
k6-load-test,k6-load-test-9bd7c8b76-lgtkg,1739698786,268992512
k6-load-test,k6-load-test-9bd7c8b76-lgtkg,1739699086,273219584
k6-load-test,k6-load-test-9bd7c8b76-lgtkg,1739699386,273252352
k6-load-test,k6-load-test-9bd7c8b76-lgtkg,1739699686,290050048
k6-load-test,k6-load-test-9bd7c8b76-lgtkg,1739699986,290029568
k6-load-test,k6-load-test-9bd7c8b76-lgtkg,1739700286,291938304
k6-load-test,k6-load-test-9bd7c8b76-lgtkg,1739700586,290545664
k6-load-test,k6-load-test-9bd7c8b76-lgtkg,1739700886,294768640
k6-load-test,k6-load-test-9bd7c8b76-lgtkg,1739701186,309829632
k6-load-test,k6-load-test-9bd7c8b76-lgtkg,1739701486,310104064
k6-load-test,k6-load-test-9bd7c8b76-lgtkg,1739701786,309858304
k6-load-test,k6-load-test-9bd7c8b76-lgtkg,1739702086,310861824
k6-load-test,k6-load-test-9bd7c8b76-lgtkg,1739702386,325533696
k6-load-test,k6-load-test-9bd7c8b76-lgtkg,1739702686,325857280
k6-load-test,k6-load-test-9bd7c8b76-lgtkg,1739702986,325459968
k6-load-test,k6-load-test-9bd7c8b76-lgtkg,1739703286,325197824
k6-load-test,k6-load-test-9bd7c8b76-lgtkg,1739703586,325283840
k6-load-test,k6-load-test-9bd7c8b76-lgtkg,1739703886,325582848
k6-load-test,k6-load-test-9bd7c8b76-lgtkg,1739704186,331104256
k6-load-test,k6-load-test-9bd7c8b76-lgtkg,1739704486,351703040
k6-load-test,k6-load-test-9bd7c8b76-lgtkg,1739704786,352149504
k6-load-test,k6-load-test-9bd7c8b76-lgtkg,1739705086,351961088
k6-load-test,k6-load-test-9bd7c8b76-lgtkg,1739705386,352309248
k6-load-test,k6-load-test-9bd7c8b76-lgtkg,1739705686,336183296
k6-load-test,k6-load-test-9bd7c8b76-lgtkg,1739705986,331984896
k6-load-test,k6-load-test-9bd7c8b76-lgtkg,1739706286,332787712
k6-load-test,k6-load-test-9bd7c8b76-lgtkg,1739706586,348897280
k6-load-test,k6-load-test-9bd7c8b76-lgtkg,1739706886,360693760
k6-load-test,k6-load-test-9bd7c8b76-lgtkg,1739707186,361000960
k6-load-test,k6-load-test-9bd7c8b76-lgtkg,1739707486,360652800
k6-load-test,k6-load-test-9bd7c8b76-lgtkg,1739707786,360931328
k6-load-test,k6-load-test-9bd7c8b76-lgtkg,1739708086,360914944
k6-load-test,k6-load-test-9bd7c8b76-lgtkg,1739708386,360955904
k6-load-test,k6-load-test-9bd7c8b76-lgtkg,1739708686,360849408
k6-load-test,k6-load-test-9bd7c8b76-lgtkg,1739708986,367472640
k6-load-test,k6-load-test-9bd7c8b76-lgtkg,1739709286,360226816
k6-load-test,k6-load-test-9bd7c8b76-lgtkg,1739709586,388911104
k6-load-test,k6-load-test-9bd7c8b76-lgtkg,1739709886,385552384
k6-load-test,k6-load-test-9bd7c8b76-lgtkg,1739710186,390991872
k6-load-test,k6-load-test-9bd7c8b76-lgtkg,1739710486,391155712
k6-load-test,k6-load-test-9bd7c8b76-lgtkg,1739710786,391319552
k6-load-test,k6-load-test-9bd7c8b76-lgtkg,1739711086,391393280
k6-load-test,k6-load-test-9bd7c8b76-lgtkg,1739711386,393187328
k6-load-test,k6-load-test-9bd7c8b76-lgtkg,1739711686,390995968
k6-load-test,k6-load-test-9bd7c8b76-lgtkg,1739711986,391122944
k6-load-test,k6-load-test-9bd7c8b76-lgtkg,1739712286,395264000
k6-load-test,k6-load-test-9bd7c8b76-lgtkg,1739712586,401653760
k6-load-test,k6-load-test-9bd7c8b76-lgtkg,1739712886,401498112
k6-load-test,k6-load-test-9bd7c8b76-lgtkg,1739713186,401559552
k6-load-test,k6-load-test-9bd7c8b76-lgtkg,1739713486,436445184
k6-load-test,k6-load-test-9bd7c8b76-lgtkg,1739713786,439336960
k6-load-test,k6-load-test-9bd7c8b76-lgtkg,1739714086,439361536
k6-load-test,k6-load-test-9bd7c8b76-lgtkg,1739714386,439640064
k6-load-test,k6-load-test-9bd7c8b76-lgtkg,1739714686,441479168
k6-load-test,k6-load-test-9bd7c8b76-lgtkg,1739714986,420982784
k6-load-test,k6-load-test-9bd7c8b76-lgtkg,1739715286,418762752
k6-load-test,k6-load-test-9bd7c8b76-lgtkg,1739715586,419336192
k6-load-test,k6-load-test-9bd7c8b76-lgtkg,1739715886,419151872
k6-load-test,k6-load-test-9bd7c8b76-lgtkg,1739716186,419139584
k6-load-test,k6-load-test-9bd7c8b76-lgtkg,1739716486,417046528
k6-load-test,k6-load-test-9bd7c8b76-lgtkg,1739716786,418848768
k6-load-test,k6-load-test-9bd7c8b76-lgtkg,1739717086,419540992
k6-load-test,k6-load-test-9bd7c8b76-lgtkg,1739717386,417595392
k6-load-test,k6-load-test-9bd7c8b76-lgtkg,1739717686,482942976
k6-load-test,k6-load-test-9bd7c8b76-lgtkg,1739717986,460554240
k6-load-test,k6-load-test-9bd7c8b76-lgtkg,1739718286,458776576
k6-load-test,k6-load-test-9bd7c8b76-lgtkg,1739718586,458797056
k6-load-test,k6-load-test-9bd7c8b76-lgtkg,1739718886,459436032
k6-load-test,k6-load-test-9bd7c8b76-lgtkg,1739719186,458776576
k6-load-test,k6-load-test-9bd7c8b76-lgtkg,1739719486,460673024
k6-load-test,k6-load-test-9bd7c8b76-lgtkg,1739719786,459825152
k6-load-test,k6-load-test-9bd7c8b76-lgtkg,1739720086,460173312
k6-load-test,k6-load-test-9bd7c8b76-lgtkg,1739720386,461062144
k6-load-test,k6-load-test-9bd7c8b76-lgtkg,1739720686,461504512
k6-load-test,k6-load-test-9bd7c8b76-lgtkg,1739720986,467632128
k6-load-test,k6-load-test-9bd7c8b76-lgtkg,1739721286,467722240
k6-load-test,k6-load-test-9bd7c8b76-lgtkg,1739721586,467881984
k6-load-test,k6-load-test-9bd7c8b76-lgtkg,1739721886,533123072
k6-load-test,k6-load-test-9bd7c8b76-lgtkg,1739722186,533987328
k6-load-test,k6-load-test-9bd7c8b76-lgtkg,1739722486,533876736
k6-load-test,k6-load-test-9bd7c8b76-lgtkg,1739722786,534126592
k6-load-test,k6-load-test-9bd7c8b76-lgtkg,1739723086,534097920
k6-load-test,k6-load-test-9bd7c8b76-lgtkg,1739723386,534118400
k6-load-test,k6-load-test-9bd7c8b76-lgtkg,1739723686,534200320
k6-load-test,k6-load-test-9bd7c8b76-lgtkg,1739723986,536068096
k6-load-test,k6-load-test-9bd7c8b76-lgtkg,1739724286,534310912
k6-load-test,k6-load-test-9bd7c8b76-lgtkg,1739724586,534945792
k6-load-test,k6-load-test-9bd7c8b76-lgtkg,1739724886,535011328
k6-load-test,k6-load-test-9bd7c8b76-lgtkg,1739725186,535543808
k6-load-test,k6-load-test-9bd7c8b76-lgtkg,1739725486,535711744
k6-load-test,k6-load-test-9bd7c8b76-lgtkg,1739725786,637255680
k6-load-test,k6-load-test-9bd7c8b76-lgtkg,1739726086,608403456
k6-load-test,k6-load-test-9bd7c8b76-lgtkg,1739726386,588382208
k6-load-test,k6-load-test-9bd7c8b76-lgtkg,1739726686,590643200
k6-load-test,k6-load-test-9bd7c8b76-lgtkg,1739726986,590663680
k6-load-test,k6-load-test-9bd7c8b76-lgtkg,1739727286,590811136
k6-load-test,k6-load-test-9bd7c8b76-lgtkg,1739727586,591015936
k6-load-test,k6-load-test-9bd7c8b76-lgtkg,1739727886,591687680
k6-load-test,k6-load-test-9bd7c8b76-lgtkg,1739728186,590909440
k6-load-test,k6-load-test-9bd7c8b76-lgtkg,1739728486,597241856
k6-load-test,k6-load-test-9bd7c8b76-lgtkg,1739728786,597626880
k6-load-test,k6-load-test-9bd7c8b76-lgtkg,1739729086,597868544
k6-load-test,k6-load-test-9bd7c8b76-lgtkg,1739729386,597815296
k6-load-test,k6-load-test-9bd7c8b76-lgtkg,1739729686,673366016
k6-load-test,k6-load-test-9bd7c8b76-lgtkg,1739729986,666677248
k6-load-test,k6-load-test-9bd7c8b76-lgtkg,1739730286,662577152
k6-load-test,k6-load-test-9bd7c8b76-lgtkg,1739730586,662814720
k6-load-test,k6-load-test-9bd7c8b76-lgtkg,1739730886,663072768
k6-load-test,k6-load-test-9bd7c8b76-lgtkg,1739731186,662806528
k6-load-test,k6-load-test-9bd7c8b76-lgtkg,1739731486,663384064
k6-load-test,k6-load-test-9bd7c8b76-lgtkg,1739731786,662659072
k6-load-test,k6-load-test-9bd7c8b76-lgtkg,1739732086,662482944
k6-load-test,k6-load-test-9bd7c8b76-lgtkg,1739732386,662528000
k6-load-test,k6-load-test-9bd7c8b76-lgtkg,1739732686,662896640
k6-load-test,k6-load-test-9bd7c8b76-lgtkg,1739732986,663040000
k6-load-test,k6-load-test-9bd7c8b76-lgtkg,1739733286,662630400
k6-load-test,k6-load-test-9bd7c8b76-lgtkg,1739733586,802832384
k6-load-test,k6-load-test-9bd7c8b76-lgtkg,1739733886,804085760
k6-load-test,k6-load-test-9bd7c8b76-lgtkg,1739734186,799989760
k6-load-test,k6-load-test-9bd7c8b76-lgtkg,1739734486,802660352
k6-load-test,k6-load-test-9bd7c8b76-lgtkg,1739734786,803033088
k6-load-test,k6-load-test-9bd7c8b76-lgtkg,1739735086,802615296
k6-load-test,k6-load-test-9bd7c8b76-lgtkg,1739735386,804556800
k6-load-test,k6-load-test-9bd7c8b76-lgtkg,1739735686,818798592
k6-load-test,k6-load-test-9bd7c8b76-lgtkg,1739735986,819159040
k6-load-test,k6-load-test-9bd7c8b76-lgtkg,1739736286,818757632
k6-load-test,k6-load-test-9bd7c8b76-lgtkg,1739736586,819159040
k6-load-test,k6-load-test-9bd7c8b76-lgtkg,1739736886,818847744
k6-load-test,k6-load-test-9bd7c8b76-lgtkg,1739737186,818700288
k6-load-test,k6-load-test-9bd7c8b76-lgtkg,1739737486,819224576
k6-load-test,k6-load-test-9bd7c8b76-lgtkg,1739737786,818724864
k6-load-test,k6-load-test-9bd7c8b76-lgtkg,1739738086,939380736
k6-load-test,k6-load-test-9bd7c8b76-lgtkg,1739738386,939663360
k6-load-test,k6-load-test-9bd7c8b76-lgtkg,1739738686,921841664
k6-load-test,k6-load-test-9bd7c8b76-lgtkg,1739738986,922595328
k6-load-test,k6-load-test-9bd7c8b76-lgtkg,1739739286,922488832
k6-load-test,k6-load-test-9bd7c8b76-lgtkg,1739739586,924237824
k6-load-test,k6-load-test-9bd7c8b76-lgtkg,1739739886,882348032
k6-load-test,k6-load-test-9bd7c8b76-lgtkg,1739740186,882348032
k6-load-test,k6-load-test-9bd7c8b76-lgtkg,1739740486,882065408
k6-load-test,k6-load-test-9bd7c8b76-lgtkg,1739740786,882196480
k6-load-test,k6-load-test-9bd7c8b76-lgtkg,1739741086,883654656
k6-load-test,k6-load-test-9bd7c8b76-lgtkg,1739741386,883789824
k6-load-test,k6-load-test-9bd7c8b76-lgtkg,1739741686,883412992
k6-load-test,k6-load-test-9bd7c8b76-lgtkg,1739741986,883412992
k6-load-test,k6-load-test-9bd7c8b76-lgtkg,1739742286,883412992
k6-load-test,k6-load-test-9bd7c8b76-lgtkg,1739742586,883429376
k6-load-test,k6-load-test-9bd7c8b76-lgtkg,1739742886,884514816
k6-load-test,k6-load-test-9bd7c8b76-lgtkg,1739743186,1150500864
k6-load-test,k6-load-test-9bd7c8b76-lgtkg,1739743486,1137704960
k6-load-test,k6-load-test-9bd7c8b76-lgtkg,1739743786,1137975296
k6-load-test,k6-load-test-9bd7c8b76-lgtkg,1739744086,1133547520
k6-load-test,k6-load-test-9bd7c8b76-lgtkg,1739744386,1133887488
k6-load-test,k6-load-test-9bd7c8b76-lgtkg,1739744686,1125416960
k6-load-test,k6-load-test-9bd7c8b76-lgtkg,1739744986,1122787328
k6-load-test,k6-load-test-9bd7c8b76-lgtkg,1739745286,1162735616
k6-load-test,k6-load-test-9bd7c8b76-lgtkg,1739745586,1156476928
k6-load-test,k6-load-test-9bd7c8b76-lgtkg,1739745886,1152286720
k6-load-test,k6-load-test-9bd7c8b76-lgtkg,1739746186,1146490880
k6-load-test,k6-load-test-9bd7c8b76-lgtkg,1739746486,1071083520
k6-load-test,k6-load-test-9bd7c8b76-lgtkg,1739746786,1067204608
k6-load-test,k6-load-test-9bd7c8b76-lgtkg,1739747086,1067515904
k6-load-test,k6-load-test-9bd7c8b76-lgtkg,1739747386,1067569152
k6-load-test,k6-load-test-9bd7c8b76-lgtkg,1739747686,1067581440
k6-load-test,k6-load-test-9bd7c8b76-lgtkg,1739747986,1067581440
k6-load-test,k6-load-test-9bd7c8b76-lgtkg,1739748286,1067900928
k6-load-test,k6-load-test-9bd7c8b76-lgtkg,1739748586,1068527616
k6-load-test,k6-load-test-9bd7c8b76-lgtkg,1739748886,1070174208
k6-load-test,k6-load-test-9bd7c8b76-lgtkg,1739749186,1070538752
k6-load-test,k6-load-test-9bd7c8b76-lgtkg,1739749486,1240039424
k6-load-test,k6-load-test-9bd7c8b76-lgtkg,1739749786,1200963584
k6-load-test,k6-load-test-9bd7c8b76-lgtkg,1739750086,1204879360
k6-load-test,k6-load-test-9bd7c8b76-lgtkg,1739750386,1203023872
k6-load-test,k6-load-test-9bd7c8b76-lgtkg,1739750686,1203163136
k6-load-test,k6-load-test-9bd7c8b76-lgtkg,1739750986,1202962432
k6-load-test,k6-load-test-9bd7c8b76-lgtkg,1739751286,1252278272
k6-load-test,k6-load-test-9bd7c8b76-lgtkg,1739751586,1252335616
k6-load-test,k6-load-test-9bd7c8b76-lgtkg,1739751886,1253687296
k6-load-test,k6-load-test-9bd7c8b76-lgtkg,1739752186,1253433344
k6-load-test,k6-load-test-9bd7c8b76-lgtkg,1739752486,1252519936
k6-load-test,k6-load-test-9bd7c8b76-lgtkg,1739752786,1274920960
k6-load-test,k6-load-test-9bd7c8b76-lgtkg,1739753086,1274286080
k6-load-test,k6-load-test-9bd7c8b76-lgtkg,1739753386,1274142720
k6-load-test,k6-load-test-9bd7c8b76-lgtkg,1739753686,1274621952
k6-load-test,k6-load-test-9bd7c8b76-lgtkg,1739753986,1274273792
k6-load-test,k6-load-test-9bd7c8b76-lgtkg,1739754286,1274548224
k6-load-test,k6-load-test-9bd7c8b76-lgtkg,1739754586,1274245120
k6-load-test,k6-load-test-9bd7c8b76-lgtkg,1739754886,1274470400
k6-load-test,k6-load-test-9bd7c8b76-lgtkg,1739755186,1272414208
k6-load-test,k6-load-test-9bd7c8b76-lgtkg,1739755486,1273057280
k6-load-test,k6-load-test-9bd7c8b76-lgtkg,1739755786,1273999360
k6-load-test,k6-load-test-9bd7c8b76-lgtkg,1739756086,1596846080
k6-load-test,k6-load-test-9bd7c8b76-lgtkg,1739756386,1583779840
k6-load-test,k6-load-test-9bd7c8b76-lgtkg,1739756686,1584746496
k6-load-test,k6-load-test-9bd7c8b76-lgtkg,1739756986,1585020928
k6-load-test,k6-load-test-9bd7c8b76-lgtkg,1739757286,1582886912
k6-load-test,k6-load-test-9bd7c8b76-lgtkg,1739757586,1583218688
k6-load-test,k6-load-test-9bd7c8b76-lgtkg,1739757886,1583095808
k6-load-test,k6-load-test-9bd7c8b76-lgtkg,1739758186,1583013888
k6-load-test,k6-load-test-9bd7c8b76-lgtkg,1739758486,1583206400
k6-load-test,k6-load-test-9bd7c8b76-lgtkg,1739758786,1583239168
k6-load-test,k6-load-test-9bd7c8b76-lgtkg,1739759086,1584914432
k6-load-test,k6-load-test-9bd7c8b76-lgtkg,1739759386,1583661056
k6-load-test,k6-load-test-9bd7c8b76-lgtkg,1739759686,1583828992
k6-load-test,k6-load-test-9bd7c8b76-lgtkg,1739759986,1594707968
k6-load-test,k6-load-test-9bd7c8b76-lgtkg,1739760286,1594896384
k6-load-test,k6-load-test-9bd7c8b76-lgtkg,1739760586,1593974784
k6-load-test,k6-load-test-9bd7c8b76-lgtkg,1739760886,1594847232
k6-load-test,k6-load-test-9bd7c8b76-lgtkg,1739761186,1596383232
k6-load-test,k6-load-test-9bd7c8b76-lgtkg,1739761486,1596850176
k6-load-test,k6-load-test-9bd7c8b76-lgtkg,1739761786,1596628992
k6-load-test,k6-load-test-9bd7c8b76-lgtkg,1739762086,1495494656
k6-load-test,k6-load-test-9bd7c8b76-lgtkg,1739762386,1503633408
k6-load-test,k6-load-test-9bd7c8b76-lgtkg,1739762686,1503858688
k6-load-test,k6-load-test-9bd7c8b76-lgtkg,1739762986,1503694848
k6-load-test,k6-load-test-9bd7c8b76-lgtkg,1739763286,1503612928
k6-load-test,k6-load-test-9bd7c8b76-lgtkg,1739763586,1425170432
k6-load-test,k6-load-test-9bd7c8b76-lgtkg,1739763886,1445511168
k6-load-test,k6-load-test-9bd7c8b76-lgtkg,1739764186,1452257280
k6-load-test,k6-load-test-9bd7c8b76-lgtkg,1739764486,1844359168
k6-load-test,k6-load-test-9bd7c8b76-lgtkg,1739764786,1700720640
k6-load-test,k6-load-test-9bd7c8b76-lgtkg,1739765086,1724063744
k6-load-test,k6-load-test-9bd7c8b76-lgtkg,1739765386,1725046784
k6-load-test,k6-load-test-9bd7c8b76-lgtkg,1739765686,1726812160
k6-load-test,k6-load-test-9bd7c8b76-lgtkg,1739765986,1801666560
k6-load-test,k6-load-test-9bd7c8b76-lgtkg,1739766286,1772400640
k6-load-test,k6-load-test-9bd7c8b76-lgtkg,1739766586,1816821760
k6-load-test,k6-load-test-9bd7c8b76-lgtkg,1739766886,1816973312
k6-load-test,k6-load-test-9bd7c8b76-lgtkg,1739767186,1823522816
k6-load-test,k6-load-test-9bd7c8b76-lgtkg,1739767486,1823678464
k6-load-test,k6-load-test-9bd7c8b76-lgtkg,1739767786,1823461376
k6-load-test,k6-load-test-9bd7c8b76-lgtkg,1739768086,1823481856
k6-load-test,k6-load-test-9bd7c8b76-lgtkg,1739768386,1862004736
k6-load-test,k6-load-test-9bd7c8b76-lgtkg,1739768686,1861939200
k6-load-test,k6-load-test-9bd7c8b76-lgtkg,1739768986,1862156288
k6-load-test,k6-load-test-9bd7c8b76-lgtkg,1739769286,1862443008
k6-load-test,k6-load-test-9bd7c8b76-lgtkg,1739769586,1862430720
k6-load-test,k6-load-test-9bd7c8b76-lgtkg,1739769886,1841668096
k6-load-test,k6-load-test-9bd7c8b76-lgtkg,1739770186,1763643392
k6-load-test,k6-load-test-9bd7c8b76-lgtkg,1739770486,1763864576
k6-load-test,k6-load-test-9bd7c8b76-lgtkg,1739770786,1764425728
k6-load-test,k6-load-test-9bd7c8b76-lgtkg,1739771086,1763672064
k6-load-test,k6-load-test-9bd7c8b76-lgtkg,1739771386,1767661568
k6-load-test,k6-load-test-9bd7c8b76-lgtkg,1739771686,1766105088
k6-load-test,k6-load-test-9bd7c8b76-lgtkg,1739771986,1765892096
k6-load-test,k6-load-test-9bd7c8b76-lgtkg,1739772286,1766133760
k6-load-test,k6-load-test-9bd7c8b76-lgtkg,1739772586,1765949440
k6-load-test,k6-load-test-9bd7c8b76-lgtkg,1739772886,1769693184
k6-load-test,k6-load-test-9bd7c8b76-lgtkg,1739773186,1770250240
k6-load-test,k6-load-test-9bd7c8b76-lgtkg,1739773486,1769746432
k6-load-test,k6-load-test-9bd7c8b76-lgtkg,1739773786,1770049536
k6-load-test,k6-load-test-9bd7c8b76-lgtkg,1739774086,1770139648
k6-load-test,k6-load-test-9bd7c8b76-lgtkg,1739774386,1769549824
k6-load-test,k6-load-test-9bd7c8b76-lgtkg,1739774686,2068312064
k6-load-test,k6-load-test-9bd7c8b76-lgtkg,1739774986,2014384128
k6-load-test,k6-load-test-9bd7c8b76-lgtkg,1739775286,2009292800
k6-load-test,k6-load-test-9bd7c8b76-lgtkg,1739775586,2009264128
k6-load-test,k6-load-test-9bd7c8b76-lgtkg,1739775886,2011795456
k6-load-test,k6-load-test-9bd7c8b76-lgtkg,1739776186,1996570624
k6-load-test,k6-load-test-9bd7c8b76-lgtkg,1739776486,1931767808
k6-load-test,k6-load-test-9bd7c8b76-lgtkg,1739776786,2031865856
k6-load-test,k6-load-test-9bd7c8b76-lgtkg,1739777086,2061578240
k6-load-test,k6-load-test-9bd7c8b76-lgtkg,1739777386,2159267840
k6-load-test,k6-load-test-9bd7c8b76-lgtkg,1739777686,2026160128
k6-load-test,k6-load-test-9bd7c8b76-lgtkg,1739777986,2032271360
k6-load-test,k6-load-test-9bd7c8b76-lgtkg,1739778286,2057695232
k6-load-test,k6-load-test-9bd7c8b76-lgtkg,1739778586,2012606464
k6-load-test,k6-load-test-9bd7c8b76-lgtkg,1739778886,2075660288
k6-load-test,k6-load-test-9bd7c8b76-lgtkg,1739779186,1966108672
k6-load-test,k6-load-test-9bd7c8b76-lgtkg,1739779486,1966379008
k6-load-test,k6-load-test-9bd7c8b76-lgtkg,1739779786,1966166016
k6-load-test,k6-load-test-9bd7c8b76-lgtkg,1739780086,1966342144
k6-load-test,k6-load-test-9bd7c8b76-lgtkg,1739780386,1968488448
k6-load-test,k6-load-test-9bd7c8b76-lgtkg,1739780686,1989509120
k6-load-test,k6-load-test-9bd7c8b76-lgtkg,1739780986,1994399744
k6-load-test,k6-load-test-9bd7c8b76-lgtkg,1739781286,1993949184
k6-load-test,k6-load-test-9bd7c8b76-lgtkg,1739781586,2025889792
k6-load-test,k6-load-test-9bd7c8b76-lgtkg,1739781886,2036748288
k6-load-test,k6-load-test-9bd7c8b76-lgtkg,1739782186,2059804672
k6-load-test,k6-load-test-9bd7c8b76-lgtkg,1739782486,2059653120
k6-load-test,k6-load-test-9bd7c8b76-lgtkg,1739782786,2105815040
k6-load-test,k6-load-test-9bd7c8b76-lgtkg,1739783086,2105573376
k6-load-test,k6-load-test-9bd7c8b76-lgtkg,1739783386,2106687488
k6-load-test,k6-load-test-9bd7c8b76-lgtkg,1739783686,2106580992
k6-load-test,k6-load-test-9bd7c8b76-lgtkg,1739783986,2056323072
k6-load-test,k6-load-test-9bd7c8b76-lgtkg,1739784286,2056024064
k6-load-test,k6-load-test-9bd7c8b76-lgtkg,1739784586,2032607232
k6-load-test,k6-load-test-9bd7c8b76-lgtkg,1739784886,2032664576
k6-load-test,k6-load-test-9bd7c8b76-lgtkg,1739785186,2032963584
k6-load-test,k6-load-test-9bd7c8b76-lgtkg,1739785486,2032893952
k6-load-test,k6-load-test-9bd7c8b76-lgtkg,1739785786,2022719488
k6-load-test,k6-load-test-9bd7c8b76-lgtkg,1739786086,2021138432
k6-load-test,k6-load-test-9bd7c8b76-lgtkg,1739786386,2021085184
k6-load-test,k6-load-test-9bd7c8b76-lgtkg,1739786686,2021081088
k6-load-test,k6-load-test-9bd7c8b76-lgtkg,1739786986,2021011456
k6-load-test,k6-load-test-9bd7c8b76-lgtkg,1739787286,2014736384
k6-load-test,k6-load-test-9bd7c8b76-lgtkg,1739787586,2034921472
k6-load-test,k6-load-test-9bd7c8b76-lgtkg,1739787886,2030645248
k6-load-test,k6-load-test-9bd7c8b76-lgtkg,1739788186,2030686208
k6-load-test,k6-load-test-9bd7c8b76-lgtkg,1739788486,2030485504
k6-load-test,k6-load-test-9bd7c8b76-lgtkg,1739788786,2030989312
k6-load-test,k6-load-test-9bd7c8b76-lgtkg,1739789086,2022236160
k6-load-test,k6-load-test-9bd7c8b76-lgtkg,1739789386,1990037504
k6-load-test,k6-load-test-9bd7c8b76-lgtkg,1739789686,1990430720
k6-load-test,k6-load-test-9bd7c8b76-lgtkg,1739789986,1990717440
k6-load-test,k6-load-test-9bd7c8b76-lgtkg,1739790286,1990434816
k6-load-test,k6-load-test-9bd7c8b76-lgtkg,1739790586,1990438912
k6-load-test,k6-load-test-9bd7c8b76-lgtkg,1739790886,1982042112
k6-load-test,k6-load-test-9bd7c8b76-lgtkg,1739791186,1981612032
k6-load-test,k6-load-test-9bd7c8b76-lgtkg,1739791486,1982042112
k6-load-test,k6-load-test-9bd7c8b76-lgtkg,1739791786,1981771776
k6-load-test,k6-load-test-9bd7c8b76-lgtkg,1739792086,1981554688
k6-load-test,k6-load-test-9bd7c8b76-lgtkg,1739792386,1981669376
k6-load-test,k6-load-test-9bd7c8b76-lgtkg,1739792686,1982861312
k6-load-test,k6-load-test-9bd7c8b76-lgtkg,1739792986,1981730816
k6-load-test,k6-load-test-9bd7c8b76-lgtkg,1739793286,1981997056
k6-load-test,k6-load-test-9bd7c8b76-lgtkg,1739793586,1981571072
k6-load-test,k6-load-test-9bd7c8b76-lgtkg,1739793886,1981788160
k6-load-test,k6-load-test-9bd7c8b76-lgtkg,1739794186,1981636608
k6-load-test,k6-load-test-9bd7c8b76-lgtkg,1739794486,1981734912
k6-load-test,k6-load-test-9bd7c8b76-lgtkg,1739794786,1981726720
k6-load-test,k6-load-test-9bd7c8b76-lgtkg,1739795086,1981378560
k6-load-test,k6-load-test-9bd7c8b76-lgtkg,1739795386,1981968384
k6-load-test,k6-load-test-9bd7c8b76-lgtkg,1739795686,1981239296
k6-load-test,k6-load-test-9bd7c8b76-lgtkg,1739795986,1981333504
k6-load-test,k6-load-test-9bd7c8b76-lgtkg,1739796286,1981550592
k6-load-test,k6-load-test-9bd7c8b76-lgtkg,1739796586,1982824448
k6-load-test,k6-load-test-9bd7c8b76-lgtkg,1739796886,2372182016
k6-load-test,k6-load-test-9bd7c8b76-lgtkg,1739797186,2240815104
k6-load-test,k6-load-test-9bd7c8b76-lgtkg,1739797486,2242011136
k6-load-test,k6-load-test-9bd7c8b76-lgtkg,1739797786,2219376640
k6-load-test,k6-load-test-9bd7c8b76-lgtkg,1739798086,2213072896
k6-load-test,k6-load-test-9bd7c8b76-lgtkg,1739798386,2212134912
k6-load-test,k6-load-test-9bd7c8b76-lgtkg,1739798686,2212818944
k6-load-test,k6-load-test-9bd7c8b76-lgtkg,1739798986,2199724032
k6-load-test,k6-load-test-9bd7c8b76-lgtkg,1739799286,2200334336
k6-load-test,k6-load-test-9bd7c8b76-lgtkg,1739799586,2180407296
k6-load-test,k6-load-test-9bd7c8b76-lgtkg,1739799886,2248044544
k6-load-test,k6-load-test-9bd7c8b76-lgtkg,1739800186,2243592192
k6-load-test,k6-load-test-9bd7c8b76-lgtkg,1739800486,2243313664
k6-load-test,k6-load-test-9bd7c8b76-lgtkg,1739800786,2241646592
k6-load-test,k6-load-test-9bd7c8b76-lgtkg,1739801086,2224607232
k6-load-test,k6-load-test-9bd7c8b76-lgtkg,1739801386,2216194048
k6-load-test,k6-load-test-9bd7c8b76-lgtkg,1739801686,2203525120
k6-load-test,k6-load-test-9bd7c8b76-lgtkg,1739801986,2203525120
k6-load-test,k6-load-test-9bd7c8b76-lgtkg,1739802286,2194681856
k6-load-test,k6-load-test-9bd7c8b76-lgtkg,1739802586,2193014784
k6-load-test,k6-load-test-9bd7c8b76-lgtkg,1739802886,2193117184
k6-load-test,k6-load-test-9bd7c8b76-lgtkg,1739803186,2193121280
k6-load-test,k6-load-test-9bd7c8b76-lgtkg,1739803486,2193498112
k6-load-test,k6-load-test-9bd7c8b76-lgtkg,1739803786,2193756160
k6-load-test,k6-load-test-9bd7c8b76-lgtkg,1739804086,2193264640
k6-load-test,k6-load-test-9bd7c8b76-lgtkg,1739804386,2193547264
k6-load-test,k6-load-test-9bd7c8b76-lgtkg,1739804686,2193301504
k6-load-test,k6-load-test-9bd7c8b76-lgtkg,1739804986,2196058112
k6-load-test,k6-load-test-9bd7c8b76-lgtkg,1739805286,2196189184
k6-load-test,k6-load-test-9bd7c8b76-lgtkg,1739805586,2196779008
k6-load-test,k6-load-test-9bd7c8b76-lgtkg,1739805886,2196123648
k6-load-test,k6-load-test-9bd7c8b76-lgtkg,1739806186,2198683648
k6-load-test,k6-load-test-9bd7c8b76-lgtkg,1739806486,2196869120
k6-load-test,k6-load-test-9bd7c8b76-lgtkg,1739806786,2196963328
k6-load-test,k6-load-test-9bd7c8b76-lgtkg,1739807086,2196381696
k6-load-test,k6-load-test-9bd7c8b76-lgtkg,1739807386,2196770816
k6-load-test,k6-load-test-9bd7c8b76-lgtkg,1739807686,2196795392
k6-load-test,k6-load-test-9bd7c8b76-lgtkg,1739807986,2198630400
k6-load-test,k6-load-test-9bd7c8b76-lgtkg,1739808286,2196852736
k6-load-test,k6-load-test-9bd7c8b76-lgtkg,1739808586,2197020672
k6-load-test,k6-load-test-9bd7c8b76-lgtkg,1739808886,2197131264
k6-load-test,k6-load-test-9bd7c8b76-lgtkg,1739809186,2196979712
k6-load-test,k6-load-test-9bd7c8b76-lgtkg,1739809486,2196955136
k6-load-test,k6-load-test-9bd7c8b76-lgtkg,1739809786,2305114112
k6-load-test,k6-load-test-9bd7c8b76-lgtkg,1739810086,2303401984
k6-load-test,k6-load-test-9bd7c8b76-lgtkg,1739810386,2303213568
k6-load-test,k6-load-test-9bd7c8b76-lgtkg,1739810686,2303324160
k6-load-test,k6-load-test-9bd7c8b76-lgtkg,1739810986,2303631360
k6-load-test,k6-load-test-9bd7c8b76-lgtkg,1739811286,2303168512
k6-load-test,k6-load-test-9bd7c8b76-lgtkg,1739811586,2303442944
k6-load-test,k6-load-test-9bd7c8b76-lgtkg,1739811886,2302590976
k6-load-test,k6-load-test-9bd7c8b76-lgtkg,1739812186,2302910464
k6-load-test,k6-load-test-9bd7c8b76-lgtkg,1739812486,2302943232
k6-load-test,k6-load-test-9bd7c8b76-lgtkg,1739812786,2302709760
k6-load-test,k6-load-test-9bd7c8b76-lgtkg,1739813086,2275323904
k6-load-test,k6-load-test-9bd7c8b76-lgtkg,1739813386,2252288000
k6-load-test,k6-load-test-9bd7c8b76-lgtkg,1739813686,2252574720
k6-load-test,k6-load-test-9bd7c8b76-lgtkg,1739813986,2252464128
k6-load-test,k6-load-test-9bd7c8b76-lgtkg,1739814286,2252808192
k6-load-test,k6-load-test-9bd7c8b76-lgtkg,1739814586,2252566528
k6-load-test,k6-load-test-9bd7c8b76-lgtkg,1739814886,2252840960
k6-load-test,k6-load-test-9bd7c8b76-lgtkg,1739815186,2254352384
k6-load-test,k6-load-test-9bd7c8b76-lgtkg,1739815486,2253135872
k6-load-test,k6-load-test-9bd7c8b76-lgtkg,1739815786,2253066240
k6-load-test,k6-load-test-9bd7c8b76-lgtkg,1739816086,2252972032
k6-load-test,k6-load-test-9bd7c8b76-lgtkg,1739816386,2252967936
k6-load-test,k6-load-test-9bd7c8b76-lgtkg,1739816686,2253090816
k6-load-test,k6-load-test-9bd7c8b76-lgtkg,1739816986,2299748352
k6-load-test,k6-load-test-9bd7c8b76-lgtkg,1739817286,2297810944
k6-load-test,k6-load-test-9bd7c8b76-lgtkg,1739817586,2299060224
k6-load-test,k6-load-test-9bd7c8b76-lgtkg,1739817886,2298269696
k6-load-test,k6-load-test-9bd7c8b76-lgtkg,1739818186,2293891072
k6-load-test,k6-load-test-9bd7c8b76-lgtkg,1739818486,2293960704
k6-load-test,k6-load-test-9bd7c8b76-lgtkg,1739818786,2293841920
k6-load-test,k6-load-test-9bd7c8b76-lgtkg,1739819086,2288189440
k6-load-test,k6-load-test-9bd7c8b76-lgtkg,1739819386,2285527040
k6-load-test,k6-load-test-9bd7c8b76-lgtkg,1739819686,2286133248
k6-load-test,k6-load-test-9bd7c8b76-lgtkg,1739819986,2260488192
k6-load-test,k6-load-test-9bd7c8b76-lgtkg,1739820286,2260508672
k6-load-test,k6-load-test-9bd7c8b76-lgtkg,1739820586,2262704128
k6-load-test,k6-load-test-9bd7c8b76-lgtkg,1739820886,2260586496
k6-load-test,k6-load-test-9bd7c8b76-lgtkg,1739821186,2260348928
k6-load-test,k6-load-test-9bd7c8b76-lgtkg,1739821486,2260357120
k6-load-test,k6-load-test-9bd7c8b76-lgtkg,1739821786,2260463616
k6-load-test,k6-load-test-9bd7c8b76-lgtkg,1739822086,2260455424
k6-load-test,k6-load-test-9bd7c8b76-lgtkg,1739822386,2262261760
k6-load-test,k6-load-test-9bd7c8b76-lgtkg,1739822686,2260742144
k6-load-test,k6-load-test-9bd7c8b76-lgtkg,1739822986,2239586304
k6-load-test,k6-load-test-9bd7c8b76-lgtkg,1739823286,2240000000
k6-load-test,k6-load-test-9bd7c8b76-lgtkg,1739823586,2238828544
k6-load-test,k6-load-test-9bd7c8b76-lgtkg,1739823886,2238914560
k6-load-test,k6-load-test-9bd7c8b76-lgtkg,1739824186,2239180800
k6-load-test,k6-load-test-9bd7c8b76-lgtkg,1739824486,2239361024
k6-load-test,k6-load-test-9bd7c8b76-lgtkg,1739824786,2239561728
k6-load-test,k6-load-test-9bd7c8b76-lgtkg,1739825086,2239172608
k6-load-test,k6-load-test-9bd7c8b76-lgtkg,1739825386,2239156224
k6-load-test,k6-load-test-9bd7c8b76-lgtkg,1739825686,2239426560
k6-load-test,k6-load-test-9bd7c8b76-lgtkg,1739825986,2241179648
k6-load-test,k6-load-test-9bd7c8b76-lgtkg,1739826286,2240724992
k6-load-test,k6-load-test-9bd7c8b76-lgtkg,1739826586,2240487424
k6-load-test,k6-load-test-9bd7c8b76-lgtkg,1739826886,210706432
k6-load-test,k6-load-test-9bd7c8b76-lgtkg,1739827186,242814976
k6-load-test,k6-load-test-9bd7c8b76-lgtkg,1739827486,245104640
k6-load-test,k6-load-test-9bd7c8b76-lgtkg,1739827786,249229312
k6-load-test,k6-load-test-9bd7c8b76-lgtkg,1739828086,251789312
k6-load-test,k6-load-test-9bd7c8b76-lgtkg,1739828386,253747200
k6-load-test,k6-load-test-9bd7c8b76-lgtkg,1739828686,260091904
k6-load-test,k6-load-test-9bd7c8b76-lgtkg,1739828986,260124672
k6-load-test,k6-load-test-9bd7c8b76-lgtkg,1739829286,264531968
k6-load-test,k6-load-test-9bd7c8b76-lgtkg,1739829586,272965632
k6-load-test,k6-load-test-9bd7c8b76-lgtkg,1739829886,281026560
k6-load-test,k6-load-test-9bd7c8b76-lgtkg,1739830186,281190400
k6-load-test,k6-load-test-9bd7c8b76-lgtkg,1739830486,290906112
k6-load-test,k6-load-test-9bd7c8b76-lgtkg,1739830786,293064704
k6-load-test,k6-load-test-9bd7c8b76-lgtkg,1739831086,293089280
k6-load-test,k6-load-test-9bd7c8b76-lgtkg,1739831386,301694976
cartservice,cartservice-578c7dc78d-ghlxc,1739392186,45400064
cartservice,cartservice-578c7dc78d-ghlxc,1739392486,154296320
cartservice,cartservice-578c7dc78d-ghlxc,1739392786,176922624
cartservice,cartservice-578c7dc78d-ghlxc,1739393086,178778112
cartservice,cartservice-578c7dc78d-ghlxc,1739393386,173309952
cartservice,cartservice-578c7dc78d-ghlxc,1739393686,177737728
cartservice,cartservice-578c7dc78d-ghlxc,1739393986,50946048
cartservice,cartservice-578c7dc78d-ghlxc,1739394286,172843008
cartservice,cartservice-578c7dc78d-ghlxc,1739394586,177209344
cartservice,cartservice-578c7dc78d-ghlxc,1739394886,174678016
cartservice,cartservice-578c7dc78d-ghlxc,1739395186,179363840
cartservice,cartservice-578c7dc78d-ghlxc,1739395486,181018624
cartservice,cartservice-578c7dc78d-ghlxc,1739395786,181915648
cartservice,cartservice-578c7dc78d-ghlxc,1739396086,181706752
cartservice,cartservice-578c7dc78d-ghlxc,1739396386,182509568
cartservice,cartservice-578c7dc78d-ghlxc,1739396686,177549312
cartservice,cartservice-578c7dc78d-ghlxc,1739396986,180719616
cartservice,cartservice-578c7dc78d-ghlxc,1739397286,175476736
cartservice,cartservice-578c7dc78d-ghlxc,1739397586,180875264
cartservice,cartservice-578c7dc78d-ghlxc,1739397886,181993472
cartservice,cartservice-578c7dc78d-ghlxc,1739398186,182677504
cartservice,cartservice-578c7dc78d-ghlxc,1739398486,185401344
cartservice,cartservice-578c7dc78d-ghlxc,1739398786,185614336
cartservice,cartservice-578c7dc78d-ghlxc,1739399086,186503168
cartservice,cartservice-578c7dc78d-ghlxc,1739399386,187449344
cartservice,cartservice-578c7dc78d-ghlxc,1739399686,186789888
cartservice,cartservice-578c7dc78d-ghlxc,1739399986,186449920
cartservice,cartservice-578c7dc78d-ghlxc,1739400286,187076608
cartservice,cartservice-578c7dc78d-ghlxc,1739400586,53653504
cartservice,cartservice-578c7dc78d-ghlxc,1739400886,178311168
cartservice,cartservice-578c7dc78d-ghlxc,1739401186,181886976
cartservice,cartservice-578c7dc78d-ghlxc,1739401486,182292480
cartservice,cartservice-578c7dc78d-ghlxc,1739401786,183025664
cartservice,cartservice-578c7dc78d-ghlxc,1739402086,183259136
cartservice,cartservice-578c7dc78d-ghlxc,1739402386,183410688
cartservice,cartservice-578c7dc78d-ghlxc,1739402686,183492608
cartservice,cartservice-578c7dc78d-ghlxc,1739402986,183635968
cartservice,cartservice-578c7dc78d-ghlxc,1739403286,184299520
cartservice,cartservice-578c7dc78d-ghlxc,1739403586,186429440
cartservice,cartservice-578c7dc78d-ghlxc,1739403886,55242752
cartservice,cartservice-578c7dc78d-ghlxc,1739404186,173330432
cartservice,cartservice-578c7dc78d-ghlxc,1739404486,175734784
cartservice,cartservice-578c7dc78d-ghlxc,1739404786,178421760
cartservice,cartservice-578c7dc78d-ghlxc,1739405086,178671616
cartservice,cartservice-578c7dc78d-ghlxc,1739405386,180555776
cartservice,cartservice-578c7dc78d-ghlxc,1739405686,182128640
cartservice,cartservice-578c7dc78d-ghlxc,1739405986,183513088
cartservice,cartservice-578c7dc78d-ghlxc,1739406286,182968320
cartservice,cartservice-578c7dc78d-ghlxc,1739406586,183103488
cartservice,cartservice-578c7dc78d-ghlxc,1739406886,184643584
cartservice,cartservice-578c7dc78d-ghlxc,1739407186,53891072
cartservice,cartservice-578c7dc78d-ghlxc,1739407486,53370880
cartservice,cartservice-578c7dc78d-ghlxc,1739407786,75075584
cartservice,cartservice-578c7dc78d-ghlxc,1739408086,177803264
cartservice,cartservice-578c7dc78d-ghlxc,1739408386,179974144
cartservice,cartservice-578c7dc78d-ghlxc,1739408686,181895168
cartservice,cartservice-578c7dc78d-ghlxc,1739408986,174559232
cartservice,cartservice-578c7dc78d-ghlxc,1739409286,182587392
cartservice,cartservice-578c7dc78d-ghlxc,1739409586,180834304
cartservice,cartservice-578c7dc78d-ghlxc,1739409886,181723136
cartservice,cartservice-578c7dc78d-ghlxc,1739410186,182403072
cartservice,cartservice-578c7dc78d-ghlxc,1739410486,182661120
cartservice,cartservice-578c7dc78d-ghlxc,1739410786,127311872
cartservice,cartservice-578c7dc78d-ghlxc,1739411086,183402496
cartservice,cartservice-578c7dc78d-ghlxc,1739411386,185544704
cartservice,cartservice-578c7dc78d-ghlxc,1739411686,185884672
cartservice,cartservice-578c7dc78d-ghlxc,1739411986,56016896
cartservice,cartservice-578c7dc78d-ghlxc,1739412286,182620160
cartservice,cartservice-578c7dc78d-ghlxc,1739412586,185118720
cartservice,cartservice-578c7dc78d-ghlxc,1739412886,184639488
cartservice,cartservice-578c7dc78d-ghlxc,1739413186,56336384
cartservice,cartservice-578c7dc78d-ghlxc,1739413486,53694464
cartservice,cartservice-578c7dc78d-ghlxc,1739413786,167014400
cartservice,cartservice-578c7dc78d-ghlxc,1739414086,180109312
cartservice,cartservice-578c7dc78d-ghlxc,1739414386,180748288
cartservice,cartservice-578c7dc78d-ghlxc,1739414686,54337536
cartservice,cartservice-578c7dc78d-ghlxc,1739414986,57937920
cartservice,cartservice-578c7dc78d-ghlxc,1739415286,57597952
cartservice,cartservice-578c7dc78d-ghlxc,1739415586,87359488
cartservice,cartservice-578c7dc78d-ghlxc,1739415886,59432960
cartservice,cartservice-578c7dc78d-ghlxc,1739416186,57704448
cartservice,cartservice-578c7dc78d-ghlxc,1739416486,59994112
cartservice,cartservice-578c7dc78d-ghlxc,1739416786,58155008
cartservice,cartservice-578c7dc78d-ghlxc,1739417086,158941184
cartservice,cartservice-578c7dc78d-ghlxc,1739417386,185630720
cartservice,cartservice-578c7dc78d-ghlxc,1739417686,127590400
cartservice,cartservice-578c7dc78d-ghlxc,1739417986,60010496
cartservice,cartservice-578c7dc78d-ghlxc,1739418286,182632448
cartservice,cartservice-578c7dc78d-ghlxc,1739418586,186503168
cartservice,cartservice-578c7dc78d-ghlxc,1739418886,187105280
cartservice,cartservice-578c7dc78d-ghlxc,1739419186,186949632
cartservice,cartservice-578c7dc78d-ghlxc,1739419486,187076608
cartservice,cartservice-578c7dc78d-ghlxc,1739419786,185720832
cartservice,cartservice-578c7dc78d-ghlxc,1739420086,189341696
cartservice,cartservice-578c7dc78d-ghlxc,1739420386,77123584
cartservice,cartservice-578c7dc78d-ghlxc,1739420686,62164992
cartservice,cartservice-578c7dc78d-ghlxc,1739420986,61865984
cartservice,cartservice-578c7dc78d-ghlxc,1739421286,62124032
cartservice,cartservice-578c7dc78d-ghlxc,1739421586,64253952
cartservice,cartservice-578c7dc78d-ghlxc,1739421886,63787008
cartservice,cartservice-578c7dc78d-ghlxc,1739422186,62275584
cartservice,cartservice-578c7dc78d-ghlxc,1739422486,175697920
cartservice,cartservice-578c7dc78d-ghlxc,1739422786,62087168
cartservice,cartservice-578c7dc78d-ghlxc,1739423086,62111744
cartservice,cartservice-578c7dc78d-ghlxc,1739423386,62099456
cartservice,cartservice-578c7dc78d-ghlxc,1739423686,62357504
cartservice,cartservice-578c7dc78d-ghlxc,1739423986,62304256
cartservice,cartservice-578c7dc78d-ghlxc,1739424286,64159744
cartservice,cartservice-578c7dc78d-ghlxc,1739424586,198520832
cartservice,cartservice-578c7dc78d-ghlxc,1739424886,68116480
cartservice,cartservice-578c7dc78d-ghlxc,1739425186,66539520
cartservice,cartservice-578c7dc78d-ghlxc,1739425486,66007040
cartservice,cartservice-578c7dc78d-ghlxc,1739425786,66121728
cartservice,cartservice-578c7dc78d-ghlxc,1739426086,67735552
cartservice,cartservice-578c7dc78d-ghlxc,1739426386,199057408
cartservice,cartservice-578c7dc78d-ghlxc,1739426686,66187264
cartservice,cartservice-578c7dc78d-ghlxc,1739426986,68116480
cartservice,cartservice-578c7dc78d-ghlxc,1739427286,66535424
cartservice,cartservice-578c7dc78d-ghlxc,1739427586,68165632
cartservice,cartservice-578c7dc78d-ghlxc,1739427886,124833792
cartservice,cartservice-578c7dc78d-ghlxc,1739428186,66588672
cartservice,cartservice-578c7dc78d-ghlxc,1739428486,66449408
cartservice,cartservice-578c7dc78d-ghlxc,1739428786,68444160
cartservice,cartservice-578c7dc78d-ghlxc,1739429086,66584576
cartservice,cartservice-578c7dc78d-ghlxc,1739429386,190730240
cartservice,cartservice-578c7dc78d-ghlxc,1739429686,66998272
cartservice,cartservice-578c7dc78d-ghlxc,1739429986,70254592
cartservice,cartservice-578c7dc78d-ghlxc,1739430286,192516096
cartservice,cartservice-578c7dc78d-ghlxc,1739430586,195186688
cartservice,cartservice-578c7dc78d-ghlxc,1739430886,195715072
cartservice,cartservice-578c7dc78d-ghlxc,1739431186,196595712
cartservice,cartservice-578c7dc78d-ghlxc,1739431486,197373952
cartservice,cartservice-578c7dc78d-ghlxc,1739431786,135376896
cartservice,cartservice-578c7dc78d-ghlxc,1739432086,68616192
cartservice,cartservice-578c7dc78d-ghlxc,1739432386,68423680
cartservice,cartservice-578c7dc78d-ghlxc,1739432686,68653056
cartservice,cartservice-578c7dc78d-ghlxc,1739432986,195350528
cartservice,cartservice-578c7dc78d-ghlxc,1739433286,200036352
cartservice,cartservice-578c7dc78d-ghlxc,1739433586,201236480
cartservice,cartservice-578c7dc78d-ghlxc,1739433886,201453568
cartservice,cartservice-578c7dc78d-ghlxc,1739434186,203087872
cartservice,cartservice-578c7dc78d-ghlxc,1739434486,145690624
cartservice,cartservice-578c7dc78d-ghlxc,1739434786,70287360
cartservice,cartservice-578c7dc78d-ghlxc,1739435086,68706304
cartservice,cartservice-578c7dc78d-ghlxc,1739435386,124588032
cartservice,cartservice-578c7dc78d-ghlxc,1739435686,68800512
cartservice,cartservice-578c7dc78d-ghlxc,1739435986,70774784
cartservice,cartservice-578c7dc78d-ghlxc,1739436286,68165632
cartservice,cartservice-578c7dc78d-ghlxc,1739436586,68272128
cartservice,cartservice-578c7dc78d-ghlxc,1739436886,69976064
cartservice,cartservice-578c7dc78d-ghlxc,1739437186,68542464
cartservice,cartservice-578c7dc78d-ghlxc,1739437486,70049792
cartservice,cartservice-578c7dc78d-ghlxc,1739437786,180744192
cartservice,cartservice-578c7dc78d-ghlxc,1739438086,68591616
cartservice,cartservice-578c7dc78d-ghlxc,1739438386,68665344
cartservice,cartservice-578c7dc78d-ghlxc,1739438686,68698112
cartservice,cartservice-578c7dc78d-ghlxc,1739438986,72560640
cartservice,cartservice-578c7dc78d-ghlxc,1739439286,196866048
cartservice,cartservice-578c7dc78d-ghlxc,1739439586,72974336
cartservice,cartservice-578c7dc78d-ghlxc,1739439886,72392704
cartservice,cartservice-578c7dc78d-ghlxc,1739440186,202313728
cartservice,cartservice-578c7dc78d-ghlxc,1739440486,206528512
cartservice,cartservice-578c7dc78d-ghlxc,1739440786,72687616
cartservice,cartservice-578c7dc78d-ghlxc,1739441086,72970240
cartservice,cartservice-578c7dc78d-ghlxc,1739441386,72994816
cartservice,cartservice-578c7dc78d-ghlxc,1739441686,70250496
cartservice,cartservice-578c7dc78d-ghlxc,1739441986,70270976
cartservice,cartservice-578c7dc78d-ghlxc,1739442286,70250496
cartservice,cartservice-578c7dc78d-ghlxc,1739442586,71704576
cartservice,cartservice-578c7dc78d-ghlxc,1739442886,70340608
cartservice,cartservice-578c7dc78d-ghlxc,1739443186,200409088
cartservice,cartservice-578c7dc78d-ghlxc,1739443486,70434816
cartservice,cartservice-578c7dc78d-ghlxc,1739443786,70696960
cartservice,cartservice-578c7dc78d-ghlxc,1739444086,73048064
cartservice,cartservice-578c7dc78d-ghlxc,1739444386,74575872
cartservice,cartservice-578c7dc78d-ghlxc,1739444686,73015296
cartservice,cartservice-578c7dc78d-ghlxc,1739444986,74461184
cartservice,cartservice-578c7dc78d-ghlxc,1739445286,141180928
cartservice,cartservice-578c7dc78d-ghlxc,1739445586,72798208
cartservice,cartservice-578c7dc78d-ghlxc,1739445886,73248768
cartservice,cartservice-578c7dc78d-ghlxc,1739446186,74342400
cartservice,cartservice-578c7dc78d-ghlxc,1739446486,74739712
cartservice,cartservice-578c7dc78d-ghlxc,1739446786,131207168
cartservice,cartservice-578c7dc78d-ghlxc,1739447086,125411328
cartservice,cartservice-578c7dc78d-ghlxc,1739447386,73220096
cartservice,cartservice-578c7dc78d-ghlxc,1739447686,72376320
cartservice,cartservice-578c7dc78d-ghlxc,1739447986,72376320
cartservice,cartservice-578c7dc78d-ghlxc,1739448286,72380416
cartservice,cartservice-578c7dc78d-ghlxc,1739448586,72376320
cartservice,cartservice-578c7dc78d-ghlxc,1739448886,73986048
cartservice,cartservice-578c7dc78d-ghlxc,1739449186,72458240
cartservice,cartservice-578c7dc78d-ghlxc,1739449486,124612608
cartservice,cartservice-578c7dc78d-ghlxc,1739449786,72671232
cartservice,cartservice-578c7dc78d-ghlxc,1739450086,72675328
cartservice,cartservice-578c7dc78d-ghlxc,1739450386,72503296
cartservice,cartservice-578c7dc78d-ghlxc,1739450686,205811712
cartservice,cartservice-578c7dc78d-ghlxc,1739450986,73568256
cartservice,cartservice-578c7dc78d-ghlxc,1739451286,74432512
cartservice,cartservice-578c7dc78d-ghlxc,1739451586,168284160
cartservice,cartservice-578c7dc78d-ghlxc,1739451886,74878976
cartservice,cartservice-578c7dc78d-ghlxc,1739452186,74932224
cartservice,cartservice-578c7dc78d-ghlxc,1739452486,77045760
cartservice,cartservice-578c7dc78d-ghlxc,1739452786,75042816
cartservice,cartservice-578c7dc78d-ghlxc,1739453086,75059200
cartservice,cartservice-578c7dc78d-ghlxc,1739453386,74481664
cartservice,cartservice-578c7dc78d-ghlxc,1739453686,74473472
cartservice,cartservice-578c7dc78d-ghlxc,1739453986,75898880
cartservice,cartservice-578c7dc78d-ghlxc,1739454286,115867648
cartservice,cartservice-578c7dc78d-ghlxc,1739454586,74993664
cartservice,cartservice-578c7dc78d-ghlxc,1739454886,74940416
cartservice,cartservice-578c7dc78d-ghlxc,1739455186,74911744
cartservice,cartservice-578c7dc78d-ghlxc,1739455486,75124736
cartservice,cartservice-578c7dc78d-ghlxc,1739455786,76800000
cartservice,cartservice-578c7dc78d-ghlxc,1739456086,77025280
cartservice,cartservice-578c7dc78d-ghlxc,1739456386,75038720
cartservice,cartservice-578c7dc78d-ghlxc,1739456686,75083776
cartservice,cartservice-578c7dc78d-ghlxc,1739456986,75100160
cartservice,cartservice-578c7dc78d-ghlxc,1739457286,74997760
cartservice,cartservice-578c7dc78d-ghlxc,1739457586,76656640
cartservice,cartservice-578c7dc78d-ghlxc,1739457886,75026432
cartservice,cartservice-578c7dc78d-ghlxc,1739458186,78761984
cartservice,cartservice-578c7dc78d-ghlxc,1739458486,78888960
cartservice,cartservice-578c7dc78d-ghlxc,1739458786,79273984
cartservice,cartservice-578c7dc78d-ghlxc,1739459086,77193216
cartservice,cartservice-578c7dc78d-ghlxc,1739459386,128770048
cartservice,cartservice-578c7dc78d-ghlxc,1739459686,76578816
cartservice,cartservice-578c7dc78d-ghlxc,1739459986,76922880
cartservice,cartservice-578c7dc78d-ghlxc,1739460286,77037568
cartservice,cartservice-578c7dc78d-ghlxc,1739460586,76865536
cartservice,cartservice-578c7dc78d-ghlxc,1739460886,76869632
cartservice,cartservice-578c7dc78d-ghlxc,1739461186,78614528
cartservice,cartservice-578c7dc78d-ghlxc,1739461486,129163264
cartservice,cartservice-578c7dc78d-ghlxc,1739461786,76857344
cartservice,cartservice-578c7dc78d-ghlxc,1739462086,77238272
cartservice,cartservice-578c7dc78d-ghlxc,1739462386,77320192
cartservice,cartservice-578c7dc78d-ghlxc,1739462686,76976128
cartservice,cartservice-578c7dc78d-ghlxc,1739462986,76976128
cartservice,cartservice-578c7dc78d-ghlxc,1739463286,198979584
cartservice,cartservice-578c7dc78d-ghlxc,1739463586,78909440
cartservice,cartservice-578c7dc78d-ghlxc,1739463886,165306368
cartservice,cartservice-578c7dc78d-ghlxc,1739464186,81387520
cartservice,cartservice-578c7dc78d-ghlxc,1739464486,79392768
cartservice,cartservice-578c7dc78d-ghlxc,1739464786,79097856
cartservice,cartservice-578c7dc78d-ghlxc,1739465086,79241216
cartservice,cartservice-578c7dc78d-ghlxc,1739465386,78688256
cartservice,cartservice-578c7dc78d-ghlxc,1739465686,132972544
cartservice,cartservice-578c7dc78d-ghlxc,1739465986,78839808
cartservice,cartservice-578c7dc78d-ghlxc,1739466286,78860288
cartservice,cartservice-578c7dc78d-ghlxc,1739466586,78782464
cartservice,cartservice-578c7dc78d-ghlxc,1739466886,81002496
cartservice,cartservice-578c7dc78d-ghlxc,1739467186,79065088
cartservice,cartservice-578c7dc78d-ghlxc,1739467486,80973824
cartservice,cartservice-578c7dc78d-ghlxc,1739467786,80691200
cartservice,cartservice-578c7dc78d-ghlxc,1739468086,80748544
cartservice,cartservice-578c7dc78d-ghlxc,1739468386,81047552
cartservice,cartservice-578c7dc78d-ghlxc,1739468686,120721408
cartservice,cartservice-578c7dc78d-ghlxc,1739468986,79478784
cartservice,cartservice-578c7dc78d-ghlxc,1739469286,79654912
cartservice,cartservice-578c7dc78d-ghlxc,1739469586,79380480
cartservice,cartservice-578c7dc78d-ghlxc,1739469886,80908288
cartservice,cartservice-578c7dc78d-ghlxc,1739470186,211562496
cartservice,cartservice-578c7dc78d-ghlxc,1739470486,81666048
cartservice,cartservice-578c7dc78d-ghlxc,1739470786,79560704
cartservice,cartservice-578c7dc78d-ghlxc,1739471086,80732160
cartservice,cartservice-578c7dc78d-ghlxc,1739471386,78704640
cartservice,cartservice-578c7dc78d-ghlxc,1739471686,203558912
cartservice,cartservice-578c7dc78d-ghlxc,1739471986,78737408
cartservice,cartservice-578c7dc78d-ghlxc,1739472286,79515648
cartservice,cartservice-578c7dc78d-ghlxc,1739472586,78991360
cartservice,cartservice-578c7dc78d-ghlxc,1739472886,79024128
cartservice,cartservice-578c7dc78d-ghlxc,1739473186,79024128
cartservice,cartservice-578c7dc78d-ghlxc,1739473486,209657856
cartservice,cartservice-578c7dc78d-ghlxc,1739473786,213643264
cartservice,cartservice-578c7dc78d-ghlxc,1739474086,149372928
cartservice,cartservice-578c7dc78d-ghlxc,1739474386,79642624
cartservice,cartservice-578c7dc78d-ghlxc,1739474686,79433728
cartservice,cartservice-578c7dc78d-ghlxc,1739474986,79106048
cartservice,cartservice-578c7dc78d-ghlxc,1739475286,79208448
cartservice,cartservice-578c7dc78d-ghlxc,1739475586,78901248
cartservice,cartservice-578c7dc78d-ghlxc,1739475886,80273408
cartservice,cartservice-578c7dc78d-ghlxc,1739476186,78950400
cartservice,cartservice-578c7dc78d-ghlxc,1739476486,78987264
cartservice,cartservice-578c7dc78d-ghlxc,1739476786,80797696
cartservice,cartservice-578c7dc78d-ghlxc,1739477086,79097856
cartservice,cartservice-578c7dc78d-ghlxc,1739477386,79527936
cartservice,cartservice-578c7dc78d-ghlxc,1739477686,80818176
cartservice,cartservice-578c7dc78d-ghlxc,1739477986,189562880
cartservice,cartservice-578c7dc78d-ghlxc,1739478286,78696448
cartservice,cartservice-578c7dc78d-ghlxc,1739478586,80314368
cartservice,cartservice-578c7dc78d-ghlxc,1739478886,79667200
cartservice,cartservice-578c7dc78d-ghlxc,1739479186,80064512
cartservice,cartservice-578c7dc78d-ghlxc,1739479486,79339520
cartservice,cartservice-578c7dc78d-ghlxc,1739479786,80613376
cartservice,cartservice-578c7dc78d-ghlxc,1739480086,130879488
cartservice,cartservice-578c7dc78d-ghlxc,1739480386,79331328
cartservice,cartservice-578c7dc78d-ghlxc,1739480686,81330176
cartservice,cartservice-578c7dc78d-ghlxc,1739480986,79339520
cartservice,cartservice-578c7dc78d-ghlxc,1739481286,81104896
cartservice,cartservice-578c7dc78d-ghlxc,1739481586,128602112
cartservice,cartservice-578c7dc78d-ghlxc,1739481886,80891904
cartservice,cartservice-578c7dc78d-ghlxc,1739482186,79237120
cartservice,cartservice-578c7dc78d-ghlxc,1739482486,80715776
cartservice,cartservice-578c7dc78d-ghlxc,1739482786,79396864
cartservice,cartservice-578c7dc78d-ghlxc,1739483086,79491072
cartservice,cartservice-578c7dc78d-ghlxc,1739483386,79507456
cartservice,cartservice-578c7dc78d-ghlxc,1739483686,81797120
cartservice,cartservice-578c7dc78d-ghlxc,1739483986,79347712
cartservice,cartservice-578c7dc78d-ghlxc,1739484286,205434880
cartservice,cartservice-578c7dc78d-ghlxc,1739484586,207458304
cartservice,cartservice-578c7dc78d-ghlxc,1739484886,209457152
cartservice,cartservice-578c7dc78d-ghlxc,1739485186,209788928
cartservice,cartservice-578c7dc78d-ghlxc,1739485486,207187968
cartservice,cartservice-578c7dc78d-ghlxc,1739485786,212480000
cartservice,cartservice-578c7dc78d-ghlxc,1739486086,208289792
cartservice,cartservice-578c7dc78d-ghlxc,1739486386,205942784
cartservice,cartservice-578c7dc78d-ghlxc,1739486686,207884288
cartservice,cartservice-578c7dc78d-ghlxc,1739486986,124764160
cartservice,cartservice-578c7dc78d-ghlxc,1739487286,78774272
cartservice,cartservice-578c7dc78d-ghlxc,1739487586,78983168
cartservice,cartservice-578c7dc78d-ghlxc,1739487886,81412096
cartservice,cartservice-578c7dc78d-ghlxc,1739488186,79216640
cartservice,cartservice-578c7dc78d-ghlxc,1739488486,148226048
cartservice,cartservice-578c7dc78d-ghlxc,1739488786,81096704
cartservice,cartservice-578c7dc78d-ghlxc,1739489086,131440640
cartservice,cartservice-578c7dc78d-ghlxc,1739489386,205828096
cartservice,cartservice-578c7dc78d-ghlxc,1739489686,212512768
cartservice,cartservice-578c7dc78d-ghlxc,1739489986,192950272
cartservice,cartservice-578c7dc78d-ghlxc,1739490286,213213184
cartservice,cartservice-578c7dc78d-ghlxc,1739490586,214482944
cartservice,cartservice-578c7dc78d-ghlxc,1739490886,215560192
cartservice,cartservice-578c7dc78d-ghlxc,1739491186,199356416
cartservice,cartservice-578c7dc78d-ghlxc,1739491486,184279040
cartservice,cartservice-578c7dc78d-ghlxc,1739491786,206565376
cartservice,cartservice-578c7dc78d-ghlxc,1739492086,204296192
cartservice,cartservice-578c7dc78d-ghlxc,1739492386,209367040
cartservice,cartservice-578c7dc78d-ghlxc,1739492686,210055168
cartservice,cartservice-578c7dc78d-ghlxc,1739492986,210501632
cartservice,cartservice-578c7dc78d-ghlxc,1739493286,210784256
cartservice,cartservice-578c7dc78d-ghlxc,1739493586,79540224
cartservice,cartservice-578c7dc78d-ghlxc,1739493886,209477632
cartservice,cartservice-578c7dc78d-ghlxc,1739494186,211341312
cartservice,cartservice-578c7dc78d-ghlxc,1739494486,212701184
cartservice,cartservice-578c7dc78d-ghlxc,1739494786,200343552
cartservice,cartservice-578c7dc78d-ghlxc,1739495086,206012416
cartservice,cartservice-578c7dc78d-ghlxc,1739495386,207949824
cartservice,cartservice-578c7dc78d-ghlxc,1739495686,186748928
cartservice,cartservice-578c7dc78d-ghlxc,1739495986,205176832
cartservice,cartservice-578c7dc78d-ghlxc,1739496286,129409024
cartservice,cartservice-578c7dc78d-ghlxc,1739496586,198381568
cartservice,cartservice-578c7dc78d-ghlxc,1739496886,128995328
cartservice,cartservice-578c7dc78d-ghlxc,1739497186,204689408
cartservice,cartservice-578c7dc78d-ghlxc,1739497486,207392768
cartservice,cartservice-578c7dc78d-ghlxc,1739497786,201478144
cartservice,cartservice-578c7dc78d-ghlxc,1739498086,79699968
cartservice,cartservice-578c7dc78d-ghlxc,1739498386,78761984
cartservice,cartservice-578c7dc78d-ghlxc,1739498686,80265216
cartservice,cartservice-578c7dc78d-ghlxc,1739498986,131121152
cartservice,cartservice-578c7dc78d-ghlxc,1739499286,78929920
cartservice,cartservice-578c7dc78d-ghlxc,1739499586,78929920
cartservice,cartservice-578c7dc78d-ghlxc,1739499886,80814080
cartservice,cartservice-578c7dc78d-ghlxc,1739500186,79114240
cartservice,cartservice-578c7dc78d-ghlxc,1739500486,80936960
cartservice,cartservice-578c7dc78d-ghlxc,1739500786,80330752
cartservice,cartservice-578c7dc78d-ghlxc,1739501086,79056896
cartservice,cartservice-578c7dc78d-ghlxc,1739501386,79155200
cartservice,cartservice-578c7dc78d-ghlxc,1739501686,79245312
cartservice,cartservice-578c7dc78d-ghlxc,1739501986,79151104
cartservice,cartservice-578c7dc78d-ghlxc,1739502286,81149952
cartservice,cartservice-578c7dc78d-ghlxc,1739502586,79593472
cartservice,cartservice-578c7dc78d-ghlxc,1739502886,80007168
cartservice,cartservice-578c7dc78d-ghlxc,1739503186,206704640
cartservice,cartservice-578c7dc78d-ghlxc,1739503486,79699968
cartservice,cartservice-578c7dc78d-ghlxc,1739503786,81108992
cartservice,cartservice-578c7dc78d-ghlxc,1739504086,171483136
cartservice,cartservice-578c7dc78d-ghlxc,1739504386,203468800
cartservice,cartservice-578c7dc78d-ghlxc,1739504686,206635008
cartservice,cartservice-578c7dc78d-ghlxc,1739504986,206819328
cartservice,cartservice-578c7dc78d-ghlxc,1739505286,83742720
cartservice,cartservice-578c7dc78d-ghlxc,1739505586,208908288
cartservice,cartservice-578c7dc78d-ghlxc,1739505886,212746240
cartservice,cartservice-578c7dc78d-ghlxc,1739506186,80289792
cartservice,cartservice-578c7dc78d-ghlxc,1739506486,80494592
cartservice,cartservice-578c7dc78d-ghlxc,1739506786,79020032
cartservice,cartservice-578c7dc78d-ghlxc,1739507086,79216640
cartservice,cartservice-578c7dc78d-ghlxc,1739507386,80515072
cartservice,cartservice-578c7dc78d-ghlxc,1739507686,214523904
cartservice,cartservice-578c7dc78d-ghlxc,1739507986,79171584
cartservice,cartservice-578c7dc78d-ghlxc,1739508286,79900672
cartservice,cartservice-578c7dc78d-ghlxc,1739508586,81022976
cartservice,cartservice-578c7dc78d-ghlxc,1739508886,79503360
cartservice,cartservice-578c7dc78d-ghlxc,1739509186,131223552
cartservice,cartservice-578c7dc78d-ghlxc,1739509486,79032320
cartservice,cartservice-578c7dc78d-ghlxc,1739509786,79134720
cartservice,cartservice-578c7dc78d-ghlxc,1739510086,79134720
cartservice,cartservice-578c7dc78d-ghlxc,1739510386,79028224
cartservice,cartservice-578c7dc78d-ghlxc,1739510686,78761984
cartservice,cartservice-578c7dc78d-ghlxc,1739510986,78745600
cartservice,cartservice-578c7dc78d-ghlxc,1739511286,202153984
cartservice,cartservice-578c7dc78d-ghlxc,1739511586,207892480
cartservice,cartservice-578c7dc78d-ghlxc,1739511886,212459520
cartservice,cartservice-578c7dc78d-ghlxc,1739512186,214200320
cartservice,cartservice-578c7dc78d-ghlxc,1739512486,80695296
cartservice,cartservice-578c7dc78d-ghlxc,1739512786,79314944
cartservice,cartservice-578c7dc78d-ghlxc,1739513086,79163392
cartservice,cartservice-578c7dc78d-ghlxc,1739513386,79335424
cartservice,cartservice-578c7dc78d-ghlxc,1739513686,206413824
cartservice,cartservice-578c7dc78d-ghlxc,1739513986,208445440
cartservice,cartservice-578c7dc78d-ghlxc,1739514286,209227776
cartservice,cartservice-578c7dc78d-ghlxc,1739514586,209465344
cartservice,cartservice-578c7dc78d-ghlxc,1739514886,210067456
cartservice,cartservice-578c7dc78d-ghlxc,1739515186,210501632
cartservice,cartservice-578c7dc78d-ghlxc,1739515486,210706432
cartservice,cartservice-578c7dc78d-ghlxc,1739515786,210722816
cartservice,cartservice-578c7dc78d-ghlxc,1739516086,211406848
cartservice,cartservice-578c7dc78d-ghlxc,1739516386,139116544
cartservice,cartservice-578c7dc78d-ghlxc,1739516686,212267008
cartservice,cartservice-578c7dc78d-ghlxc,1739516986,82010112
cartservice,cartservice-578c7dc78d-ghlxc,1739517286,196153344
cartservice,cartservice-578c7dc78d-ghlxc,1739517586,79409152
cartservice,cartservice-578c7dc78d-ghlxc,1739517886,78761984
cartservice,cartservice-578c7dc78d-ghlxc,1739518186,78794752
cartservice,cartservice-578c7dc78d-ghlxc,1739518486,78786560
cartservice,cartservice-578c7dc78d-ghlxc,1739518786,80760832
cartservice,cartservice-578c7dc78d-ghlxc,1739519086,79302656
cartservice,cartservice-578c7dc78d-ghlxc,1739519386,80629760
cartservice,cartservice-578c7dc78d-ghlxc,1739519686,81006592
cartservice,cartservice-578c7dc78d-ghlxc,1739519986,202854400
cartservice,cartservice-578c7dc78d-ghlxc,1739520286,79679488
cartservice,cartservice-578c7dc78d-ghlxc,1739520586,81272832
cartservice,cartservice-578c7dc78d-ghlxc,1739520886,81227776
cartservice,cartservice-578c7dc78d-ghlxc,1739521186,79585280
cartservice,cartservice-578c7dc78d-ghlxc,1739521486,79601664
cartservice,cartservice-578c7dc78d-ghlxc,1739521786,81530880
cartservice,cartservice-578c7dc78d-ghlxc,1739522086,81268736
cartservice,cartservice-578c7dc78d-ghlxc,1739522386,79773696
cartservice,cartservice-578c7dc78d-ghlxc,1739522686,193691648
cartservice,cartservice-578c7dc78d-ghlxc,1739522986,80375808
cartservice,cartservice-578c7dc78d-ghlxc,1739523286,79839232
cartservice,cartservice-578c7dc78d-ghlxc,1739523586,80576512
cartservice,cartservice-578c7dc78d-ghlxc,1739523886,211849216
cartservice,cartservice-578c7dc78d-ghlxc,1739524186,132157440
cartservice,cartservice-578c7dc78d-ghlxc,1739524486,81694720
cartservice,cartservice-578c7dc78d-ghlxc,1739524786,78782464
cartservice,cartservice-578c7dc78d-ghlxc,1739525086,78770176
cartservice,cartservice-578c7dc78d-ghlxc,1739525386,79986688
cartservice,cartservice-578c7dc78d-ghlxc,1739525686,79228928
cartservice,cartservice-578c7dc78d-ghlxc,1739525986,80494592
cartservice,cartservice-578c7dc78d-ghlxc,1739526286,80867328
cartservice,cartservice-578c7dc78d-ghlxc,1739526586,79187968
cartservice,cartservice-578c7dc78d-ghlxc,1739526886,131473408
cartservice,cartservice-578c7dc78d-ghlxc,1739527186,79298560
cartservice,cartservice-578c7dc78d-ghlxc,1739527486,79138816
cartservice,cartservice-578c7dc78d-ghlxc,1739527786,79282176
cartservice,cartservice-578c7dc78d-ghlxc,1739528086,81526784
cartservice,cartservice-578c7dc78d-ghlxc,1739528386,80891904
cartservice,cartservice-578c7dc78d-ghlxc,1739528686,180346880
cartservice,cartservice-578c7dc78d-ghlxc,1739528986,79347712
cartservice,cartservice-578c7dc78d-ghlxc,1739529286,79437824
cartservice,cartservice-578c7dc78d-ghlxc,1739529586,79450112
cartservice,cartservice-578c7dc78d-ghlxc,1739529886,79450112
cartservice,cartservice-578c7dc78d-ghlxc,1739530186,79482880
cartservice,cartservice-578c7dc78d-ghlxc,1739530486,79523840
cartservice,cartservice-578c7dc78d-ghlxc,1739530786,79360000
cartservice,cartservice-578c7dc78d-ghlxc,1739531086,81072128
cartservice,cartservice-578c7dc78d-ghlxc,1739531386,79429632
cartservice,cartservice-578c7dc78d-ghlxc,1739531686,131538944
cartservice,cartservice-578c7dc78d-ghlxc,1739531986,78786560
cartservice,cartservice-578c7dc78d-ghlxc,1739532286,78811136
cartservice,cartservice-578c7dc78d-ghlxc,1739532586,78913536
cartservice,cartservice-578c7dc78d-ghlxc,1739532886,80396288
cartservice,cartservice-578c7dc78d-ghlxc,1739533186,78995456
cartservice,cartservice-578c7dc78d-ghlxc,1739533486,80752640
cartservice,cartservice-578c7dc78d-ghlxc,1739533786,90304512
cartservice,cartservice-578c7dc78d-ghlxc,1739534086,79138816
cartservice,cartservice-578c7dc78d-ghlxc,1739534386,79396864
cartservice,cartservice-578c7dc78d-ghlxc,1739534686,80109568
cartservice,cartservice-578c7dc78d-ghlxc,1739534986,79593472
cartservice,cartservice-578c7dc78d-ghlxc,1739535286,81354752
cartservice,cartservice-578c7dc78d-ghlxc,1739535586,79540224
cartservice,cartservice-578c7dc78d-ghlxc,1739535886,79572992
cartservice,cartservice-578c7dc78d-ghlxc,1739536186,79577088
cartservice,cartservice-578c7dc78d-ghlxc,1739536486,79478784
cartservice,cartservice-578c7dc78d-ghlxc,1739536786,79945728
cartservice,cartservice-578c7dc78d-ghlxc,1739537086,81358848
cartservice,cartservice-578c7dc78d-ghlxc,1739537386,77398016
cartservice,cartservice-578c7dc78d-ghlxc,1739537686,77197312
cartservice,cartservice-578c7dc78d-ghlxc,1739537986,127959040
cartservice,cartservice-578c7dc78d-ghlxc,1739538286,77729792
cartservice,cartservice-578c7dc78d-ghlxc,1739538586,80793600
cartservice,cartservice-578c7dc78d-ghlxc,1739538886,80818176
cartservice,cartservice-578c7dc78d-ghlxc,1739539186,80900096
cartservice,cartservice-578c7dc78d-ghlxc,1739539486,82493440
cartservice,cartservice-578c7dc78d-ghlxc,1739539786,80941056
cartservice,cartservice-578c7dc78d-ghlxc,1739540086,81489920
cartservice,cartservice-578c7dc78d-ghlxc,1739540386,81342464
cartservice,cartservice-578c7dc78d-ghlxc,1739540686,125456384
cartservice,cartservice-578c7dc78d-ghlxc,1739540986,81674240
cartservice,cartservice-578c7dc78d-ghlxc,1739541286,81793024
cartservice,cartservice-578c7dc78d-ghlxc,1739541586,217018368
cartservice,cartservice-578c7dc78d-ghlxc,1739541886,82587648
cartservice,cartservice-578c7dc78d-ghlxc,1739542186,81756160
cartservice,cartservice-578c7dc78d-ghlxc,1739542486,81756160
cartservice,cartservice-578c7dc78d-ghlxc,1739542786,83353600
cartservice,cartservice-578c7dc78d-ghlxc,1739543086,81850368
cartservice,cartservice-578c7dc78d-ghlxc,1739543386,81752064
cartservice,cartservice-578c7dc78d-ghlxc,1739543686,81768448
cartservice,cartservice-578c7dc78d-ghlxc,1739543986,81764352
cartservice,cartservice-578c7dc78d-rw2nf,1739387086,158408704
cartservice,cartservice-578c7dc78d-rw2nf,1739387386,45801472
cartservice,cartservice-578c7dc78d-rw2nf,1739387686,47390720
cartservice,cartservice-578c7dc78d-rw2nf,1739387986,48939008
cartservice,cartservice-578c7dc78d-rw2nf,1739388286,47480832
cartservice,cartservice-578c7dc78d-rw2nf,1739388586,47460352
cartservice,cartservice-578c7dc78d-rw2nf,1739388886,47333376
cartservice,cartservice-578c7dc78d-rw2nf,1739389186,168521728
cartservice,cartservice-578c7dc78d-rw2nf,1739389486,50302976
cartservice,cartservice-578c7dc78d-rw2nf,1739389786,50307072
cartservice,cartservice-578c7dc78d-rw2nf,1739390086,51048448
cartservice,cartservice-578c7dc78d-rw2nf,1739390386,50757632
cartservice,cartservice-578c7dc78d-rw2nf,1739390686,52002816
cartservice,cartservice-578c7dc78d-rw2nf,1739390986,52199424
cartservice,cartservice-578c7dc78d-rw2nf,1739391286,53874688
cartservice,cartservice-578c7dc78d-rw2nf,1739391586,80408576
cartservice,cartservice-578c7dc78d-rw2nf,1739391886,52817920
cartservice,cartservice-578c7dc78d-rw2nf,1739392186,54657024
redis-cart,redis-cart-558f8d8d44-dmwvg,1739424886,52686848
redis-cart,redis-cart-558f8d8d44-dmwvg,1739425186,53116928
redis-cart,redis-cart-558f8d8d44-dmwvg,1739425486,53325824
redis-cart,redis-cart-558f8d8d44-dmwvg,1739425786,55967744
redis-cart,redis-cart-558f8d8d44-dmwvg,1739426086,56160256
redis-cart,redis-cart-558f8d8d44-dmwvg,1739426386,56573952
redis-cart,redis-cart-558f8d8d44-dmwvg,1739426686,57389056
redis-cart,redis-cart-558f8d8d44-dmwvg,1739426986,57372672
redis-cart,redis-cart-558f8d8d44-dmwvg,1739427286,57319424
redis-cart,redis-cart-558f8d8d44-dmwvg,1739427586,57729024
redis-cart,redis-cart-558f8d8d44-dmwvg,1739427886,57741312
redis-cart,redis-cart-558f8d8d44-dmwvg,1739428186,58552320
redis-cart,redis-cart-558f8d8d44-dmwvg,1739428486,58757120
redis-cart,redis-cart-558f8d8d44-dmwvg,1739428786,58753024
redis-cart,redis-cart-558f8d8d44-dmwvg,1739429086,58753024
redis-cart,redis-cart-558f8d8d44-dmwvg,1739429386,59011072
redis-cart,redis-cart-558f8d8d44-dmwvg,1739429686,59469824
redis-cart,redis-cart-558f8d8d44-dmwvg,1739429986,61755392
redis-cart,redis-cart-558f8d8d44-dmwvg,1739430286,60194816
redis-cart,redis-cart-558f8d8d44-dmwvg,1739430586,61640704
redis-cart,redis-cart-558f8d8d44-dmwvg,1739430886,63586304
redis-cart,redis-cart-558f8d8d44-dmwvg,1739431186,65073152
redis-cart,redis-cart-558f8d8d44-dmwvg,1739431486,66523136
redis-cart,redis-cart-558f8d8d44-dmwvg,1739431786,66514944
redis-cart,redis-cart-558f8d8d44-dmwvg,1739432086,66813952
redis-cart,redis-cart-558f8d8d44-dmwvg,1739432386,66809856
redis-cart,redis-cart-558f8d8d44-dmwvg,1739432686,66813952
redis-cart,redis-cart-558f8d8d44-dmwvg,1739432986,68575232
redis-cart,redis-cart-558f8d8d44-dmwvg,1739433286,69820416
redis-cart,redis-cart-558f8d8d44-dmwvg,1739433586,71401472
redis-cart,redis-cart-558f8d8d44-dmwvg,1739433886,73281536
redis-cart,redis-cart-558f8d8d44-dmwvg,1739434186,74850304
redis-cart,redis-cart-558f8d8d44-dmwvg,1739434486,74829824
redis-cart,redis-cart-558f8d8d44-dmwvg,1739434786,74924032
redis-cart,redis-cart-558f8d8d44-dmwvg,1739435086,74924032
redis-cart,redis-cart-558f8d8d44-dmwvg,1739435386,74821632
redis-cart,redis-cart-558f8d8d44-dmwvg,1739435686,75415552
redis-cart,redis-cart-558f8d8d44-dmwvg,1739435986,75440128
redis-cart,redis-cart-558f8d8d44-dmwvg,1739436286,75182080
redis-cart,redis-cart-558f8d8d44-dmwvg,1739436586,75386880
redis-cart,redis-cart-558f8d8d44-dmwvg,1739436886,75071488
redis-cart,redis-cart-558f8d8d44-dmwvg,1739437186,75059200
redis-cart,redis-cart-558f8d8d44-dmwvg,1739437486,75722752
redis-cart,redis-cart-558f8d8d44-dmwvg,1739437786,75554816
redis-cart,redis-cart-558f8d8d44-dmwvg,1739438086,75595776
redis-cart,redis-cart-558f8d8d44-dmwvg,1739438386,75563008
redis-cart,redis-cart-558f8d8d44-dmwvg,1739438686,75567104
redis-cart,redis-cart-558f8d8d44-dmwvg,1739438986,75698176
redis-cart,redis-cart-558f8d8d44-dmwvg,1739439286,76775424
redis-cart,redis-cart-558f8d8d44-dmwvg,1739439586,77770752
redis-cart,redis-cart-558f8d8d44-dmwvg,1739439886,78004224
redis-cart,redis-cart-558f8d8d44-dmwvg,1739440186,78815232
redis-cart,redis-cart-558f8d8d44-dmwvg,1739440486,81301504
redis-cart,redis-cart-558f8d8d44-dmwvg,1739440786,81862656
redis-cart,redis-cart-558f8d8d44-dmwvg,1739441086,81907712
redis-cart,redis-cart-558f8d8d44-dmwvg,1739441386,81813504
redis-cart,redis-cart-558f8d8d44-dmwvg,1739441686,81924096
redis-cart,redis-cart-558f8d8d44-dmwvg,1739441986,81924096
redis-cart,redis-cart-558f8d8d44-dmwvg,1739442286,81657856
redis-cart,redis-cart-558f8d8d44-dmwvg,1739442586,81649664
redis-cart,redis-cart-558f8d8d44-dmwvg,1739442886,81649664
redis-cart,redis-cart-558f8d8d44-dmwvg,1739443186,81788928
redis-cart,redis-cart-558f8d8d44-dmwvg,1739443486,81879040
redis-cart,redis-cart-558f8d8d44-dmwvg,1739443786,81883136
redis-cart,redis-cart-558f8d8d44-dmwvg,1739444086,81932288
redis-cart,redis-cart-558f8d8d44-dmwvg,1739444386,82251776
redis-cart,redis-cart-558f8d8d44-dmwvg,1739444686,82116608
redis-cart,redis-cart-558f8d8d44-dmwvg,1739444986,82268160
redis-cart,redis-cart-558f8d8d44-dmwvg,1739445286,82251776
redis-cart,redis-cart-558f8d8d44-dmwvg,1739445586,82284544
redis-cart,redis-cart-558f8d8d44-dmwvg,1739445886,82464768
redis-cart,redis-cart-558f8d8d44-dmwvg,1739446186,84578304
redis-cart,redis-cart-558f8d8d44-dmwvg,1739446486,82915328
redis-cart,redis-cart-558f8d8d44-dmwvg,1739446786,83005440
redis-cart,redis-cart-558f8d8d44-dmwvg,1739447086,83013632
redis-cart,redis-cart-558f8d8d44-dmwvg,1739447386,83013632
redis-cart,redis-cart-558f8d8d44-dmwvg,1739447686,83013632
redis-cart,redis-cart-558f8d8d44-dmwvg,1739447986,83013632
redis-cart,redis-cart-558f8d8d44-dmwvg,1739448286,82493440
redis-cart,redis-cart-558f8d8d44-dmwvg,1739448586,82493440
redis-cart,redis-cart-558f8d8d44-dmwvg,1739448886,82583552
redis-cart,redis-cart-558f8d8d44-dmwvg,1739449186,82567168
redis-cart,redis-cart-558f8d8d44-dmwvg,1739449486,82567168
redis-cart,redis-cart-558f8d8d44-dmwvg,1739449786,82571264
redis-cart,redis-cart-558f8d8d44-dmwvg,1739450086,84025344
redis-cart,redis-cart-558f8d8d44-dmwvg,1739450386,82923520
redis-cart,redis-cart-558f8d8d44-dmwvg,1739450686,83656704
redis-cart,redis-cart-558f8d8d44-dmwvg,1739450986,84365312
redis-cart,redis-cart-558f8d8d44-dmwvg,1739451286,84512768
redis-cart,redis-cart-558f8d8d44-dmwvg,1739451586,84561920
redis-cart,redis-cart-558f8d8d44-dmwvg,1739451886,84574208
redis-cart,redis-cart-558f8d8d44-dmwvg,1739452186,86425600
redis-cart,redis-cart-558f8d8d44-dmwvg,1739452486,85053440
redis-cart,redis-cart-558f8d8d44-dmwvg,1739452786,85176320
redis-cart,redis-cart-558f8d8d44-dmwvg,1739453086,85037056
redis-cart,redis-cart-558f8d8d44-dmwvg,1739453386,85299200
redis-cart,redis-cart-558f8d8d44-dmwvg,1739453686,84652032
redis-cart,redis-cart-558f8d8d44-dmwvg,1739453986,84836352
redis-cart,redis-cart-558f8d8d44-dmwvg,1739454286,84897792
redis-cart,redis-cart-558f8d8d44-dmwvg,1739454586,84926464
redis-cart,redis-cart-558f8d8d44-dmwvg,1739454886,85143552
redis-cart,redis-cart-558f8d8d44-dmwvg,1739455186,85143552
redis-cart,redis-cart-558f8d8d44-dmwvg,1739455486,86921216
redis-cart,redis-cart-558f8d8d44-dmwvg,1739455786,85897216
redis-cart,redis-cart-558f8d8d44-dmwvg,1739456086,85745664
redis-cart,redis-cart-558f8d8d44-dmwvg,1739456386,85741568
redis-cart,redis-cart-558f8d8d44-dmwvg,1739456686,85807104
redis-cart,redis-cart-558f8d8d44-dmwvg,1739456986,85549056
redis-cart,redis-cart-558f8d8d44-dmwvg,1739457286,85716992
redis-cart,redis-cart-558f8d8d44-dmwvg,1739457586,85766144
redis-cart,redis-cart-558f8d8d44-dmwvg,1739457886,85782528
redis-cart,redis-cart-558f8d8d44-dmwvg,1739458186,85905408
redis-cart,redis-cart-558f8d8d44-dmwvg,1739458486,85905408
redis-cart,redis-cart-558f8d8d44-dmwvg,1739458786,85852160
cartservice,cartservice-578c7dc78d-kp4xd,1739226586,196009984
cartservice,cartservice-578c7dc78d-kp4xd,1739226886,197324800
cartservice,cartservice-578c7dc78d-kp4xd,1739227186,197533696
cartservice,cartservice-578c7dc78d-kp4xd,1739227486,197959680
cartservice,cartservice-578c7dc78d-kp4xd,1739227786,198172672
cartservice,cartservice-578c7dc78d-kp4xd,1739228086,198803456
cartservice,cartservice-578c7dc78d-kp4xd,1739228386,198586368
cartservice,cartservice-578c7dc78d-kp4xd,1739228686,198774784
cartservice,cartservice-578c7dc78d-kp4xd,1739228986,201404416
cartservice,cartservice-578c7dc78d-kp4xd,1739229286,198959104
cartservice,cartservice-578c7dc78d-kp4xd,1739229586,200658944
cartservice,cartservice-578c7dc78d-kp4xd,1739229886,117981184
cartservice,cartservice-578c7dc78d-kp4xd,1739230186,196403200
cartservice,cartservice-578c7dc78d-kp4xd,1739230486,198434816
cartservice,cartservice-578c7dc78d-kp4xd,1739230786,199208960
cartservice,cartservice-578c7dc78d-kp4xd,1739231086,199335936
cartservice,cartservice-578c7dc78d-kp4xd,1739231386,199614464
cartservice,cartservice-578c7dc78d-kp4xd,1739231686,199987200
cartservice,cartservice-578c7dc78d-kp4xd,1739231986,92123136
cartservice,cartservice-578c7dc78d-kp4xd,1739232286,178360320
cartservice,cartservice-578c7dc78d-kp4xd,1739232586,195112960
cartservice,cartservice-578c7dc78d-kp4xd,1739232886,197246976
cartservice,cartservice-578c7dc78d-kp4xd,1739233186,197271552
cartservice,cartservice-578c7dc78d-kp4xd,1739233486,193581056
cartservice,cartservice-578c7dc78d-kp4xd,1739233786,198524928
cartservice,cartservice-578c7dc78d-kp4xd,1739234086,201277440
cartservice,cartservice-578c7dc78d-kp4xd,1739234386,202493952
cartservice,cartservice-578c7dc78d-kp4xd,1739234686,202432512
cartservice,cartservice-578c7dc78d-kp4xd,1739234986,203194368
cartservice,cartservice-578c7dc78d-kp4xd,1739235286,203091968
cartservice,cartservice-578c7dc78d-kp4xd,1739235586,203407360
cartservice,cartservice-578c7dc78d-kp4xd,1739235886,154234880
cartservice,cartservice-578c7dc78d-kp4xd,1739236186,191102976
cartservice,cartservice-578c7dc78d-kp4xd,1739236486,201207808
cartservice,cartservice-578c7dc78d-kp4xd,1739236786,204316672
cartservice,cartservice-578c7dc78d-kp4xd,1739237086,205352960
cartservice,cartservice-578c7dc78d-kp4xd,1739237386,205950976
cartservice,cartservice-578c7dc78d-kp4xd,1739237686,205963264
cartservice,cartservice-578c7dc78d-kp4xd,1739237986,70725632
cartservice,cartservice-578c7dc78d-kp4xd,1739238286,70746112
cartservice,cartservice-578c7dc78d-kp4xd,1739238586,70754304
cartservice,cartservice-578c7dc78d-kp4xd,1739238886,194084864
cartservice,cartservice-578c7dc78d-kp4xd,1739239186,205287424
cartservice,cartservice-578c7dc78d-kp4xd,1739239486,206106624
cartservice,cartservice-578c7dc78d-kp4xd,1739239786,206213120
cartservice,cartservice-578c7dc78d-kp4xd,1739240086,206381056
cartservice,cartservice-578c7dc78d-kp4xd,1739240386,201293824
cartservice,cartservice-578c7dc78d-kp4xd,1739240686,205201408
cartservice,cartservice-578c7dc78d-kp4xd,1739240986,206602240
cartservice,cartservice-578c7dc78d-kp4xd,1739241286,73420800
cartservice,cartservice-578c7dc78d-kp4xd,1739241586,199610368
cartservice,cartservice-578c7dc78d-kp4xd,1739241886,204111872
cartservice,cartservice-578c7dc78d-kp4xd,1739242186,205422592
cartservice,cartservice-578c7dc78d-kp4xd,1739242486,205848576
cartservice,cartservice-578c7dc78d-kp4xd,1739242786,192360448
cartservice,cartservice-578c7dc78d-kp4xd,1739243086,192876544
cartservice,cartservice-578c7dc78d-kp4xd,1739243386,193212416
cartservice,cartservice-578c7dc78d-kp4xd,1739243686,193499136
cartservice,cartservice-578c7dc78d-kp4xd,1739243986,194080768
cartservice,cartservice-578c7dc78d-kp4xd,1739244286,194158592
cartservice,cartservice-578c7dc78d-kp4xd,1739244586,195350528
cartservice,cartservice-578c7dc78d-kp4xd,1739244886,195039232
cartservice,cartservice-578c7dc78d-kp4xd,1739245186,195100672
cartservice,cartservice-578c7dc78d-kp4xd,1739245486,195264512
cartservice,cartservice-578c7dc78d-kp4xd,1739245786,196063232
cartservice,cartservice-578c7dc78d-kp4xd,1739246086,193830912
cartservice,cartservice-578c7dc78d-kp4xd,1739246386,199290880
cartservice,cartservice-578c7dc78d-kp4xd,1739246686,199421952
cartservice,cartservice-578c7dc78d-kp4xd,1739246986,199733248
cartservice,cartservice-578c7dc78d-kp4xd,1739247286,199897088
cartservice,cartservice-578c7dc78d-kp4xd,1739247586,199995392
cartservice,cartservice-578c7dc78d-kp4xd,1739247886,200482816
cartservice,cartservice-578c7dc78d-kp4xd,1739248186,202838016
cartservice,cartservice-578c7dc78d-kp4xd,1739248486,203341824
cartservice,cartservice-578c7dc78d-kp4xd,1739248786,194154496
cartservice,cartservice-578c7dc78d-kp4xd,1739249086,202604544
cartservice,cartservice-578c7dc78d-kp4xd,1739249386,204529664
cartservice,cartservice-578c7dc78d-kp4xd,1739249686,205807616
cartservice,cartservice-578c7dc78d-kp4xd,1739249986,206262272
cartservice,cartservice-578c7dc78d-kp4xd,1739250286,206594048
cartservice,cartservice-578c7dc78d-kp4xd,1739250586,207327232
cartservice,cartservice-578c7dc78d-kp4xd,1739250886,197922816
cartservice,cartservice-578c7dc78d-kp4xd,1739251186,126001152
cartservice,cartservice-578c7dc78d-kp4xd,1739251486,77041664
cartservice,cartservice-578c7dc78d-kp4xd,1739251786,75476992
cartservice,cartservice-578c7dc78d-kp4xd,1739252086,208662528
cartservice,cartservice-578c7dc78d-kp4xd,1739252386,77205504
cartservice,cartservice-578c7dc78d-kp4xd,1739252686,183115776
cartservice,cartservice-578c7dc78d-kp4xd,1739252986,206270464
cartservice,cartservice-578c7dc78d-kp4xd,1739253286,205336576
cartservice,cartservice-578c7dc78d-kp4xd,1739253586,206749696
cartservice,cartservice-578c7dc78d-kp4xd,1739253886,82989056
cartservice,cartservice-578c7dc78d-kp4xd,1739254186,200843264
cartservice,cartservice-578c7dc78d-kp4xd,1739254486,204111872
cartservice,cartservice-578c7dc78d-kp4xd,1739254786,205172736
cartservice,cartservice-578c7dc78d-kp4xd,1739255086,77848576
cartservice,cartservice-578c7dc78d-kp4xd,1739255386,77615104
cartservice,cartservice-578c7dc78d-kp4xd,1739255686,78540800
cartservice,cartservice-578c7dc78d-kp4xd,1739255986,77729792
cartservice,cartservice-578c7dc78d-kp4xd,1739256286,79032320
cartservice,cartservice-578c7dc78d-kp4xd,1739256586,199184384
cartservice,cartservice-578c7dc78d-kp4xd,1739256886,205189120
cartservice,cartservice-578c7dc78d-kp4xd,1739257186,81522688
cartservice,cartservice-578c7dc78d-kp4xd,1739257486,80859136
cartservice,cartservice-578c7dc78d-kp4xd,1739257786,213037056
cartservice,cartservice-578c7dc78d-kp4xd,1739258086,80314368
cartservice,cartservice-578c7dc78d-kp4xd,1739258386,80330752
cartservice,cartservice-578c7dc78d-kp4xd,1739258686,79720448
cartservice,cartservice-578c7dc78d-kp4xd,1739258986,79736832
cartservice,cartservice-578c7dc78d-kp4xd,1739259286,83595264
cartservice,cartservice-578c7dc78d-kp4xd,1739259586,210173952
cartservice,cartservice-578c7dc78d-kp4xd,1739259886,82055168
cartservice,cartservice-578c7dc78d-kp4xd,1739260186,82558976
cartservice,cartservice-578c7dc78d-kp4xd,1739260486,83869696
cartservice,cartservice-578c7dc78d-kp4xd,1739260786,82206720
cartservice,cartservice-578c7dc78d-kp4xd,1739261086,202940416
cartservice,cartservice-578c7dc78d-kp4xd,1739261386,210632704
cartservice,cartservice-578c7dc78d-kp4xd,1739261686,212582400
cartservice,cartservice-578c7dc78d-kp4xd,1739261986,212807680
cartservice,cartservice-578c7dc78d-kp4xd,1739262286,213741568
cartservice,cartservice-578c7dc78d-kp4xd,1739262586,214175744
cartservice,cartservice-578c7dc78d-kp4xd,1739262886,84676608
cartservice,cartservice-578c7dc78d-kp4xd,1739263186,217055232
cartservice,cartservice-578c7dc78d-kp4xd,1739263486,185720832
cartservice,cartservice-578c7dc78d-kp4xd,1739263786,82804736
cartservice,cartservice-578c7dc78d-kp4xd,1739264086,81858560
cartservice,cartservice-578c7dc78d-kp4xd,1739264386,82210816
cartservice,cartservice-578c7dc78d-kp4xd,1739264686,210079744
cartservice,cartservice-578c7dc78d-kp4xd,1739264986,216440832
cartservice,cartservice-578c7dc78d-kp4xd,1739265286,218365952
cartservice,cartservice-578c7dc78d-kp4xd,1739265586,218853376
cartservice,cartservice-578c7dc78d-kp4xd,1739265886,219246592
cartservice,cartservice-578c7dc78d-kp4xd,1739266186,219308032
cartservice,cartservice-578c7dc78d-kp4xd,1739266486,99295232
cartservice,cartservice-578c7dc78d-kp4xd,1739266786,84557824
cartservice,cartservice-578c7dc78d-kp4xd,1739267086,84660224
cartservice,cartservice-578c7dc78d-kp4xd,1739267386,85389312
cartservice,cartservice-578c7dc78d-kp4xd,1739267686,136908800
cartservice,cartservice-578c7dc78d-kp4xd,1739267986,84795392
cartservice,cartservice-578c7dc78d-kp4xd,1739268286,84774912
cartservice,cartservice-578c7dc78d-kp4xd,1739268586,84606976
cartservice,cartservice-578c7dc78d-kp4xd,1739268886,84619264
cartservice,cartservice-578c7dc78d-kp4xd,1739269186,84439040
cartservice,cartservice-578c7dc78d-kp4xd,1739269486,84516864
cartservice,cartservice-578c7dc78d-kp4xd,1739269786,214761472
cartservice,cartservice-578c7dc78d-kp4xd,1739270086,84000768
cartservice,cartservice-578c7dc78d-kp4xd,1739270386,210198528
cartservice,cartservice-578c7dc78d-kp4xd,1739270686,216813568
cartservice,cartservice-578c7dc78d-kp4xd,1739270986,86020096
cartservice,cartservice-578c7dc78d-kp4xd,1739271286,84271104
cartservice,cartservice-578c7dc78d-kp4xd,1739271586,86700032
cartservice,cartservice-578c7dc78d-kp4xd,1739271886,87072768
cartservice,cartservice-578c7dc78d-kp4xd,1739272186,86491136
cartservice,cartservice-578c7dc78d-kp4xd,1739272486,220127232
cartservice,cartservice-578c7dc78d-kp4xd,1739272786,91058176
cartservice,cartservice-578c7dc78d-kp4xd,1739273086,90378240
cartservice,cartservice-578c7dc78d-kp4xd,1739273386,211009536
cartservice,cartservice-578c7dc78d-kp4xd,1739273686,88739840
cartservice,cartservice-578c7dc78d-kp4xd,1739273986,90238976
cartservice,cartservice-578c7dc78d-kp4xd,1739274286,214388736
cartservice,cartservice-578c7dc78d-kp4xd,1739274586,225701888
cartservice,cartservice-578c7dc78d-kp4xd,1739274886,160436224
cartservice,cartservice-578c7dc78d-kp4xd,1739275186,92504064
cartservice,cartservice-578c7dc78d-kp4xd,1739275486,90345472
cartservice,cartservice-578c7dc78d-kp4xd,1739275786,90537984
cartservice,cartservice-578c7dc78d-kp4xd,1739276086,91635712
cartservice,cartservice-578c7dc78d-kp4xd,1739276386,91828224
cartservice,cartservice-578c7dc78d-kp4xd,1739276686,90505216
cartservice,cartservice-578c7dc78d-kp4xd,1739276986,90513408
cartservice,cartservice-578c7dc78d-kp4xd,1739277286,90832896
cartservice,cartservice-578c7dc78d-kp4xd,1739277586,90738688
cartservice,cartservice-578c7dc78d-kp4xd,1739277886,92459008
cartservice,cartservice-578c7dc78d-kp4xd,1739278186,92463104
cartservice,cartservice-578c7dc78d-kp4xd,1739278486,142856192
cartservice,cartservice-578c7dc78d-kp4xd,1739278786,91000832
cartservice,cartservice-578c7dc78d-kp4xd,1739279086,90910720
cartservice,cartservice-578c7dc78d-kp4xd,1739279386,220483584
cartservice,cartservice-578c7dc78d-kp4xd,1739279686,226455552
cartservice,cartservice-578c7dc78d-kp4xd,1739279986,208240640
cartservice,cartservice-578c7dc78d-kp4xd,1739280286,93413376
cartservice,cartservice-578c7dc78d-kp4xd,1739280586,91156480
cartservice,cartservice-578c7dc78d-kp4xd,1739280886,92880896
cartservice,cartservice-578c7dc78d-kp4xd,1739281186,91086848
cartservice,cartservice-578c7dc78d-kp4xd,1739281486,90324992
cartservice,cartservice-578c7dc78d-kp4xd,1739281786,90329088
cartservice,cartservice-578c7dc78d-kp4xd,1739282086,142548992
cartservice,cartservice-578c7dc78d-kp4xd,1739282386,90464256
cartservice,cartservice-578c7dc78d-kp4xd,1739282686,90996736
cartservice,cartservice-578c7dc78d-kp4xd,1739282986,91324416
cartservice,cartservice-578c7dc78d-kp4xd,1739283286,90472448
cartservice,cartservice-578c7dc78d-kp4xd,1739283586,92282880
cartservice,cartservice-578c7dc78d-kp4xd,1739283886,142954496
cartservice,cartservice-578c7dc78d-kp4xd,1739284186,91197440
cartservice,cartservice-578c7dc78d-kp4xd,1739284486,91049984
cartservice,cartservice-578c7dc78d-kp4xd,1739284786,90951680
cartservice,cartservice-578c7dc78d-kp4xd,1739285086,92364800
cartservice,cartservice-578c7dc78d-kp4xd,1739285386,90554368
vanilla-scaler,vanilla-scaler-7b968db4f-5shcf,1739226586,252186624
vanilla-scaler,vanilla-scaler-7b968db4f-5shcf,1739226886,252186624
vanilla-scaler,vanilla-scaler-7b968db4f-5shcf,1739227186,252186624
vanilla-scaler,vanilla-scaler-7b968db4f-5shcf,1739227486,252227584
vanilla-scaler,vanilla-scaler-7b968db4f-5shcf,1739227786,252235776
vanilla-scaler,vanilla-scaler-7b968db4f-5shcf,1739228086,252235776
vanilla-scaler,vanilla-scaler-7b968db4f-5shcf,1739228386,252211200
vanilla-scaler,vanilla-scaler-7b968db4f-5shcf,1739228686,252215296
vanilla-scaler,vanilla-scaler-7b968db4f-5shcf,1739228986,252215296
vanilla-scaler,vanilla-scaler-7b968db4f-5shcf,1739229286,252534784
vanilla-scaler,vanilla-scaler-7b968db4f-5shcf,1739229586,252420096
vanilla-scaler,vanilla-scaler-7b968db4f-5shcf,1739229886,252420096
vanilla-scaler,vanilla-scaler-7b968db4f-5shcf,1739230186,252297216
vanilla-scaler,vanilla-scaler-7b968db4f-5shcf,1739230486,252297216
vanilla-scaler,vanilla-scaler-7b968db4f-5shcf,1739230786,252301312
vanilla-scaler,vanilla-scaler-7b968db4f-5shcf,1739231086,254124032
vanilla-scaler,vanilla-scaler-7b968db4f-5shcf,1739231386,252203008
vanilla-scaler,vanilla-scaler-7b968db4f-5shcf,1739231686,252239872
vanilla-scaler,vanilla-scaler-7b968db4f-5shcf,1739231986,252256256
vanilla-scaler,vanilla-scaler-7b968db4f-5shcf,1739232286,252264448
vanilla-scaler,vanilla-scaler-7b968db4f-5shcf,1739232586,252264448
vanilla-scaler,vanilla-scaler-7b968db4f-5shcf,1739232886,252264448
vanilla-scaler,vanilla-scaler-7b968db4f-5shcf,1739233186,252370944
vanilla-scaler,vanilla-scaler-7b968db4f-5shcf,1739233486,252440576
vanilla-scaler,vanilla-scaler-7b968db4f-5shcf,1739233786,252452864
vanilla-scaler,vanilla-scaler-7b968db4f-5shcf,1739234086,252366848
vanilla-scaler,vanilla-scaler-7b968db4f-5shcf,1739234386,252334080
vanilla-scaler,vanilla-scaler-7b968db4f-5shcf,1739234686,252366848
vanilla-scaler,vanilla-scaler-7b968db4f-5shcf,1739234986,254173184
vanilla-scaler,vanilla-scaler-7b968db4f-5shcf,1739235286,252764160
vanilla-scaler,vanilla-scaler-7b968db4f-5shcf,1739235586,252522496
vanilla-scaler,vanilla-scaler-7b968db4f-5shcf,1739235886,252751872
vanilla-scaler,vanilla-scaler-7b968db4f-5shcf,1739236186,252809216
vanilla-scaler,vanilla-scaler-7b968db4f-5shcf,1739236486,252215296
vanilla-scaler,vanilla-scaler-7b968db4f-5shcf,1739236786,252461056
vanilla-scaler,vanilla-scaler-7b968db4f-5shcf,1739237086,252293120
vanilla-scaler,vanilla-scaler-7b968db4f-5shcf,1739237386,252309504
vanilla-scaler,vanilla-scaler-7b968db4f-5shcf,1739237686,252325888
vanilla-scaler,vanilla-scaler-7b968db4f-5shcf,1739237986,252334080
vanilla-scaler,vanilla-scaler-7b968db4f-5shcf,1739238286,252346368
vanilla-scaler,vanilla-scaler-7b968db4f-5shcf,1739238586,252497920
vanilla-scaler,vanilla-scaler-7b968db4f-5shcf,1739238886,252510208
vanilla-scaler,vanilla-scaler-7b968db4f-5shcf,1739239186,252854272
vanilla-scaler,vanilla-scaler-7b968db4f-5shcf,1739239486,252706816
vanilla-scaler,vanilla-scaler-7b968db4f-5shcf,1739239786,252710912
vanilla-scaler,vanilla-scaler-7b968db4f-5shcf,1739240086,252710912
vanilla-scaler,vanilla-scaler-7b968db4f-5shcf,1739240386,254779392
vanilla-scaler,vanilla-scaler-7b968db4f-5shcf,1739240686,252846080
vanilla-scaler,vanilla-scaler-7b968db4f-5shcf,1739240986,252874752
vanilla-scaler,vanilla-scaler-7b968db4f-5shcf,1739241286,252219392
vanilla-scaler,vanilla-scaler-7b968db4f-5shcf,1739241586,252219392
vanilla-scaler,vanilla-scaler-7b968db4f-5shcf,1739241886,252219392
vanilla-scaler,vanilla-scaler-7b968db4f-5shcf,1739242186,252260352
vanilla-scaler,vanilla-scaler-7b968db4f-5shcf,1739242486,252227584
vanilla-scaler,vanilla-scaler-7b968db4f-5shcf,1739242786,252411904
vanilla-scaler,vanilla-scaler-7b968db4f-5shcf,1739243086,252411904
vanilla-scaler,vanilla-scaler-7b968db4f-5shcf,1739243386,252411904
vanilla-scaler,vanilla-scaler-7b968db4f-5shcf,1739243686,252411904
vanilla-scaler,vanilla-scaler-7b968db4f-5shcf,1739243986,252760064
vanilla-scaler,vanilla-scaler-7b968db4f-5shcf,1739244286,252403712
vanilla-scaler,vanilla-scaler-7b968db4f-5shcf,1739244586,252403712
vanilla-scaler,vanilla-scaler-7b968db4f-5shcf,1739244886,252411904
vanilla-scaler,vanilla-scaler-7b968db4f-5shcf,1739245186,252411904
vanilla-scaler,vanilla-scaler-7b968db4f-5shcf,1739245486,254140416
vanilla-scaler,vanilla-scaler-7b968db4f-5shcf,1739245786,252686336
vanilla-scaler,vanilla-scaler-7b968db4f-5shcf,1739246086,253054976
vanilla-scaler,vanilla-scaler-7b968db4f-5shcf,1739246386,252239872
vanilla-scaler,vanilla-scaler-7b968db4f-5shcf,1739246686,252239872
vanilla-scaler,vanilla-scaler-7b968db4f-5shcf,1739246986,252239872
vanilla-scaler,vanilla-scaler-7b968db4f-5shcf,1739247286,252321792
vanilla-scaler,vanilla-scaler-7b968db4f-5shcf,1739247586,252518400
vanilla-scaler,vanilla-scaler-7b968db4f-5shcf,1739247886,252661760
vanilla-scaler,vanilla-scaler-7b968db4f-5shcf,1739248186,252690432
vanilla-scaler,vanilla-scaler-7b968db4f-5shcf,1739248486,252694528
vanilla-scaler,vanilla-scaler-7b968db4f-5shcf,1739248786,252882944
vanilla-scaler,vanilla-scaler-7b968db4f-5shcf,1739249086,252989440
vanilla-scaler,vanilla-scaler-7b968db4f-5shcf,1739249386,252997632
vanilla-scaler,vanilla-scaler-7b968db4f-5shcf,1739249686,253067264
vanilla-scaler,vanilla-scaler-7b968db4f-5shcf,1739249986,252923904
vanilla-scaler,vanilla-scaler-7b968db4f-5shcf,1739250286,252923904
vanilla-scaler,vanilla-scaler-7b968db4f-5shcf,1739250586,253132800
vanilla-scaler,vanilla-scaler-7b968db4f-5shcf,1739250886,253358080
vanilla-scaler,vanilla-scaler-7b968db4f-5shcf,1739251186,253124608
vanilla-scaler,vanilla-scaler-7b968db4f-5shcf,1739251486,253136896
vanilla-scaler,vanilla-scaler-7b968db4f-5shcf,1739251786,252252160
vanilla-scaler,vanilla-scaler-7b968db4f-5shcf,1739252086,252243968
vanilla-scaler,vanilla-scaler-7b968db4f-5shcf,1739252386,252243968
vanilla-scaler,vanilla-scaler-7b968db4f-5shcf,1739252686,252370944
vanilla-scaler,vanilla-scaler-7b968db4f-5shcf,1739252986,252407808
vanilla-scaler,vanilla-scaler-7b968db4f-5shcf,1739253286,252428288
vanilla-scaler,vanilla-scaler-7b968db4f-5shcf,1739253586,252305408
vanilla-scaler,vanilla-scaler-7b968db4f-5shcf,1739253886,252391424
vanilla-scaler,vanilla-scaler-7b968db4f-5shcf,1739254186,253964288
vanilla-scaler,vanilla-scaler-7b968db4f-5shcf,1739254486,252407808
vanilla-scaler,vanilla-scaler-7b968db4f-5shcf,1739254786,252407808
vanilla-scaler,vanilla-scaler-7b968db4f-5shcf,1739255086,252624896
vanilla-scaler,vanilla-scaler-7b968db4f-5shcf,1739255386,252559360
vanilla-scaler,vanilla-scaler-7b968db4f-5shcf,1739255686,252563456
vanilla-scaler,vanilla-scaler-7b968db4f-5shcf,1739255986,254066688
vanilla-scaler,vanilla-scaler-7b968db4f-5shcf,1739256286,252592128
vanilla-scaler,vanilla-scaler-7b968db4f-5shcf,1739256586,252694528
vanilla-scaler,vanilla-scaler-7b968db4f-5shcf,1739256886,252604416
vanilla-scaler,vanilla-scaler-7b968db4f-5shcf,1739257186,252256256
vanilla-scaler,vanilla-scaler-7b968db4f-5shcf,1739257486,252248064
vanilla-scaler,vanilla-scaler-7b968db4f-5shcf,1739257786,252280832
vanilla-scaler,vanilla-scaler-7b968db4f-5shcf,1739258086,252370944
vanilla-scaler,vanilla-scaler-7b968db4f-5shcf,1739258386,252354560
vanilla-scaler,vanilla-scaler-7b968db4f-5shcf,1739258686,252518400
vanilla-scaler,vanilla-scaler-7b968db4f-5shcf,1739258986,252444672
vanilla-scaler,vanilla-scaler-7b968db4f-5shcf,1739259286,252620800
vanilla-scaler,vanilla-scaler-7b968db4f-5shcf,1739259586,252346368
vanilla-scaler,vanilla-scaler-7b968db4f-5shcf,1739259886,252526592
vanilla-scaler,vanilla-scaler-7b968db4f-5shcf,1739260186,252542976
vanilla-scaler,vanilla-scaler-7b968db4f-5shcf,1739260486,252542976
vanilla-scaler,vanilla-scaler-7b968db4f-5shcf,1739260786,252542976
vanilla-scaler,vanilla-scaler-7b968db4f-5shcf,1739261086,252452864
vanilla-scaler,vanilla-scaler-7b968db4f-5shcf,1739261386,252493824
vanilla-scaler,vanilla-scaler-7b968db4f-5shcf,1739261686,254308352
vanilla-scaler,vanilla-scaler-7b968db4f-5shcf,1739261986,252485632
vanilla-scaler,vanilla-scaler-7b968db4f-5shcf,1739262286,252256256
vanilla-scaler,vanilla-scaler-7b968db4f-5shcf,1739262586,252256256
vanilla-scaler,vanilla-scaler-7b968db4f-5shcf,1739262886,252321792
vanilla-scaler,vanilla-scaler-7b968db4f-5shcf,1739263186,252321792
vanilla-scaler,vanilla-scaler-7b968db4f-5shcf,1739263486,252391424
vanilla-scaler,vanilla-scaler-7b968db4f-5shcf,1739263786,252354560
vanilla-scaler,vanilla-scaler-7b968db4f-5shcf,1739264086,252567552
vanilla-scaler,vanilla-scaler-7b968db4f-5shcf,1739264386,252592128
vanilla-scaler,vanilla-scaler-7b968db4f-5shcf,1739264686,252600320
vanilla-scaler,vanilla-scaler-7b968db4f-5shcf,1739264986,252526592
vanilla-scaler,vanilla-scaler-7b968db4f-5shcf,1739265286,252526592
vanilla-scaler,vanilla-scaler-7b968db4f-5shcf,1739265586,253063168
vanilla-scaler,vanilla-scaler-7b968db4f-5shcf,1739265886,252829696
vanilla-scaler,vanilla-scaler-7b968db4f-5shcf,1739266186,252866560
vanilla-scaler,vanilla-scaler-7b968db4f-5shcf,1739266486,252768256
vanilla-scaler,vanilla-scaler-7b968db4f-5shcf,1739266786,252649472
vanilla-scaler,vanilla-scaler-7b968db4f-5shcf,1739267086,254558208
vanilla-scaler,vanilla-scaler-7b968db4f-5shcf,1739267386,252727296
vanilla-scaler,vanilla-scaler-7b968db4f-5shcf,1739267686,252780544
vanilla-scaler,vanilla-scaler-7b968db4f-5shcf,1739267986,252268544
vanilla-scaler,vanilla-scaler-7b968db4f-5shcf,1739268286,252268544
vanilla-scaler,vanilla-scaler-7b968db4f-5shcf,1739268586,252268544
vanilla-scaler,vanilla-scaler-7b968db4f-5shcf,1739268886,252264448
vanilla-scaler,vanilla-scaler-7b968db4f-5shcf,1739269186,252411904
vanilla-scaler,vanilla-scaler-7b968db4f-5shcf,1739269486,252329984
vanilla-scaler,vanilla-scaler-7b968db4f-5shcf,1739269786,252329984
vanilla-scaler,vanilla-scaler-7b968db4f-5shcf,1739270086,252354560
vanilla-scaler,vanilla-scaler-7b968db4f-5shcf,1739270386,252354560
vanilla-scaler,vanilla-scaler-7b968db4f-5shcf,1739270686,252399616
vanilla-scaler,vanilla-scaler-7b968db4f-5shcf,1739270986,252502016
vanilla-scaler,vanilla-scaler-7b968db4f-5shcf,1739271286,252616704
vanilla-scaler,vanilla-scaler-7b968db4f-5shcf,1739271586,252375040
vanilla-scaler,vanilla-scaler-7b968db4f-5shcf,1739271886,252555264
vanilla-scaler,vanilla-scaler-7b968db4f-5shcf,1739272186,252555264
vanilla-scaler,vanilla-scaler-7b968db4f-5shcf,1739272486,252440576
vanilla-scaler,vanilla-scaler-7b968db4f-5shcf,1739272786,254177280
vanilla-scaler,vanilla-scaler-7b968db4f-5shcf,1739273086,252481536
vanilla-scaler,vanilla-scaler-7b968db4f-5shcf,1739273386,252592128
vanilla-scaler,vanilla-scaler-7b968db4f-5shcf,1739273686,252268544
vanilla-scaler,vanilla-scaler-7b968db4f-5shcf,1739273986,252391424
vanilla-scaler,vanilla-scaler-7b968db4f-5shcf,1739274286,252416000
vanilla-scaler,vanilla-scaler-7b968db4f-5shcf,1739274586,252600320
vanilla-scaler,vanilla-scaler-7b968db4f-5shcf,1739274886,252379136
vanilla-scaler,vanilla-scaler-7b968db4f-5shcf,1739275186,252506112
vanilla-scaler,vanilla-scaler-7b968db4f-5shcf,1739275486,252538880
vanilla-scaler,vanilla-scaler-7b968db4f-5shcf,1739275786,252538880
vanilla-scaler,vanilla-scaler-7b968db4f-5shcf,1739276086,252555264
vanilla-scaler,vanilla-scaler-7b968db4f-5shcf,1739276386,252547072
vanilla-scaler,vanilla-scaler-7b968db4f-5shcf,1739276686,252579840
vanilla-scaler,vanilla-scaler-7b968db4f-5shcf,1739276986,252588032
vanilla-scaler,vanilla-scaler-7b968db4f-5shcf,1739277286,252776448
vanilla-scaler,vanilla-scaler-7b968db4f-5shcf,1739277586,252780544
vanilla-scaler,vanilla-scaler-7b968db4f-5shcf,1739277886,254431232
vanilla-scaler,vanilla-scaler-7b968db4f-5shcf,1739278186,252686336
vanilla-scaler,vanilla-scaler-7b968db4f-5shcf,1739278486,252751872
vanilla-scaler,vanilla-scaler-7b968db4f-5shcf,1739278786,252751872
vanilla-scaler,vanilla-scaler-7b968db4f-5shcf,1739279086,252821504
vanilla-scaler,vanilla-scaler-7b968db4f-5shcf,1739279386,252678144
vanilla-scaler,vanilla-scaler-7b968db4f-5shcf,1739279686,252276736
vanilla-scaler,vanilla-scaler-7b968db4f-5shcf,1739279986,252440576
vanilla-scaler,vanilla-scaler-7b968db4f-5shcf,1739280286,252649472
vanilla-scaler,vanilla-scaler-7b968db4f-5shcf,1739280586,252502016
vanilla-scaler,vanilla-scaler-7b968db4f-5shcf,1739280886,252534784
vanilla-scaler,vanilla-scaler-7b968db4f-5shcf,1739281186,252555264
vanilla-scaler,vanilla-scaler-7b968db4f-5shcf,1739281486,252555264
vanilla-scaler,vanilla-scaler-7b968db4f-5shcf,1739281786,254103552
vanilla-scaler,vanilla-scaler-7b968db4f-5shcf,1739282086,252682240
vanilla-scaler,vanilla-scaler-7b968db4f-5shcf,1739282386,252870656
vanilla-scaler,vanilla-scaler-7b968db4f-5shcf,1739282686,252727296
vanilla-scaler,vanilla-scaler-7b968db4f-5shcf,1739282986,253042688
vanilla-scaler,vanilla-scaler-7b968db4f-5shcf,1739283286,252821504
vanilla-scaler,vanilla-scaler-7b968db4f-5shcf,1739283586,254545920
vanilla-scaler,vanilla-scaler-7b968db4f-5shcf,1739283886,252801024
vanilla-scaler,vanilla-scaler-7b968db4f-5shcf,1739284186,252833792
vanilla-scaler,vanilla-scaler-7b968db4f-5shcf,1739284486,252833792
vanilla-scaler,vanilla-scaler-7b968db4f-5shcf,1739284786,252833792
vanilla-scaler,vanilla-scaler-7b968db4f-5shcf,1739285086,252882944
vanilla-scaler,vanilla-scaler-7b968db4f-5shcf,1739285386,252276736
vanilla-scaler,vanilla-scaler-7b968db4f-5shcf,1739285686,252276736
vanilla-scaler,vanilla-scaler-7b968db4f-5shcf,1739285986,252276736
vanilla-scaler,vanilla-scaler-7b968db4f-5shcf,1739286286,252284928
vanilla-scaler,vanilla-scaler-7b968db4f-5shcf,1739286586,252301312
vanilla-scaler,vanilla-scaler-7b968db4f-5shcf,1739286886,252301312
vanilla-scaler,vanilla-scaler-7b968db4f-5shcf,1739287186,252289024
vanilla-scaler,vanilla-scaler-7b968db4f-5shcf,1739287486,254103552
vanilla-scaler,vanilla-scaler-7b968db4f-5shcf,1739287786,292089856
vanilla-scaler,vanilla-scaler-7b968db4f-5shcf,1739288086,464150528
vanilla-scaler,vanilla-scaler-7b968db4f-5shcf,1739288386,464019456
vanilla-scaler,vanilla-scaler-7b968db4f-5shcf,1739288686,464027648
vanilla-scaler,vanilla-scaler-7b968db4f-5shcf,1739288986,464035840
vanilla-scaler,vanilla-scaler-7b968db4f-5shcf,1739289286,464052224
vanilla-scaler,vanilla-scaler-7b968db4f-5shcf,1739289586,464052224
vanilla-scaler,vanilla-scaler-7b968db4f-5shcf,1739289886,467091456
vanilla-scaler,vanilla-scaler-7b968db4f-5shcf,1739290186,467095552
vanilla-scaler,vanilla-scaler-7b968db4f-5shcf,1739290486,467091456
vanilla-scaler,vanilla-scaler-7b968db4f-5shcf,1739290786,467099648
vanilla-scaler,vanilla-scaler-7b968db4f-5shcf,1739291086,467103744
vanilla-scaler,vanilla-scaler-7b968db4f-5shcf,1739291386,467099648
vanilla-scaler,vanilla-scaler-7b968db4f-5shcf,1739291686,467656704
vanilla-scaler,vanilla-scaler-7b968db4f-5shcf,1739291986,467783680
vanilla-scaler,vanilla-scaler-7b968db4f-5shcf,1739292286,467632128
vanilla-scaler,vanilla-scaler-7b968db4f-5shcf,1739292586,467648512
vanilla-scaler,vanilla-scaler-7b968db4f-5shcf,1739292886,467783680
vanilla-scaler,vanilla-scaler-7b968db4f-5shcf,1739293186,467861504
vanilla-scaler,vanilla-scaler-7b968db4f-5shcf,1739293486,468455424
vanilla-scaler,vanilla-scaler-7b968db4f-5shcf,1739293786,467828736
vanilla-scaler,vanilla-scaler-7b968db4f-5shcf,1739294086,467607552
vanilla-scaler,vanilla-scaler-7b968db4f-5shcf,1739294386,467607552
vanilla-scaler,vanilla-scaler-7b968db4f-5shcf,1739294686,467628032
vanilla-scaler,vanilla-scaler-7b968db4f-5shcf,1739294986,467623936
vanilla-scaler,vanilla-scaler-7b968db4f-5shcf,1739295286,467636224
vanilla-scaler,vanilla-scaler-7b968db4f-5shcf,1739295586,467640320
vanilla-scaler,vanilla-scaler-7b968db4f-5shcf,1739295886,467656704
vanilla-scaler,vanilla-scaler-7b968db4f-5shcf,1739296186,467714048
vanilla-scaler,vanilla-scaler-7b968db4f-5shcf,1739296486,467726336
vanilla-scaler,vanilla-scaler-7b968db4f-5shcf,1739296786,467730432
vanilla-scaler,vanilla-scaler-7b968db4f-5shcf,1739297086,467873792
vanilla-scaler,vanilla-scaler-7b968db4f-5shcf,1739297386,467931136
vanilla-scaler,vanilla-scaler-7b968db4f-5shcf,1739297686,468008960
vanilla-scaler,vanilla-scaler-7b968db4f-5shcf,1739297986,468103168
vanilla-scaler,vanilla-scaler-7b968db4f-5shcf,1739298286,468107264
vanilla-scaler,vanilla-scaler-7b968db4f-5shcf,1739298586,468111360
vanilla-scaler,vanilla-scaler-7b968db4f-5shcf,1739298886,467668992
vanilla-scaler,vanilla-scaler-7b968db4f-5shcf,1739299186,467668992
vanilla-scaler,vanilla-scaler-7b968db4f-5shcf,1739299486,467677184
vanilla-scaler,vanilla-scaler-7b968db4f-5shcf,1739299786,467685376
vanilla-scaler,vanilla-scaler-7b968db4f-5shcf,1739300086,467681280
vanilla-scaler,vanilla-scaler-7b968db4f-5shcf,1739300386,467681280
vanilla-scaler,vanilla-scaler-7b968db4f-5shcf,1739300686,469286912
vanilla-scaler,vanilla-scaler-7b968db4f-5shcf,1739300986,467963904
vanilla-scaler,vanilla-scaler-7b968db4f-5shcf,1739301286,468156416
vanilla-scaler,vanilla-scaler-7b968db4f-5shcf,1739301586,468168704
vanilla-scaler,vanilla-scaler-7b968db4f-5shcf,1739301886,468144128
vanilla-scaler,vanilla-scaler-7b968db4f-5shcf,1739302186,468156416
vanilla-scaler,vanilla-scaler-7b968db4f-5shcf,1739302486,469999616
vanilla-scaler,vanilla-scaler-7b968db4f-5shcf,1739302786,468553728
vanilla-scaler,vanilla-scaler-7b968db4f-5shcf,1739303086,468574208
vanilla-scaler,vanilla-scaler-7b968db4f-5shcf,1739303386,467714048
vanilla-scaler,vanilla-scaler-7b968db4f-5shcf,1739303686,467714048
vanilla-scaler,vanilla-scaler-7b968db4f-5shcf,1739303986,467714048
vanilla-scaler,vanilla-scaler-7b968db4f-5shcf,1739304286,467714048
vanilla-scaler,vanilla-scaler-7b968db4f-5shcf,1739304586,467726336
vanilla-scaler,vanilla-scaler-7b968db4f-5shcf,1739304886,467722240
vanilla-scaler,vanilla-scaler-7b968db4f-5shcf,1739305186,467726336
vanilla-scaler,vanilla-scaler-7b968db4f-5shcf,1739305486,467730432
vanilla-scaler,vanilla-scaler-7b968db4f-5shcf,1739305786,467730432
vanilla-scaler,vanilla-scaler-7b968db4f-5shcf,1739306086,467738624
vanilla-scaler,vanilla-scaler-7b968db4f-5shcf,1739306386,467828736
vanilla-scaler,vanilla-scaler-7b968db4f-5shcf,1739306686,467832832
vanilla-scaler,vanilla-scaler-7b968db4f-5shcf,1739306986,467828736
vanilla-scaler,vanilla-scaler-7b968db4f-5shcf,1739307286,467828736
vanilla-scaler,vanilla-scaler-7b968db4f-5shcf,1739307586,467832832
vanilla-scaler,vanilla-scaler-7b968db4f-5shcf,1739307886,467742720
vanilla-scaler,vanilla-scaler-7b968db4f-5shcf,1739308186,467812352
vanilla-scaler,vanilla-scaler-7b968db4f-5shcf,1739308486,467902464
vanilla-scaler,vanilla-scaler-7b968db4f-5shcf,1739308786,467902464
vanilla-scaler,vanilla-scaler-7b968db4f-5shcf,1739309086,468119552
vanilla-scaler,vanilla-scaler-7b968db4f-5shcf,1739309386,468045824
vanilla-scaler,vanilla-scaler-7b968db4f-5shcf,1739309686,468205568
vanilla-scaler,vanilla-scaler-7b968db4f-5shcf,1739309986,468611072
vanilla-scaler,vanilla-scaler-7b968db4f-5shcf,1739310286,468611072
vanilla-scaler,vanilla-scaler-7b968db4f-5shcf,1739310586,468627456
vanilla-scaler,vanilla-scaler-7b968db4f-5shcf,1739310886,468635648
vanilla-scaler,vanilla-scaler-7b968db4f-5shcf,1739311186,468529152
vanilla-scaler,vanilla-scaler-7b968db4f-5shcf,1739311486,468533248
vanilla-scaler,vanilla-scaler-7b968db4f-5shcf,1739311786,468738048
vanilla-scaler,vanilla-scaler-7b968db4f-5shcf,1739312086,467787776
vanilla-scaler,vanilla-scaler-7b968db4f-5shcf,1739312386,467787776
vanilla-scaler,vanilla-scaler-7b968db4f-5shcf,1739312686,467783680
vanilla-scaler,vanilla-scaler-7b968db4f-5shcf,1739312986,467787776
vanilla-scaler,vanilla-scaler-7b968db4f-5shcf,1739313286,467791872
vanilla-scaler,vanilla-scaler-7b968db4f-5shcf,1739313586,467841024
vanilla-scaler,vanilla-scaler-7b968db4f-5shcf,1739313886,467849216
vanilla-scaler,vanilla-scaler-7b968db4f-5shcf,1739314186,467849216
vanilla-scaler,vanilla-scaler-7b968db4f-5shcf,1739314486,467857408
vanilla-scaler,vanilla-scaler-7b968db4f-5shcf,1739314786,467857408
vanilla-scaler,vanilla-scaler-7b968db4f-5shcf,1739315086,467816448
vanilla-scaler,vanilla-scaler-7b968db4f-5shcf,1739315386,469037056
vanilla-scaler,vanilla-scaler-7b968db4f-5shcf,1739315686,468029440
vanilla-scaler,vanilla-scaler-7b968db4f-5shcf,1739315986,467877888
vanilla-scaler,vanilla-scaler-7b968db4f-5shcf,1739316286,467820544
vanilla-scaler,vanilla-scaler-7b968db4f-5shcf,1739316586,467824640
vanilla-scaler,vanilla-scaler-7b968db4f-5shcf,1739316886,467824640
vanilla-scaler,vanilla-scaler-7b968db4f-5shcf,1739317186,467824640
vanilla-scaler,vanilla-scaler-7b968db4f-5shcf,1739317486,467824640
vanilla-scaler,vanilla-scaler-7b968db4f-5shcf,1739317786,467828736
vanilla-scaler,vanilla-scaler-7b968db4f-5shcf,1739318086,467824640
vanilla-scaler,vanilla-scaler-7b968db4f-5shcf,1739318386,467857408
vanilla-scaler,vanilla-scaler-7b968db4f-5shcf,1739318686,467857408
vanilla-scaler,vanilla-scaler-7b968db4f-5shcf,1739318986,467857408
vanilla-scaler,vanilla-scaler-7b968db4f-5shcf,1739319286,467939328
vanilla-scaler,vanilla-scaler-7b968db4f-5shcf,1739319586,467980288
vanilla-scaler,vanilla-scaler-7b968db4f-5shcf,1739319886,467984384
vanilla-scaler,vanilla-scaler-7b968db4f-5shcf,1739320186,468103168
vanilla-scaler,vanilla-scaler-7b968db4f-5shcf,1739320486,467828736
vanilla-scaler,vanilla-scaler-7b968db4f-5shcf,1739320786,467828736
vanilla-scaler,vanilla-scaler-7b968db4f-5shcf,1739321086,467828736
vanilla-scaler,vanilla-scaler-7b968db4f-5shcf,1739321386,467828736
vanilla-scaler,vanilla-scaler-7b968db4f-5shcf,1739321686,467828736
vanilla-scaler,vanilla-scaler-7b968db4f-5shcf,1739321986,467836928
vanilla-scaler,vanilla-scaler-7b968db4f-5shcf,1739322286,467836928
vanilla-scaler,vanilla-scaler-7b968db4f-5shcf,1739322586,467841024
vanilla-scaler,vanilla-scaler-7b968db4f-5shcf,1739322886,468021248
vanilla-scaler,vanilla-scaler-7b968db4f-5shcf,1739323186,468021248
vanilla-scaler,vanilla-scaler-7b968db4f-5shcf,1739323486,468025344
vanilla-scaler,vanilla-scaler-7b968db4f-5shcf,1739323786,468025344
vanilla-scaler,vanilla-scaler-7b968db4f-5shcf,1739324086,468025344
vanilla-scaler,vanilla-scaler-7b968db4f-5shcf,1739324386,469688320
vanilla-scaler,vanilla-scaler-7b968db4f-5shcf,1739324686,468111360
vanilla-scaler,vanilla-scaler-7b968db4f-5shcf,1739324986,467849216
vanilla-scaler,vanilla-scaler-7b968db4f-5shcf,1739325286,467845120
vanilla-scaler,vanilla-scaler-7b968db4f-5shcf,1739325586,467849216
vanilla-scaler,vanilla-scaler-7b968db4f-5shcf,1739325886,467845120
vanilla-scaler,vanilla-scaler-7b968db4f-5shcf,1739326186,467906560
vanilla-scaler,vanilla-scaler-7b968db4f-5shcf,1739326486,467865600
vanilla-scaler,vanilla-scaler-7b968db4f-5shcf,1739326786,467869696
vanilla-scaler,vanilla-scaler-7b968db4f-5shcf,1739327086,467869696
vanilla-scaler,vanilla-scaler-7b968db4f-5shcf,1739327386,467914752
vanilla-scaler,vanilla-scaler-7b968db4f-5shcf,1739327686,467992576
vanilla-scaler,vanilla-scaler-7b968db4f-5shcf,1739327986,467996672
vanilla-scaler,vanilla-scaler-7b968db4f-5shcf,1739328286,468140032
vanilla-scaler,vanilla-scaler-7b968db4f-5shcf,1739328586,468258816
vanilla-scaler,vanilla-scaler-7b968db4f-5shcf,1739328886,468307968
vanilla-scaler,vanilla-scaler-7b968db4f-5shcf,1739329186,468381696
vanilla-scaler,vanilla-scaler-7b968db4f-5shcf,1739329486,467877888
vanilla-scaler,vanilla-scaler-7b968db4f-5shcf,1739329786,467881984
vanilla-scaler,vanilla-scaler-7b968db4f-5shcf,1739330086,467881984
vanilla-scaler,vanilla-scaler-7b968db4f-5shcf,1739330386,467881984
vanilla-scaler,vanilla-scaler-7b968db4f-5shcf,1739330686,467881984
vanilla-scaler,vanilla-scaler-7b968db4f-5shcf,1739330986,467894272
vanilla-scaler,vanilla-scaler-7b968db4f-5shcf,1739331286,472113152
vanilla-scaler,vanilla-scaler-7b968db4f-5shcf,1739331586,470384640
vanilla-scaler,vanilla-scaler-7b968db4f-5shcf,1739331886,470552576
vanilla-scaler,vanilla-scaler-7b968db4f-5shcf,1739332186,470396928
vanilla-scaler,vanilla-scaler-7b968db4f-5shcf,1739332486,470392832
vanilla-scaler,vanilla-scaler-7b968db4f-5shcf,1739332786,470392832
vanilla-scaler,vanilla-scaler-7b968db4f-5shcf,1739333086,470388736
vanilla-scaler,vanilla-scaler-7b968db4f-5shcf,1739333386,470388736
vanilla-scaler,vanilla-scaler-7b968db4f-5shcf,1739333686,470958080
vanilla-scaler,vanilla-scaler-7b968db4f-5shcf,1739333986,470482944
vanilla-scaler,vanilla-scaler-7b968db4f-5shcf,1739334286,470036480
vanilla-scaler,vanilla-scaler-7b968db4f-5shcf,1739334586,470036480
vanilla-scaler,vanilla-scaler-7b968db4f-5shcf,1739334886,470126592
vanilla-scaler,vanilla-scaler-7b968db4f-5shcf,1739335186,470126592
vanilla-scaler,vanilla-scaler-7b968db4f-5shcf,1739335486,470228992
vanilla-scaler,vanilla-scaler-7b968db4f-5shcf,1739335786,470110208
vanilla-scaler,vanilla-scaler-7b968db4f-5shcf,1739336086,470110208
vanilla-scaler,vanilla-scaler-7b968db4f-5shcf,1739336386,470110208
vanilla-scaler,vanilla-scaler-7b968db4f-5shcf,1739336686,470110208
vanilla-scaler,vanilla-scaler-7b968db4f-5shcf,1739336986,470183936
vanilla-scaler,vanilla-scaler-7b968db4f-5shcf,1739337286,470138880
vanilla-scaler,vanilla-scaler-7b968db4f-5shcf,1739337586,470110208
vanilla-scaler,vanilla-scaler-7b968db4f-5shcf,1739337886,470130688
vanilla-scaler,vanilla-scaler-7b968db4f-5shcf,1739338186,470126592
vanilla-scaler,vanilla-scaler-7b968db4f-5shcf,1739338486,470126592
vanilla-scaler,vanilla-scaler-7b968db4f-5shcf,1739338786,470048768
vanilla-scaler,vanilla-scaler-7b968db4f-5shcf,1739339086,470048768
vanilla-scaler,vanilla-scaler-7b968db4f-5shcf,1739339386,470163456
vanilla-scaler,vanilla-scaler-7b968db4f-5shcf,1739339686,470163456
vanilla-scaler,vanilla-scaler-7b968db4f-5shcf,1739339986,470167552
vanilla-scaler,vanilla-scaler-7b968db4f-5shcf,1739340286,470216704
vanilla-scaler,vanilla-scaler-7b968db4f-5shcf,1739340586,470302720
vanilla-scaler,vanilla-scaler-7b968db4f-5shcf,1739340886,471867392
vanilla-scaler,vanilla-scaler-7b968db4f-5shcf,1739341186,470163456
vanilla-scaler,vanilla-scaler-7b968db4f-5shcf,1739341486,470478848
vanilla-scaler,vanilla-scaler-7b968db4f-5shcf,1739341786,470355968
vanilla-scaler,vanilla-scaler-7b968db4f-5shcf,1739342086,470355968
vanilla-scaler,vanilla-scaler-7b968db4f-5shcf,1739342386,470360064
vanilla-scaler,vanilla-scaler-7b968db4f-5shcf,1739342686,470364160
vanilla-scaler,vanilla-scaler-7b968db4f-5shcf,1739342986,472367104
vanilla-scaler,vanilla-scaler-7b968db4f-5shcf,1739343286,470859776
vanilla-scaler,vanilla-scaler-7b968db4f-5shcf,1739343586,470904832
vanilla-scaler,vanilla-scaler-7b968db4f-5shcf,1739343886,470077440
vanilla-scaler,vanilla-scaler-7b968db4f-5shcf,1739344186,470077440
vanilla-scaler,vanilla-scaler-7b968db4f-5shcf,1739344486,470081536
vanilla-scaler,vanilla-scaler-7b968db4f-5shcf,1739344786,470081536
vanilla-scaler,vanilla-scaler-7b968db4f-5shcf,1739345086,470310912
vanilla-scaler,vanilla-scaler-7b968db4f-5shcf,1739345386,470446080
vanilla-scaler,vanilla-scaler-7b968db4f-5shcf,1739345686,470515712
vanilla-scaler,vanilla-scaler-7b968db4f-5shcf,1739345986,470515712
vanilla-scaler,vanilla-scaler-7b968db4f-5shcf,1739346286,470593536
vanilla-scaler,vanilla-scaler-7b968db4f-5shcf,1739346586,470462464
vanilla-scaler,vanilla-scaler-7b968db4f-5shcf,1739346886,472313856
vanilla-scaler,vanilla-scaler-7b968db4f-5shcf,1739347186,471150592
vanilla-scaler,vanilla-scaler-7b968db4f-5shcf,1739347486,470708224
vanilla-scaler,vanilla-scaler-7b968db4f-5shcf,1739347786,470822912
vanilla-scaler,vanilla-scaler-7b968db4f-5shcf,1739348086,470843392
vanilla-scaler,vanilla-scaler-7b968db4f-5shcf,1739348386,470827008
vanilla-scaler,vanilla-scaler-7b968db4f-5shcf,1739348686,470818816
vanilla-scaler,vanilla-scaler-7b968db4f-5shcf,1739348986,470138880
vanilla-scaler,vanilla-scaler-7b968db4f-5shcf,1739349286,470147072
vanilla-scaler,vanilla-scaler-7b968db4f-5shcf,1739349586,470155264
vanilla-scaler,vanilla-scaler-7b968db4f-5shcf,1739349886,470159360
vanilla-scaler,vanilla-scaler-7b968db4f-5shcf,1739350186,470155264
vanilla-scaler,vanilla-scaler-7b968db4f-5shcf,1739350486,470167552
vanilla-scaler,vanilla-scaler-7b968db4f-5shcf,1739350786,470171648
vanilla-scaler,vanilla-scaler-7b968db4f-5shcf,1739351086,470196224
vanilla-scaler,vanilla-scaler-7b968db4f-5shcf,1739351386,470237184
vanilla-scaler,vanilla-scaler-7b968db4f-5shcf,1739351686,470237184
vanilla-scaler,vanilla-scaler-7b968db4f-5shcf,1739351986,471580672
vanilla-scaler,vanilla-scaler-7b968db4f-5shcf,1739352286,470315008
vanilla-scaler,vanilla-scaler-7b968db4f-5shcf,1739352586,470323200
vanilla-scaler,vanilla-scaler-7b968db4f-5shcf,1739352886,470323200
vanilla-scaler,vanilla-scaler-7b968db4f-5shcf,1739353186,469172224
vanilla-scaler,vanilla-scaler-7b968db4f-5shcf,1739353486,463474688
vanilla-scaler,vanilla-scaler-7b968db4f-5shcf,1739353786,446001152
vanilla-scaler,vanilla-scaler-7b968db4f-5shcf,1739354086,444727296
vanilla-scaler,vanilla-scaler-7b968db4f-5shcf,1739354386,439713792
vanilla-scaler,vanilla-scaler-7b968db4f-5shcf,1739354686,439709696
vanilla-scaler,vanilla-scaler-7b968db4f-5shcf,1739354986,429416448
vanilla-scaler,vanilla-scaler-7b968db4f-5shcf,1739355286,426348544
vanilla-scaler,vanilla-scaler-7b968db4f-5shcf,1739355586,420995072
vanilla-scaler,vanilla-scaler-7b968db4f-5shcf,1739355886,422113280
vanilla-scaler,vanilla-scaler-7b968db4f-5shcf,1739356186,421314560
vanilla-scaler,vanilla-scaler-7b968db4f-5shcf,1739356486,421314560
vanilla-scaler,vanilla-scaler-7b968db4f-5shcf,1739356786,421314560
vanilla-scaler,vanilla-scaler-7b968db4f-5shcf,1739357086,421314560
vanilla-scaler,vanilla-scaler-7b968db4f-5shcf,1739357386,421318656
vanilla-scaler,vanilla-scaler-7b968db4f-5shcf,1739357686,422019072
vanilla-scaler,vanilla-scaler-7b968db4f-5shcf,1739357986,421265408
vanilla-scaler,vanilla-scaler-7b968db4f-5shcf,1739358286,421265408
vanilla-scaler,vanilla-scaler-7b968db4f-5shcf,1739358586,421265408
vanilla-scaler,vanilla-scaler-7b968db4f-5shcf,1739358886,420974592
vanilla-scaler,vanilla-scaler-7b968db4f-5shcf,1739359186,420970496
vanilla-scaler,vanilla-scaler-7b968db4f-5shcf,1739359486,421105664
vanilla-scaler,vanilla-scaler-7b968db4f-5shcf,1739359786,419102720
vanilla-scaler,vanilla-scaler-7b968db4f-5shcf,1739360086,415662080
vanilla-scaler,vanilla-scaler-7b968db4f-5shcf,1739360386,415817728
vanilla-scaler,vanilla-scaler-7b968db4f-5shcf,1739360686,415559680
vanilla-scaler,vanilla-scaler-7b968db4f-5shcf,1739360986,415600640
vanilla-scaler,vanilla-scaler-7b968db4f-5shcf,1739361286,417009664
vanilla-scaler,vanilla-scaler-7b968db4f-5shcf,1739361586,415809536
vanilla-scaler,vanilla-scaler-7b968db4f-5shcf,1739361886,415809536
vanilla-scaler,vanilla-scaler-7b968db4f-5shcf,1739362186,415809536
vanilla-scaler,vanilla-scaler-7b968db4f-5shcf,1739362486,415649792
vanilla-scaler,vanilla-scaler-7b968db4f-5shcf,1739362786,415731712
vanilla-scaler,vanilla-scaler-7b968db4f-5shcf,1739363086,417570816
vanilla-scaler,vanilla-scaler-7b968db4f-5shcf,1739363386,416161792
vanilla-scaler,vanilla-scaler-7b968db4f-5shcf,1739363686,416026624
vanilla-scaler,vanilla-scaler-7b968db4f-5shcf,1739363986,405188608
vanilla-scaler,vanilla-scaler-7b968db4f-5shcf,1739364286,398225408
vanilla-scaler,vanilla-scaler-7b968db4f-5shcf,1739364586,398233600
vanilla-scaler,vanilla-scaler-7b968db4f-5shcf,1739364886,398262272
vanilla-scaler,vanilla-scaler-7b968db4f-5shcf,1739365186,397660160
vanilla-scaler,vanilla-scaler-7b968db4f-5shcf,1739365486,397672448
vanilla-scaler,vanilla-scaler-7b968db4f-5shcf,1739365786,397406208
vanilla-scaler,vanilla-scaler-7b968db4f-5shcf,1739366086,395132928
vanilla-scaler,vanilla-scaler-7b968db4f-5shcf,1739366386,395132928
vanilla-scaler,vanilla-scaler-7b968db4f-5shcf,1739366686,397443072
vanilla-scaler,vanilla-scaler-7b968db4f-5shcf,1739366986,395198464
vanilla-scaler,vanilla-scaler-7b968db4f-5shcf,1739367286,395485184
vanilla-scaler,vanilla-scaler-7b968db4f-5shcf,1739367586,395374592
vanilla-scaler,vanilla-scaler-7b968db4f-5shcf,1739367886,395407360
vanilla-scaler,vanilla-scaler-7b968db4f-5shcf,1739368186,395517952
vanilla-scaler,vanilla-scaler-7b968db4f-5shcf,1739368486,395587584
vanilla-scaler,vanilla-scaler-7b968db4f-5shcf,1739368786,395706368
vanilla-scaler,vanilla-scaler-7b968db4f-5shcf,1739369086,395735040
vanilla-scaler,vanilla-scaler-7b968db4f-5shcf,1739369386,394788864
vanilla-scaler,vanilla-scaler-7b968db4f-5shcf,1739369686,394788864
vanilla-scaler,vanilla-scaler-7b968db4f-5shcf,1739369986,394792960
vanilla-scaler,vanilla-scaler-7b968db4f-5shcf,1739370286,394792960
vanilla-scaler,vanilla-scaler-7b968db4f-5shcf,1739370586,394801152
vanilla-scaler,vanilla-scaler-7b968db4f-5shcf,1739370886,349364224
vanilla-scaler,vanilla-scaler-7b968db4f-5shcf,1739371186,347906048
vanilla-scaler,vanilla-scaler-7b968db4f-5shcf,1739371486,347906048
vanilla-scaler,vanilla-scaler-7b968db4f-5shcf,1739371786,344604672
vanilla-scaler,vanilla-scaler-7b968db4f-5shcf,1739372086,344748032
vanilla-scaler,vanilla-scaler-7b968db4f-5shcf,1739372386,344748032
vanilla-scaler,vanilla-scaler-7b968db4f-5shcf,1739372686,344748032
vanilla-scaler,vanilla-scaler-7b968db4f-5shcf,1739372986,344600576
vanilla-scaler,vanilla-scaler-7b968db4f-5shcf,1739373286,344604672
vanilla-scaler,vanilla-scaler-7b968db4f-5shcf,1739373586,344637440
vanilla-scaler,vanilla-scaler-7b968db4f-5shcf,1739373886,346394624
vanilla-scaler,vanilla-scaler-7b968db4f-5shcf,1739374186,344850432
vanilla-scaler,vanilla-scaler-7b968db4f-5shcf,1739374486,346935296
vanilla-scaler,vanilla-scaler-7b968db4f-5shcf,1739374786,345059328
vanilla-scaler,vanilla-scaler-7b968db4f-5shcf,1739375086,343961600
vanilla-scaler,vanilla-scaler-7b968db4f-5shcf,1739375386,343314432
vanilla-scaler,vanilla-scaler-7b968db4f-5shcf,1739375686,337330176
vanilla-scaler,vanilla-scaler-7b968db4f-5shcf,1739375986,337240064
vanilla-scaler,vanilla-scaler-7b968db4f-5shcf,1739376286,337235968
vanilla-scaler,vanilla-scaler-7b968db4f-5shcf,1739376586,337305600
vanilla-scaler,vanilla-scaler-7b968db4f-5shcf,1739376886,337301504
vanilla-scaler,vanilla-scaler-7b968db4f-5shcf,1739377186,337305600
vanilla-scaler,vanilla-scaler-7b968db4f-5shcf,1739377486,337371136
vanilla-scaler,vanilla-scaler-7b968db4f-5shcf,1739377786,337936384
vanilla-scaler,vanilla-scaler-7b968db4f-5shcf,1739378086,337342464
vanilla-scaler,vanilla-scaler-7b968db4f-5shcf,1739378386,337399808
vanilla-scaler,vanilla-scaler-7b968db4f-5shcf,1739378686,331710464
vanilla-scaler,vanilla-scaler-7b968db4f-5shcf,1739378986,331821056
vanilla-scaler,vanilla-scaler-7b968db4f-5shcf,1739379286,331816960
vanilla-scaler,vanilla-scaler-7b968db4f-5shcf,1739379586,333307904
vanilla-scaler,vanilla-scaler-7b968db4f-5shcf,1739379886,331755520
vanilla-scaler,vanilla-scaler-7b968db4f-5shcf,1739380186,331780096
vanilla-scaler,vanilla-scaler-7b968db4f-5shcf,1739380486,331939840
vanilla-scaler,vanilla-scaler-7b968db4f-5shcf,1739380786,331550720
vanilla-scaler,vanilla-scaler-7b968db4f-5shcf,1739381086,331739136
vanilla-scaler,vanilla-scaler-7b968db4f-5shcf,1739381386,331751424
vanilla-scaler,vanilla-scaler-7b968db4f-5shcf,1739381686,329793536
vanilla-scaler,vanilla-scaler-7b968db4f-5shcf,1739381986,329871360
vanilla-scaler,vanilla-scaler-7b968db4f-5shcf,1739382286,329957376
vanilla-scaler,vanilla-scaler-7b968db4f-5shcf,1739382586,329945088
vanilla-scaler,vanilla-scaler-7b968db4f-5shcf,1739382886,329949184
vanilla-scaler,vanilla-scaler-7b968db4f-5shcf,1739383186,329867264
vanilla-scaler,vanilla-scaler-7b968db4f-5shcf,1739383486,329854976
vanilla-scaler,vanilla-scaler-7b968db4f-5shcf,1739383786,329814016
vanilla-scaler,vanilla-scaler-7b968db4f-5shcf,1739384086,329773056
vanilla-scaler,vanilla-scaler-7b968db4f-5shcf,1739384386,329773056
vanilla-scaler,vanilla-scaler-7b968db4f-5shcf,1739384686,326701056
vanilla-scaler,vanilla-scaler-7b968db4f-5shcf,1739384986,328617984
vanilla-scaler,vanilla-scaler-7b968db4f-5shcf,1739385286,317861888
vanilla-scaler,vanilla-scaler-7b968db4f-5shcf,1739385586,318033920
vanilla-scaler,vanilla-scaler-7b968db4f-5shcf,1739385886,318033920
vanilla-scaler,vanilla-scaler-7b968db4f-5shcf,1739386186,318050304
vanilla-scaler,vanilla-scaler-7b968db4f-5shcf,1739386486,317857792
vanilla-scaler,vanilla-scaler-7b968db4f-5shcf,1739386786,317538304
vanilla-scaler,vanilla-scaler-7b968db4f-5shcf,1739387086,373403648
vanilla-scaler,vanilla-scaler-7b968db4f-5shcf,1739387386,373424128
vanilla-scaler,vanilla-scaler-7b968db4f-5shcf,1739387686,373424128
vanilla-scaler,vanilla-scaler-7b968db4f-5shcf,1739387986,373477376
vanilla-scaler,vanilla-scaler-7b968db4f-5shcf,1739388286,374370304
vanilla-scaler,vanilla-scaler-7b968db4f-5shcf,1739388586,374411264
vanilla-scaler,vanilla-scaler-7b968db4f-5shcf,1739388886,376856576
vanilla-scaler,vanilla-scaler-7b968db4f-5shcf,1739389186,376750080
vanilla-scaler,vanilla-scaler-7b968db4f-5shcf,1739389486,376750080
vanilla-scaler,vanilla-scaler-7b968db4f-5shcf,1739389786,377266176
vanilla-scaler,vanilla-scaler-7b968db4f-5shcf,1739390086,377274368
vanilla-scaler,vanilla-scaler-7b968db4f-5shcf,1739390386,377274368
vanilla-scaler,vanilla-scaler-7b968db4f-5shcf,1739390686,377278464
vanilla-scaler,vanilla-scaler-7b968db4f-5shcf,1739390986,377683968
vanilla-scaler,vanilla-scaler-7b968db4f-5shcf,1739391286,377434112
vanilla-scaler,vanilla-scaler-7b968db4f-5shcf,1739391586,377425920
vanilla-scaler,vanilla-scaler-7b968db4f-5shcf,1739391886,377348096
vanilla-scaler,vanilla-scaler-7b968db4f-5shcf,1739392186,377794560
vanilla-scaler,vanilla-scaler-7b968db4f-5shcf,1739392486,377036800
vanilla-scaler,vanilla-scaler-7b968db4f-5shcf,1739392786,377040896
vanilla-scaler,vanilla-scaler-7b968db4f-5shcf,1739393086,377200640
vanilla-scaler,vanilla-scaler-7b968db4f-5shcf,1739393386,377307136
vanilla-scaler,vanilla-scaler-7b968db4f-5shcf,1739393686,377315328
vanilla-scaler,vanilla-scaler-7b968db4f-5shcf,1739393986,377200640
vanilla-scaler,vanilla-scaler-7b968db4f-5shcf,1739394286,379551744
vanilla-scaler,vanilla-scaler-7b968db4f-5shcf,1739394586,377597952
vanilla-scaler,vanilla-scaler-7b968db4f-5shcf,1739394886,377675776
vanilla-scaler,vanilla-scaler-7b968db4f-5shcf,1739395186,377552896
vanilla-scaler,vanilla-scaler-7b968db4f-5shcf,1739395486,377552896
vanilla-scaler,vanilla-scaler-7b968db4f-5shcf,1739395786,377569280
vanilla-scaler,vanilla-scaler-7b968db4f-5shcf,1739396086,379523072
vanilla-scaler,vanilla-scaler-7b968db4f-5shcf,1739396386,377565184
vanilla-scaler,vanilla-scaler-7b968db4f-5shcf,1739396686,377765888
vanilla-scaler,vanilla-scaler-7b968db4f-5shcf,1739396986,377094144
vanilla-scaler,vanilla-scaler-7b968db4f-5shcf,1739397286,377094144
vanilla-scaler,vanilla-scaler-7b968db4f-5shcf,1739397586,377094144
vanilla-scaler,vanilla-scaler-7b968db4f-5shcf,1739397886,377262080
vanilla-scaler,vanilla-scaler-7b968db4f-5shcf,1739398186,377176064
vanilla-scaler,vanilla-scaler-7b968db4f-5shcf,1739398486,377176064
vanilla-scaler,vanilla-scaler-7b968db4f-5shcf,1739398786,377278464
vanilla-scaler,vanilla-scaler-7b968db4f-5shcf,1739399086,377286656
vanilla-scaler,vanilla-scaler-7b968db4f-5shcf,1739399386,377294848
vanilla-scaler,vanilla-scaler-7b968db4f-5shcf,1739399686,377749504
vanilla-scaler,vanilla-scaler-7b968db4f-5shcf,1739399986,377491456
vanilla-scaler,vanilla-scaler-7b968db4f-5shcf,1739400286,377491456
vanilla-scaler,vanilla-scaler-7b968db4f-5shcf,1739400586,377700352
vanilla-scaler,vanilla-scaler-7b968db4f-5shcf,1739400886,377708544
vanilla-scaler,vanilla-scaler-7b968db4f-5shcf,1739401186,379211776
vanilla-scaler,vanilla-scaler-7b968db4f-5shcf,1739401486,377569280
vanilla-scaler,vanilla-scaler-7b968db4f-5shcf,1739401786,377483264
vanilla-scaler,vanilla-scaler-7b968db4f-5shcf,1739402086,377556992
vanilla-scaler,vanilla-scaler-7b968db4f-5shcf,1739402386,377131008
vanilla-scaler,vanilla-scaler-7b968db4f-5shcf,1739402686,377135104
vanilla-scaler,vanilla-scaler-7b968db4f-5shcf,1739402986,377139200
vanilla-scaler,vanilla-scaler-7b968db4f-5shcf,1739403286,377139200
vanilla-scaler,vanilla-scaler-7b968db4f-5shcf,1739403586,377241600
vanilla-scaler,vanilla-scaler-7b968db4f-5shcf,1739403886,377331712
vanilla-scaler,vanilla-scaler-7b968db4f-5shcf,1739404186,377360384
vanilla-scaler,vanilla-scaler-7b968db4f-5shcf,1739404486,377360384
vanilla-scaler,vanilla-scaler-7b968db4f-5shcf,1739404786,377360384
vanilla-scaler,vanilla-scaler-7b968db4f-5shcf,1739405086,379121664
vanilla-scaler,vanilla-scaler-7b968db4f-5shcf,1739405386,377503744
vanilla-scaler,vanilla-scaler-7b968db4f-5shcf,1739405686,377503744
vanilla-scaler,vanilla-scaler-7b968db4f-5shcf,1739405986,377503744
vanilla-scaler,vanilla-scaler-7b968db4f-5shcf,1739406286,377503744
vanilla-scaler,vanilla-scaler-7b968db4f-5shcf,1739406586,377503744
vanilla-scaler,vanilla-scaler-7b968db4f-5shcf,1739406886,379510784
vanilla-scaler,vanilla-scaler-7b968db4f-5shcf,1739407186,378105856
vanilla-scaler,vanilla-scaler-7b968db4f-5shcf,1739407486,377171968
vanilla-scaler,vanilla-scaler-7b968db4f-5shcf,1739407786,377171968
vanilla-scaler,vanilla-scaler-7b968db4f-5shcf,1739408086,377171968
vanilla-scaler,vanilla-scaler-7b968db4f-5shcf,1739408386,377176064
vanilla-scaler,vanilla-scaler-7b968db4f-5shcf,1739408686,377176064
vanilla-scaler,vanilla-scaler-7b968db4f-5shcf,1739408986,377274368
vanilla-scaler,vanilla-scaler-7b968db4f-5shcf,1739409286,377257984
vanilla-scaler,vanilla-scaler-7b968db4f-5shcf,1739409586,377274368
vanilla-scaler,vanilla-scaler-7b968db4f-5shcf,1739409886,377331712
vanilla-scaler,vanilla-scaler-7b968db4f-5shcf,1739410186,377376768
vanilla-scaler,vanilla-scaler-7b968db4f-5shcf,1739410486,377487360
vanilla-scaler,vanilla-scaler-7b968db4f-5shcf,1739410786,377917440
vanilla-scaler,vanilla-scaler-7b968db4f-5shcf,1739411086,377761792
vanilla-scaler,vanilla-scaler-7b968db4f-5shcf,1739411386,377610240
vanilla-scaler,vanilla-scaler-7b968db4f-5shcf,1739411686,377745408
vanilla-scaler,vanilla-scaler-7b968db4f-5shcf,1739411986,377835520
vanilla-scaler,vanilla-scaler-7b968db4f-5shcf,1739412286,377696256
vanilla-scaler,vanilla-scaler-7b968db4f-5shcf,1739412586,377196544
vanilla-scaler,vanilla-scaler-7b968db4f-5shcf,1739412886,377233408
vanilla-scaler,vanilla-scaler-7b968db4f-5shcf,1739413186,377409536
vanilla-scaler,vanilla-scaler-7b968db4f-5shcf,1739413486,377315328
vanilla-scaler,vanilla-scaler-7b968db4f-5shcf,1739413786,377364480
vanilla-scaler,vanilla-scaler-7b968db4f-5shcf,1739414086,377397248
vanilla-scaler,vanilla-scaler-7b968db4f-5shcf,1739414386,378445824
vanilla-scaler,vanilla-scaler-7b968db4f-5shcf,1739414686,377937920
vanilla-scaler,vanilla-scaler-7b968db4f-5shcf,1739414986,377675776
vanilla-scaler,vanilla-scaler-7b968db4f-5shcf,1739415286,377458688
vanilla-scaler,vanilla-scaler-7b968db4f-5shcf,1739415586,377475072
vanilla-scaler,vanilla-scaler-7b968db4f-5shcf,1739415886,377651200
vanilla-scaler,vanilla-scaler-7b968db4f-5shcf,1739416186,378265600
vanilla-scaler,vanilla-scaler-7b968db4f-5shcf,1739416486,377720832
vanilla-scaler,vanilla-scaler-7b968db4f-5shcf,1739416786,377720832
vanilla-scaler,vanilla-scaler-7b968db4f-5shcf,1739417086,377536512
vanilla-scaler,vanilla-scaler-7b968db4f-5shcf,1739417386,377606144
vanilla-scaler,vanilla-scaler-7b968db4f-5shcf,1739417686,377253888
vanilla-scaler,vanilla-scaler-7b968db4f-5shcf,1739417986,377262080
vanilla-scaler,vanilla-scaler-7b968db4f-5shcf,1739418286,377368576
vanilla-scaler,vanilla-scaler-7b968db4f-5shcf,1739418586,377376768
vanilla-scaler,vanilla-scaler-7b968db4f-5shcf,1739418886,377409536
vanilla-scaler,vanilla-scaler-7b968db4f-5shcf,1739419186,377417728
vanilla-scaler,vanilla-scaler-7b968db4f-5shcf,1739419486,378703872
vanilla-scaler,vanilla-scaler-7b968db4f-5shcf,1739419786,377446400
vanilla-scaler,vanilla-scaler-7b968db4f-5shcf,1739420086,377569280
vanilla-scaler,vanilla-scaler-7b968db4f-5shcf,1739420386,377532416
vanilla-scaler,vanilla-scaler-7b968db4f-5shcf,1739420686,377700352
vanilla-scaler,vanilla-scaler-7b968db4f-5shcf,1739420986,377466880
vanilla-scaler,vanilla-scaler-7b968db4f-5shcf,1739421286,378032128
vanilla-scaler,vanilla-scaler-7b968db4f-5shcf,1739421586,377741312
vanilla-scaler,vanilla-scaler-7b968db4f-5shcf,1739421886,377688064
vanilla-scaler,vanilla-scaler-7b968db4f-5shcf,1739422186,377692160
vanilla-scaler,vanilla-scaler-7b968db4f-5shcf,1739422486,377561088
vanilla-scaler,vanilla-scaler-7b968db4f-5shcf,1739422786,377278464
vanilla-scaler,vanilla-scaler-7b968db4f-5shcf,1739423086,377282560
vanilla-scaler,vanilla-scaler-7b968db4f-5shcf,1739423386,377282560
vanilla-scaler,vanilla-scaler-7b968db4f-5shcf,1739423686,377315328
vanilla-scaler,vanilla-scaler-7b968db4f-5shcf,1739423986,377487360
vanilla-scaler,vanilla-scaler-7b968db4f-5shcf,1739424286,377585664
vanilla-scaler,vanilla-scaler-7b968db4f-5shcf,1739424586,377671680
vanilla-scaler,vanilla-scaler-7b968db4f-5shcf,1739424886,378122240
vanilla-scaler,vanilla-scaler-7b968db4f-5shcf,1739425186,377917440
vanilla-scaler,vanilla-scaler-7b968db4f-5shcf,1739425486,377974784
vanilla-scaler,vanilla-scaler-7b968db4f-5shcf,1739425786,377987072
vanilla-scaler,vanilla-scaler-7b968db4f-5shcf,1739426086,378023936
vanilla-scaler,vanilla-scaler-7b968db4f-5shcf,1739426386,378023936
vanilla-scaler,vanilla-scaler-7b968db4f-5shcf,1739426686,377819136
vanilla-scaler,vanilla-scaler-7b968db4f-5shcf,1739426986,377974784
vanilla-scaler,vanilla-scaler-7b968db4f-5shcf,1739427286,377974784
vanilla-scaler,vanilla-scaler-7b968db4f-5shcf,1739427586,377987072
vanilla-scaler,vanilla-scaler-7b968db4f-5shcf,1739427886,377290752
vanilla-scaler,vanilla-scaler-7b968db4f-5shcf,1739428186,377307136
vanilla-scaler,vanilla-scaler-7b968db4f-5shcf,1739428486,377319424
vanilla-scaler,vanilla-scaler-7b968db4f-5shcf,1739428786,377319424
vanilla-scaler,vanilla-scaler-7b968db4f-5shcf,1739429086,377389056
vanilla-scaler,vanilla-scaler-7b968db4f-5shcf,1739429386,377503744
vanilla-scaler,vanilla-scaler-7b968db4f-5shcf,1739429686,377503744
vanilla-scaler,vanilla-scaler-7b968db4f-5shcf,1739429986,377655296
vanilla-scaler,vanilla-scaler-7b968db4f-5shcf,1739430286,379441152
vanilla-scaler,vanilla-scaler-7b968db4f-5shcf,1739430586,377716736
vanilla-scaler,vanilla-scaler-7b968db4f-5shcf,1739430886,377929728
vanilla-scaler,vanilla-scaler-7b968db4f-5shcf,1739431186,377679872
vanilla-scaler,vanilla-scaler-7b968db4f-5shcf,1739431486,379641856
vanilla-scaler,vanilla-scaler-7b968db4f-5shcf,1739431786,378089472
vanilla-scaler,vanilla-scaler-7b968db4f-5shcf,1739432086,377827328
vanilla-scaler,vanilla-scaler-7b968db4f-5shcf,1739432386,377647104
vanilla-scaler,vanilla-scaler-7b968db4f-5shcf,1739432686,377729024
vanilla-scaler,vanilla-scaler-7b968db4f-5shcf,1739432986,377794560
vanilla-scaler,vanilla-scaler-7b968db4f-5shcf,1739433286,377675776
vanilla-scaler,vanilla-scaler-7b968db4f-5shcf,1739433586,377384960
vanilla-scaler,vanilla-scaler-7b968db4f-5shcf,1739433886,377450496
vanilla-scaler,vanilla-scaler-7b968db4f-5shcf,1739434186,377659392
vanilla-scaler,vanilla-scaler-7b968db4f-5shcf,1739434486,377884672
vanilla-scaler,vanilla-scaler-7b968db4f-5shcf,1739434786,377749504
vanilla-scaler,vanilla-scaler-7b968db4f-5shcf,1739435086,377536512
vanilla-scaler,vanilla-scaler-7b968db4f-5shcf,1739435386,377815040
vanilla-scaler,vanilla-scaler-7b968db4f-5shcf,1739435686,377933824
vanilla-scaler,vanilla-scaler-7b968db4f-5shcf,1739435986,377786368
vanilla-scaler,vanilla-scaler-7b968db4f-5shcf,1739436286,377806848
vanilla-scaler,vanilla-scaler-7b968db4f-5shcf,1739436586,377966592
vanilla-scaler,vanilla-scaler-7b968db4f-5shcf,1739436886,377868288
vanilla-scaler,vanilla-scaler-7b968db4f-5shcf,1739437186,379842560
vanilla-scaler,vanilla-scaler-7b968db4f-5shcf,1739437486,378515456
vanilla-scaler,vanilla-scaler-7b968db4f-5shcf,1739437786,377925632
vanilla-scaler,vanilla-scaler-7b968db4f-5shcf,1739438086,378077184
vanilla-scaler,vanilla-scaler-7b968db4f-5shcf,1739438386,377966592
vanilla-scaler,vanilla-scaler-7b968db4f-5shcf,1739438686,377966592
vanilla-scaler,vanilla-scaler-7b968db4f-5shcf,1739438986,378200064
vanilla-scaler,vanilla-scaler-7b968db4f-5shcf,1739439286,377393152
vanilla-scaler,vanilla-scaler-7b968db4f-5shcf,1739439586,377401344
vanilla-scaler,vanilla-scaler-7b968db4f-5shcf,1739439886,377462784
vanilla-scaler,vanilla-scaler-7b968db4f-5shcf,1739440186,377446400
vanilla-scaler,vanilla-scaler-7b968db4f-5shcf,1739440486,377671680
vanilla-scaler,vanilla-scaler-7b968db4f-5shcf,1739440786,377610240
vanilla-scaler,vanilla-scaler-7b968db4f-5shcf,1739441086,377643008
vanilla-scaler,vanilla-scaler-7b968db4f-5shcf,1739441386,377507840
vanilla-scaler,vanilla-scaler-7b968db4f-5shcf,1739441686,377622528
vanilla-scaler,vanilla-scaler-7b968db4f-5shcf,1739441986,377450496
vanilla-scaler,vanilla-scaler-7b968db4f-5shcf,1739442286,379179008
vanilla-scaler,vanilla-scaler-7b968db4f-5shcf,1739442586,377954304
vanilla-scaler,vanilla-scaler-7b968db4f-5shcf,1739442886,377659392
vanilla-scaler,vanilla-scaler-7b968db4f-5shcf,1739443186,377667584
vanilla-scaler,vanilla-scaler-7b968db4f-5shcf,1739443486,377778176
vanilla-scaler,vanilla-scaler-7b968db4f-5shcf,1739443786,377778176
vanilla-scaler,vanilla-scaler-7b968db4f-5shcf,1739444086,377626624
vanilla-scaler,vanilla-scaler-7b968db4f-5shcf,1739444386,378040320
vanilla-scaler,vanilla-scaler-7b968db4f-5shcf,1739444686,377413632
vanilla-scaler,vanilla-scaler-7b968db4f-5shcf,1739444986,377634816
vanilla-scaler,vanilla-scaler-7b968db4f-5shcf,1739445286,377565184
vanilla-scaler,vanilla-scaler-7b968db4f-5shcf,1739445586,377659392
vanilla-scaler,vanilla-scaler-7b968db4f-5shcf,1739445886,377860096
vanilla-scaler,vanilla-scaler-7b968db4f-5shcf,1739446186,377729024
vanilla-scaler,vanilla-scaler-7b968db4f-5shcf,1739446486,377622528
vanilla-scaler,vanilla-scaler-7b968db4f-5shcf,1739446786,377524224
vanilla-scaler,vanilla-scaler-7b968db4f-5shcf,1739447086,377610240
vanilla-scaler,vanilla-scaler-7b968db4f-5shcf,1739447386,377610240
vanilla-scaler,vanilla-scaler-7b968db4f-5shcf,1739447686,377610240
vanilla-scaler,vanilla-scaler-7b968db4f-5shcf,1739447986,377823232
vanilla-scaler,vanilla-scaler-7b968db4f-5shcf,1739448286,377610240
vanilla-scaler,vanilla-scaler-7b968db4f-5shcf,1739448586,377724928
vanilla-scaler,vanilla-scaler-7b968db4f-5shcf,1739448886,377868288
vanilla-scaler,vanilla-scaler-7b968db4f-5shcf,1739449186,377872384
vanilla-scaler,vanilla-scaler-7b968db4f-5shcf,1739449486,379449344
vanilla-scaler,vanilla-scaler-7b968db4f-5shcf,1739449786,378044416
vanilla-scaler,vanilla-scaler-7b968db4f-5shcf,1739450086,377929728
vanilla-scaler,vanilla-scaler-7b968db4f-5shcf,1739450386,377438208
vanilla-scaler,vanilla-scaler-7b968db4f-5shcf,1739450686,377434112
vanilla-scaler,vanilla-scaler-7b968db4f-5shcf,1739450986,377565184
vanilla-scaler,vanilla-scaler-7b968db4f-5shcf,1739451286,377815040
vanilla-scaler,vanilla-scaler-7b968db4f-5shcf,1739451586,377675776
vanilla-scaler,vanilla-scaler-7b968db4f-5shcf,1739451886,377679872
vanilla-scaler,vanilla-scaler-7b968db4f-5shcf,1739452186,377630720
vanilla-scaler,vanilla-scaler-7b968db4f-5shcf,1739452486,377524224
vanilla-scaler,vanilla-scaler-7b968db4f-5shcf,1739452786,377733120
vanilla-scaler,vanilla-scaler-7b968db4f-5shcf,1739453086,377737216
vanilla-scaler,vanilla-scaler-7b968db4f-5shcf,1739453386,378155008
vanilla-scaler,vanilla-scaler-7b968db4f-5shcf,1739453686,377888768
vanilla-scaler,vanilla-scaler-7b968db4f-5shcf,1739453986,377810944
vanilla-scaler,vanilla-scaler-7b968db4f-5shcf,1739454286,377700352
vanilla-scaler,vanilla-scaler-7b968db4f-5shcf,1739454586,377741312
vanilla-scaler,vanilla-scaler-7b968db4f-5shcf,1739454886,377925632
vanilla-scaler,vanilla-scaler-7b968db4f-5shcf,1739455186,378273792
vanilla-scaler,vanilla-scaler-7b968db4f-5shcf,1739455486,377745408
vanilla-scaler,vanilla-scaler-7b968db4f-5shcf,1739455786,378171392
vanilla-scaler,vanilla-scaler-7b968db4f-5shcf,1739456086,377950208
vanilla-scaler,vanilla-scaler-7b968db4f-5shcf,1739456386,377446400
vanilla-scaler,vanilla-scaler-7b968db4f-5shcf,1739456686,377446400
vanilla-scaler,vanilla-scaler-7b968db4f-5shcf,1739456986,377561088
vanilla-scaler,vanilla-scaler-7b968db4f-5shcf,1739457286,377487360
vanilla-scaler,vanilla-scaler-7b968db4f-5shcf,1739457586,377634816
vanilla-scaler,vanilla-scaler-7b968db4f-5shcf,1739457886,377520128
vanilla-scaler,vanilla-scaler-7b968db4f-5shcf,1739458186,377716736
vanilla-scaler,vanilla-scaler-7b968db4f-5shcf,1739458486,377643008
vanilla-scaler,vanilla-scaler-7b968db4f-5shcf,1739458786,378093568
vanilla-scaler,vanilla-scaler-7b968db4f-5shcf,1739459086,377806848
vanilla-scaler,vanilla-scaler-7b968db4f-5shcf,1739459386,377663488
vanilla-scaler,vanilla-scaler-7b968db4f-5shcf,1739459686,377860096
vanilla-scaler,vanilla-scaler-7b968db4f-5shcf,1739459986,377950208
vanilla-scaler,vanilla-scaler-7b968db4f-5shcf,1739460286,377966592
vanilla-scaler,vanilla-scaler-7b968db4f-5shcf,1739460586,377937920
vanilla-scaler,vanilla-scaler-7b968db4f-5shcf,1739460886,378155008
vanilla-scaler,vanilla-scaler-7b968db4f-5shcf,1739461186,378216448
vanilla-scaler,vanilla-scaler-7b968db4f-5shcf,1739461486,378191872
vanilla-scaler,vanilla-scaler-7b968db4f-5shcf,1739461786,378355712
vanilla-scaler,vanilla-scaler-7b968db4f-5shcf,1739462086,379817984
vanilla-scaler,vanilla-scaler-7b968db4f-5shcf,1739462386,377462784
vanilla-scaler,vanilla-scaler-7b968db4f-5shcf,1739462686,377462784
vanilla-scaler,vanilla-scaler-7b968db4f-5shcf,1739462986,377462784
vanilla-scaler,vanilla-scaler-7b968db4f-5shcf,1739463286,377470976
vanilla-scaler,vanilla-scaler-7b968db4f-5shcf,1739463586,377675776
vanilla-scaler,vanilla-scaler-7b968db4f-5shcf,1739463886,377479168
vanilla-scaler,vanilla-scaler-7b968db4f-5shcf,1739464186,329166848
vanilla-scaler,vanilla-scaler-7b968db4f-5shcf,1739464486,328777728
vanilla-scaler,vanilla-scaler-7b968db4f-5shcf,1739464786,328855552
vanilla-scaler,vanilla-scaler-7b968db4f-5shcf,1739465086,328855552
vanilla-scaler,vanilla-scaler-7b968db4f-5shcf,1739465386,328990720
vanilla-scaler,vanilla-scaler-7b968db4f-5shcf,1739465686,328921088
vanilla-scaler,vanilla-scaler-7b968db4f-5shcf,1739465986,330178560
vanilla-scaler,vanilla-scaler-7b968db4f-5shcf,1739466286,329191424
vanilla-scaler,vanilla-scaler-7b968db4f-5shcf,1739466586,329191424
vanilla-scaler,vanilla-scaler-7b968db4f-5shcf,1739466886,329314304
vanilla-scaler,vanilla-scaler-7b968db4f-5shcf,1739467186,329121792
vanilla-scaler,vanilla-scaler-7b968db4f-5shcf,1739467486,329195520
vanilla-scaler,vanilla-scaler-7b968db4f-5shcf,1739467786,329269248
vanilla-scaler,vanilla-scaler-7b968db4f-5shcf,1739468086,328695808
vanilla-scaler,vanilla-scaler-7b968db4f-5shcf,1739468386,328695808
vanilla-scaler,vanilla-scaler-7b968db4f-5shcf,1739468686,328761344
vanilla-scaler,vanilla-scaler-7b968db4f-5shcf,1739468986,328761344
vanilla-scaler,vanilla-scaler-7b968db4f-5shcf,1739469286,328802304
vanilla-scaler,vanilla-scaler-7b968db4f-5shcf,1739469586,328802304
vanilla-scaler,vanilla-scaler-7b968db4f-5shcf,1739469886,328896512
vanilla-scaler,vanilla-scaler-7b968db4f-5shcf,1739470186,328978432
vanilla-scaler,vanilla-scaler-7b968db4f-5shcf,1739470486,328921088
vanilla-scaler,vanilla-scaler-7b968db4f-5shcf,1739470786,328921088
vanilla-scaler,vanilla-scaler-7b968db4f-5shcf,1739471086,328966144
vanilla-scaler,vanilla-scaler-7b968db4f-5shcf,1739471386,328785920
vanilla-scaler,vanilla-scaler-7b968db4f-5shcf,1739471686,330473472
vanilla-scaler,vanilla-scaler-7b968db4f-5shcf,1739471986,329228288
vanilla-scaler,vanilla-scaler-7b968db4f-5shcf,1739472286,329183232
vanilla-scaler,vanilla-scaler-7b968db4f-5shcf,1739472586,329285632
vanilla-scaler,vanilla-scaler-7b968db4f-5shcf,1739472886,329297920
vanilla-scaler,vanilla-scaler-7b968db4f-5shcf,1739473186,329310208
vanilla-scaler,vanilla-scaler-7b968db4f-5shcf,1739473486,332050432
vanilla-scaler,vanilla-scaler-7b968db4f-5shcf,1739473786,329572352
vanilla-scaler,vanilla-scaler-7b968db4f-5shcf,1739474086,329801728
vanilla-scaler,vanilla-scaler-7b968db4f-5shcf,1739474386,328712192
vanilla-scaler,vanilla-scaler-7b968db4f-5shcf,1739474686,328712192
vanilla-scaler,vanilla-scaler-7b968db4f-5shcf,1739474986,328716288
vanilla-scaler,vanilla-scaler-7b968db4f-5shcf,1739475286,328912896
vanilla-scaler,vanilla-scaler-7b968db4f-5shcf,1739475586,328716288
vanilla-scaler,vanilla-scaler-7b968db4f-5shcf,1739475886,328929280
vanilla-scaler,vanilla-scaler-7b968db4f-5shcf,1739476186,328949760
vanilla-scaler,vanilla-scaler-7b968db4f-5shcf,1739476486,328949760
vanilla-scaler,vanilla-scaler-7b968db4f-5shcf,1739476786,328949760
vanilla-scaler,vanilla-scaler-7b968db4f-5shcf,1739477086,329416704
vanilla-scaler,vanilla-scaler-7b968db4f-5shcf,1739477386,329089024
vanilla-scaler,vanilla-scaler-7b968db4f-5shcf,1739477686,329089024
vanilla-scaler,vanilla-scaler-7b968db4f-5shcf,1739477986,328998912
vanilla-scaler,vanilla-scaler-7b968db4f-5shcf,1739478286,329072640
vanilla-scaler,vanilla-scaler-7b968db4f-5shcf,1739478586,328974336
vanilla-scaler,vanilla-scaler-7b968db4f-5shcf,1739478886,330596352
vanilla-scaler,vanilla-scaler-7b968db4f-5shcf,1739479186,329252864
vanilla-scaler,vanilla-scaler-7b968db4f-5shcf,1739479486,328933376
vanilla-scaler,vanilla-scaler-7b968db4f-5shcf,1739479786,329056256
vanilla-scaler,vanilla-scaler-7b968db4f-5shcf,1739480086,328974336
vanilla-scaler,vanilla-scaler-7b968db4f-5shcf,1739480386,329121792
vanilla-scaler,vanilla-scaler-7b968db4f-5shcf,1739480686,330866688
vanilla-scaler,vanilla-scaler-7b968db4f-5shcf,1739480986,328769536
vanilla-scaler,vanilla-scaler-7b968db4f-5shcf,1739481286,329117696
vanilla-scaler,vanilla-scaler-7b968db4f-5shcf,1739481586,329089024
vanilla-scaler,vanilla-scaler-7b968db4f-5shcf,1739481886,328916992
vanilla-scaler,vanilla-scaler-7b968db4f-5shcf,1739482186,328937472
vanilla-scaler,vanilla-scaler-7b968db4f-5shcf,1739482486,331059200
vanilla-scaler,vanilla-scaler-7b968db4f-5shcf,1739482786,329187328
vanilla-scaler,vanilla-scaler-7b968db4f-5shcf,1739483086,328986624
vanilla-scaler,vanilla-scaler-7b968db4f-5shcf,1739483386,329052160
vanilla-scaler,vanilla-scaler-7b968db4f-5shcf,1739483686,329203712
vanilla-scaler,vanilla-scaler-7b968db4f-5shcf,1739483986,329199616
vanilla-scaler,vanilla-scaler-7b968db4f-5shcf,1739484286,329220096
vanilla-scaler,vanilla-scaler-7b968db4f-5shcf,1739484586,329232384
vanilla-scaler,vanilla-scaler-7b968db4f-5shcf,1739484886,329240576
vanilla-scaler,vanilla-scaler-7b968db4f-5shcf,1739485186,329072640
vanilla-scaler,vanilla-scaler-7b968db4f-5shcf,1739485486,329224192
vanilla-scaler,vanilla-scaler-7b968db4f-5shcf,1739485786,329068544
vanilla-scaler,vanilla-scaler-7b968db4f-5shcf,1739486086,331046912
vanilla-scaler,vanilla-scaler-7b968db4f-5shcf,1739486386,329195520
vanilla-scaler,vanilla-scaler-7b968db4f-5shcf,1739486686,329232384
vanilla-scaler,vanilla-scaler-7b968db4f-5shcf,1739486986,329158656
vanilla-scaler,vanilla-scaler-7b968db4f-5shcf,1739487286,329060352
vanilla-scaler,vanilla-scaler-7b968db4f-5shcf,1739487586,328757248
vanilla-scaler,vanilla-scaler-7b968db4f-5shcf,1739487886,328757248
vanilla-scaler,vanilla-scaler-7b968db4f-5shcf,1739488186,328757248
vanilla-scaler,vanilla-scaler-7b968db4f-5shcf,1739488486,328757248
vanilla-scaler,vanilla-scaler-7b968db4f-5shcf,1739488786,328880128
vanilla-scaler,vanilla-scaler-7b968db4f-5shcf,1739489086,328773632
vanilla-scaler,vanilla-scaler-7b968db4f-5shcf,1739489386,329142272
vanilla-scaler,vanilla-scaler-7b968db4f-5shcf,1739489686,329392128
vanilla-scaler,vanilla-scaler-7b968db4f-5shcf,1739489986,329048064
vanilla-scaler,vanilla-scaler-7b968db4f-5shcf,1739490286,329125888
vanilla-scaler,vanilla-scaler-7b968db4f-5shcf,1739490586,329125888
vanilla-scaler,vanilla-scaler-7b968db4f-5shcf,1739490886,329129984
vanilla-scaler,vanilla-scaler-7b968db4f-5shcf,1739491186,329310208
vanilla-scaler,vanilla-scaler-7b968db4f-5shcf,1739491486,329629696
vanilla-scaler,vanilla-scaler-7b968db4f-5shcf,1739491786,329310208
vanilla-scaler,vanilla-scaler-7b968db4f-5shcf,1739492086,329236480
vanilla-scaler,vanilla-scaler-7b968db4f-5shcf,1739492386,329261056
vanilla-scaler,vanilla-scaler-7b968db4f-5shcf,1739492686,327901184
vanilla-scaler,vanilla-scaler-7b968db4f-5shcf,1739492986,317558784
vanilla-scaler,vanilla-scaler-7b968db4f-5shcf,1739493286,317542400
vanilla-scaler,vanilla-scaler-7b968db4f-5shcf,1739493586,317784064
vanilla-scaler,vanilla-scaler-7b968db4f-5shcf,1739493886,317059072
vanilla-scaler,vanilla-scaler-7b968db4f-5shcf,1739494186,317059072
vanilla-scaler,vanilla-scaler-7b968db4f-5shcf,1739494486,317067264
vanilla-scaler,vanilla-scaler-7b968db4f-5shcf,1739494786,317505536
vanilla-scaler,vanilla-scaler-7b968db4f-5shcf,1739495086,317177856
vanilla-scaler,vanilla-scaler-7b968db4f-5shcf,1739495386,317296640
vanilla-scaler,vanilla-scaler-7b968db4f-5shcf,1739495686,317415424
vanilla-scaler,vanilla-scaler-7b968db4f-5shcf,1739495986,317431808
vanilla-scaler,vanilla-scaler-7b968db4f-5shcf,1739496286,317456384
vanilla-scaler,vanilla-scaler-7b968db4f-5shcf,1739496586,317493248
vanilla-scaler,vanilla-scaler-7b968db4f-5shcf,1739496886,317743104
vanilla-scaler,vanilla-scaler-7b968db4f-5shcf,1739497186,317972480
vanilla-scaler,vanilla-scaler-7b968db4f-5shcf,1739497486,317988864
vanilla-scaler,vanilla-scaler-7b968db4f-5shcf,1739497786,318013440
vanilla-scaler,vanilla-scaler-7b968db4f-5shcf,1739498086,318017536
vanilla-scaler,vanilla-scaler-7b968db4f-5shcf,1739498386,317825024
vanilla-scaler,vanilla-scaler-7b968db4f-5shcf,1739498686,319889408
vanilla-scaler,vanilla-scaler-7b968db4f-5shcf,1739498986,317734912
vanilla-scaler,vanilla-scaler-7b968db4f-5shcf,1739499286,317775872
vanilla-scaler,vanilla-scaler-7b968db4f-5shcf,1739499586,317788160
vanilla-scaler,vanilla-scaler-7b968db4f-5shcf,1739499886,317882368
vanilla-scaler,vanilla-scaler-7b968db4f-5shcf,1739500186,317079552
vanilla-scaler,vanilla-scaler-7b968db4f-5shcf,1739500486,317079552
vanilla-scaler,vanilla-scaler-7b968db4f-5shcf,1739500786,317079552
vanilla-scaler,vanilla-scaler-7b968db4f-5shcf,1739501086,317157376
vanilla-scaler,vanilla-scaler-7b968db4f-5shcf,1739501386,317095936
vanilla-scaler,vanilla-scaler-7b968db4f-5shcf,1739501686,317079552
vanilla-scaler,vanilla-scaler-7b968db4f-5shcf,1739501986,317173760
vanilla-scaler,vanilla-scaler-7b968db4f-5shcf,1739502286,317190144
vanilla-scaler,vanilla-scaler-7b968db4f-5shcf,1739502586,317374464
vanilla-scaler,vanilla-scaler-7b968db4f-5shcf,1739502886,317444096
vanilla-scaler,vanilla-scaler-7b968db4f-5shcf,1739503186,313540608
vanilla-scaler,vanilla-scaler-7b968db4f-5shcf,1739503486,310161408
vanilla-scaler,vanilla-scaler-7b968db4f-5shcf,1739503786,310206464
vanilla-scaler,vanilla-scaler-7b968db4f-5shcf,1739504086,312455168
vanilla-scaler,vanilla-scaler-7b968db4f-5shcf,1739504386,310456320
vanilla-scaler,vanilla-scaler-7b968db4f-5shcf,1739504686,310374400
vanilla-scaler,vanilla-scaler-7b968db4f-5shcf,1739504986,310120448
vanilla-scaler,vanilla-scaler-7b968db4f-5shcf,1739505286,309518336
vanilla-scaler,vanilla-scaler-7b968db4f-5shcf,1739505586,309518336
vanilla-scaler,vanilla-scaler-7b968db4f-5shcf,1739505886,297181184
vanilla-scaler,vanilla-scaler-7b968db4f-5shcf,1739506186,294674432
vanilla-scaler,vanilla-scaler-7b968db4f-5shcf,1739506486,294379520
vanilla-scaler,vanilla-scaler-7b968db4f-5shcf,1739506786,293617664
vanilla-scaler,vanilla-scaler-7b968db4f-5shcf,1739507086,293617664
vanilla-scaler,vanilla-scaler-7b968db4f-5shcf,1739507386,293732352
vanilla-scaler,vanilla-scaler-7b968db4f-5shcf,1739507686,292065280
vanilla-scaler,vanilla-scaler-7b968db4f-5shcf,1739507986,292188160
vanilla-scaler,vanilla-scaler-7b968db4f-5shcf,1739508286,292286464
vanilla-scaler,vanilla-scaler-7b968db4f-5shcf,1739508586,292384768
vanilla-scaler,vanilla-scaler-7b968db4f-5shcf,1739508886,292360192
vanilla-scaler,vanilla-scaler-7b968db4f-5shcf,1739509186,292372480
vanilla-scaler,vanilla-scaler-7b968db4f-5shcf,1739509486,292737024
vanilla-scaler,vanilla-scaler-7b968db4f-5shcf,1739509786,292384768
vanilla-scaler,vanilla-scaler-7b968db4f-5shcf,1739510086,292388864
vanilla-scaler,vanilla-scaler-7b968db4f-5shcf,1739510386,292585472
vanilla-scaler,vanilla-scaler-7b968db4f-5shcf,1739510686,292380672
vanilla-scaler,vanilla-scaler-7b968db4f-5shcf,1739510986,292544512
vanilla-scaler,vanilla-scaler-7b968db4f-5shcf,1739511286,272388096
vanilla-scaler,vanilla-scaler-7b968db4f-5shcf,1739511586,269209600
vanilla-scaler,vanilla-scaler-7b968db4f-5shcf,1739511886,268791808
vanilla-scaler,vanilla-scaler-7b968db4f-5shcf,1739512186,268791808
vanilla-scaler,vanilla-scaler-7b968db4f-5shcf,1739512486,269103104
vanilla-scaler,vanilla-scaler-7b968db4f-5shcf,1739512786,268783616
vanilla-scaler,vanilla-scaler-7b968db4f-5shcf,1739513086,268759040
vanilla-scaler,vanilla-scaler-7b968db4f-5shcf,1739513386,268824576
vanilla-scaler,vanilla-scaler-7b968db4f-5shcf,1739513686,268656640
vanilla-scaler,vanilla-scaler-7b968db4f-5shcf,1739513986,268050432
vanilla-scaler,vanilla-scaler-7b968db4f-5shcf,1739514286,268148736
vanilla-scaler,vanilla-scaler-7b968db4f-5shcf,1739514586,268156928
vanilla-scaler,vanilla-scaler-7b968db4f-5shcf,1739514886,267894784
vanilla-scaler,vanilla-scaler-7b968db4f-5shcf,1739515186,262475776
vanilla-scaler,vanilla-scaler-7b968db4f-5shcf,1739515486,262422528
vanilla-scaler,vanilla-scaler-7b968db4f-5shcf,1739515786,262426624
vanilla-scaler,vanilla-scaler-7b968db4f-5shcf,1739516086,262365184
vanilla-scaler,vanilla-scaler-7b968db4f-5shcf,1739516386,262443008
vanilla-scaler,vanilla-scaler-7b968db4f-5shcf,1739516686,263528448
vanilla-scaler,vanilla-scaler-7b968db4f-5shcf,1739516986,262692864
vanilla-scaler,vanilla-scaler-7b968db4f-5shcf,1739517286,263081984
vanilla-scaler,vanilla-scaler-7b968db4f-5shcf,1739517586,263143424
vanilla-scaler,vanilla-scaler-7b968db4f-5shcf,1739517886,263266304
vanilla-scaler,vanilla-scaler-7b968db4f-5shcf,1739518186,263319552
vanilla-scaler,vanilla-scaler-7b968db4f-5shcf,1739518486,263114752
vanilla-scaler,vanilla-scaler-7b968db4f-5shcf,1739518786,264941568
vanilla-scaler,vanilla-scaler-7b968db4f-5shcf,1739519086,263172096
vanilla-scaler,vanilla-scaler-7b968db4f-5shcf,1739519386,263344128
vanilla-scaler,vanilla-scaler-7b968db4f-5shcf,1739519686,263213056
vanilla-scaler,vanilla-scaler-7b968db4f-5shcf,1739519986,263213056
vanilla-scaler,vanilla-scaler-7b968db4f-5shcf,1739520286,263180288
vanilla-scaler,vanilla-scaler-7b968db4f-5shcf,1739520586,263180288
vanilla-scaler,vanilla-scaler-7b968db4f-5shcf,1739520886,262303744
vanilla-scaler,vanilla-scaler-7b968db4f-5shcf,1739521186,262373376
vanilla-scaler,vanilla-scaler-7b968db4f-5shcf,1739521486,262451200
vanilla-scaler,vanilla-scaler-7b968db4f-5shcf,1739521786,262369280
vanilla-scaler,vanilla-scaler-7b968db4f-5shcf,1739522086,262500352
vanilla-scaler,vanilla-scaler-7b968db4f-5shcf,1739522386,262500352
vanilla-scaler,vanilla-scaler-7b968db4f-5shcf,1739522686,262750208
vanilla-scaler,vanilla-scaler-7b968db4f-5shcf,1739522986,263057408
vanilla-scaler,vanilla-scaler-7b968db4f-5shcf,1739523286,262909952
vanilla-scaler,vanilla-scaler-7b968db4f-5shcf,1739523586,262909952
vanilla-scaler,vanilla-scaler-7b968db4f-5shcf,1739523886,263045120
vanilla-scaler,vanilla-scaler-7b968db4f-5shcf,1739524186,262905856
vanilla-scaler,vanilla-scaler-7b968db4f-5shcf,1739524486,262918144
vanilla-scaler,vanilla-scaler-7b968db4f-5shcf,1739524786,262918144
vanilla-scaler,vanilla-scaler-7b968db4f-5shcf,1739525086,263086080
vanilla-scaler,vanilla-scaler-7b968db4f-5shcf,1739525386,263094272
vanilla-scaler,vanilla-scaler-7b968db4f-5shcf,1739525686,263766016
vanilla-scaler,vanilla-scaler-7b968db4f-5shcf,1739525986,263208960
vanilla-scaler,vanilla-scaler-7b968db4f-5shcf,1739526286,264929280
vanilla-scaler,vanilla-scaler-7b968db4f-5shcf,1739526586,263008256
vanilla-scaler,vanilla-scaler-7b968db4f-5shcf,1739526886,263008256
vanilla-scaler,vanilla-scaler-7b968db4f-5shcf,1739527186,262950912
vanilla-scaler,vanilla-scaler-7b968db4f-5shcf,1739527486,263073792
vanilla-scaler,vanilla-scaler-7b968db4f-5shcf,1739527786,262324224
vanilla-scaler,vanilla-scaler-7b968db4f-5shcf,1739528086,262443008
vanilla-scaler,vanilla-scaler-7b968db4f-5shcf,1739528386,262418432
vanilla-scaler,vanilla-scaler-7b968db4f-5shcf,1739528686,262418432
vanilla-scaler,vanilla-scaler-7b968db4f-5shcf,1739528986,262430720
vanilla-scaler,vanilla-scaler-7b968db4f-5shcf,1739529286,262430720
vanilla-scaler,vanilla-scaler-7b968db4f-5shcf,1739529586,264204288
vanilla-scaler,vanilla-scaler-7b968db4f-5shcf,1739529886,262553600
vanilla-scaler,vanilla-scaler-7b968db4f-5shcf,1739530186,262639616
vanilla-scaler,vanilla-scaler-7b968db4f-5shcf,1739530486,262668288
vanilla-scaler,vanilla-scaler-7b968db4f-5shcf,1739530786,262537216
vanilla-scaler,vanilla-scaler-7b968db4f-5shcf,1739531086,262553600
vanilla-scaler,vanilla-scaler-7b968db4f-5shcf,1739531386,262586368
vanilla-scaler,vanilla-scaler-7b968db4f-5shcf,1739531686,262955008
vanilla-scaler,vanilla-scaler-7b968db4f-5shcf,1739531986,262578176
vanilla-scaler,vanilla-scaler-7b968db4f-5shcf,1739532286,262709248
vanilla-scaler,vanilla-scaler-7b968db4f-5shcf,1739532586,262721536
vanilla-scaler,vanilla-scaler-7b968db4f-5shcf,1739532886,262729728
vanilla-scaler,vanilla-scaler-7b968db4f-5shcf,1739533186,262533120
vanilla-scaler,vanilla-scaler-7b968db4f-5shcf,1739533486,262705152
vanilla-scaler,vanilla-scaler-7b968db4f-5shcf,1739533786,262561792
vanilla-scaler,vanilla-scaler-7b968db4f-5shcf,1739534086,262709248
vanilla-scaler,vanilla-scaler-7b968db4f-5shcf,1739534386,262803456
vanilla-scaler,vanilla-scaler-7b968db4f-5shcf,1739534686,262324224
vanilla-scaler,vanilla-scaler-7b968db4f-5shcf,1739534986,262324224
vanilla-scaler,vanilla-scaler-7b968db4f-5shcf,1739535286,262524928
vanilla-scaler,vanilla-scaler-7b968db4f-5shcf,1739535586,262426624
vanilla-scaler,vanilla-scaler-7b968db4f-5shcf,1739535886,262639616
vanilla-scaler,vanilla-scaler-7b968db4f-5shcf,1739536186,262717440
vanilla-scaler,vanilla-scaler-7b968db4f-5shcf,1739536486,262852608
vanilla-scaler,vanilla-scaler-7b968db4f-5shcf,1739536786,262844416
vanilla-scaler,vanilla-scaler-7b968db4f-5shcf,1739537086,264855552
vanilla-scaler,vanilla-scaler-7b968db4f-5shcf,1739537386,243040256
vanilla-scaler,vanilla-scaler-7b968db4f-5shcf,1739537686,242741248
vanilla-scaler,vanilla-scaler-7b968db4f-5shcf,1739537986,242741248
vanilla-scaler,vanilla-scaler-7b968db4f-5shcf,1739538286,242745344
vanilla-scaler,vanilla-scaler-7b968db4f-5shcf,1739538586,242769920
vanilla-scaler,vanilla-scaler-7b968db4f-5shcf,1739538886,242769920
vanilla-scaler,vanilla-scaler-7b968db4f-5shcf,1739539186,242982912
vanilla-scaler,vanilla-scaler-7b968db4f-5shcf,1739539486,243056640
vanilla-scaler,vanilla-scaler-7b968db4f-5shcf,1739539786,242892800
vanilla-scaler,vanilla-scaler-7b968db4f-5shcf,1739540086,242843648
vanilla-scaler,vanilla-scaler-7b968db4f-5shcf,1739540386,242888704
vanilla-scaler,vanilla-scaler-7b968db4f-5shcf,1739540686,244482048
vanilla-scaler,vanilla-scaler-7b968db4f-5shcf,1739540986,242896896
vanilla-scaler,vanilla-scaler-7b968db4f-5shcf,1739541286,243077120
vanilla-scaler,vanilla-scaler-7b968db4f-5shcf,1739541586,242135040
vanilla-scaler,vanilla-scaler-7b968db4f-5shcf,1739541886,242171904
vanilla-scaler,vanilla-scaler-7b968db4f-5shcf,1739542186,242249728
vanilla-scaler,vanilla-scaler-7b968db4f-5shcf,1739542486,242778112
vanilla-scaler,vanilla-scaler-7b968db4f-5shcf,1739542786,242409472
vanilla-scaler,vanilla-scaler-7b968db4f-5shcf,1739543086,242413568
vanilla-scaler,vanilla-scaler-7b968db4f-5shcf,1739543386,242409472
vanilla-scaler,vanilla-scaler-7b968db4f-5shcf,1739543686,242413568
vanilla-scaler,vanilla-scaler-7b968db4f-5shcf,1739543986,242483200
vanilla-scaler,vanilla-scaler-7b968db4f-5shcf,1739544286,243728384
vanilla-scaler,vanilla-scaler-7b968db4f-5shcf,1739544586,242470912
vanilla-scaler,vanilla-scaler-7b968db4f-5shcf,1739544886,242491392
vanilla-scaler,vanilla-scaler-7b968db4f-5shcf,1739545186,242532352
vanilla-scaler,vanilla-scaler-7b968db4f-5shcf,1739545486,242593792
vanilla-scaler,vanilla-scaler-7b968db4f-5shcf,1739545786,242655232
vanilla-scaler,vanilla-scaler-7b968db4f-5shcf,1739546086,244637696
vanilla-scaler,vanilla-scaler-7b968db4f-5shcf,1739546386,242941952
vanilla-scaler,vanilla-scaler-7b968db4f-5shcf,1739546686,242716672
vanilla-scaler,vanilla-scaler-7b968db4f-5shcf,1739546986,242749440
vanilla-scaler,vanilla-scaler-7b968db4f-5shcf,1739547286,242970624
vanilla-scaler,vanilla-scaler-7b968db4f-5shcf,1739547586,242794496
vanilla-scaler,vanilla-scaler-7b968db4f-5shcf,1739547886,242774016
vanilla-scaler,vanilla-scaler-7b968db4f-5shcf,1739548186,242855936
vanilla-scaler,vanilla-scaler-7b968db4f-5shcf,1739548486,242786304
vanilla-scaler,vanilla-scaler-7b968db4f-5shcf,1739548786,242782208
vanilla-scaler,vanilla-scaler-7b968db4f-5shcf,1739549086,242143232
vanilla-scaler,vanilla-scaler-7b968db4f-5shcf,1739549386,242143232
vanilla-scaler,vanilla-scaler-7b968db4f-5shcf,1739549686,242143232
vanilla-scaler,vanilla-scaler-7b968db4f-5shcf,1739549986,242233344
vanilla-scaler,vanilla-scaler-7b968db4f-5shcf,1739550286,242192384
vanilla-scaler,vanilla-scaler-7b968db4f-5shcf,1739550586,242360320
vanilla-scaler,vanilla-scaler-7b968db4f-5shcf,1739550886,242171904
vanilla-scaler,vanilla-scaler-7b968db4f-5shcf,1739551186,242237440
vanilla-scaler,vanilla-scaler-7b968db4f-5shcf,1739551486,242286592
vanilla-scaler,vanilla-scaler-7b968db4f-5shcf,1739551786,242475008
vanilla-scaler,vanilla-scaler-7b968db4f-5shcf,1739552086,242475008
vanilla-scaler,vanilla-scaler-7b968db4f-5shcf,1739552386,242479104
vanilla-scaler,vanilla-scaler-7b968db4f-5shcf,1739552686,242475008
vanilla-scaler,vanilla-scaler-7b968db4f-5shcf,1739552986,242593792
vanilla-scaler,vanilla-scaler-7b968db4f-5shcf,1739553286,242413568
vanilla-scaler,vanilla-scaler-7b968db4f-5shcf,1739553586,242692096
vanilla-scaler,vanilla-scaler-7b968db4f-5shcf,1739553886,242487296
vanilla-scaler,vanilla-scaler-7b968db4f-5shcf,1739554186,242601984
vanilla-scaler,vanilla-scaler-7b968db4f-5shcf,1739554486,242601984
vanilla-scaler,vanilla-scaler-7b968db4f-5shcf,1739554786,242397184
vanilla-scaler,vanilla-scaler-7b968db4f-5shcf,1739555086,243179520
vanilla-scaler,vanilla-scaler-7b968db4f-5shcf,1739555386,242454528
vanilla-scaler,vanilla-scaler-7b968db4f-5shcf,1739555686,242528256
vanilla-scaler,vanilla-scaler-7b968db4f-5shcf,1739555986,242532352
vanilla-scaler,vanilla-scaler-7b968db4f-5shcf,1739556286,242606080
vanilla-scaler,vanilla-scaler-7b968db4f-5shcf,1739556586,242147328
vanilla-scaler,vanilla-scaler-7b968db4f-5shcf,1739556886,242151424
vanilla-scaler,vanilla-scaler-7b968db4f-5shcf,1739557186,242147328
vanilla-scaler,vanilla-scaler-7b968db4f-5shcf,1739557486,242208768
vanilla-scaler,vanilla-scaler-7b968db4f-5shcf,1739557786,242335744
vanilla-scaler,vanilla-scaler-7b968db4f-5shcf,1739558086,242421760
vanilla-scaler,vanilla-scaler-7b968db4f-5shcf,1739558386,242380800
vanilla-scaler,vanilla-scaler-7b968db4f-5shcf,1739558686,242511872
vanilla-scaler,vanilla-scaler-7b968db4f-5shcf,1739558986,242753536
vanilla-scaler,vanilla-scaler-7b968db4f-5shcf,1739559286,242884608
vanilla-scaler,vanilla-scaler-7b968db4f-5shcf,1739559586,243015680
vanilla-scaler,vanilla-scaler-7b968db4f-5shcf,1739559886,247463936
vanilla-scaler,vanilla-scaler-7b968db4f-5shcf,1739560186,245075968
vanilla-scaler,vanilla-scaler-7b968db4f-5shcf,1739560486,244981760
vanilla-scaler,vanilla-scaler-7b968db4f-5shcf,1739560786,245293056
vanilla-scaler,vanilla-scaler-7b968db4f-5shcf,1739561086,245084160
vanilla-scaler,vanilla-scaler-7b968db4f-5shcf,1739561386,245116928
vanilla-scaler,vanilla-scaler-7b968db4f-5shcf,1739561686,245116928
vanilla-scaler,vanilla-scaler-7b968db4f-5shcf,1739561986,246759424
vanilla-scaler,vanilla-scaler-7b968db4f-5shcf,1739562286,244994048
vanilla-scaler,vanilla-scaler-7b968db4f-5shcf,1739562586,245067776
vanilla-scaler,vanilla-scaler-7b968db4f-5shcf,1739562886,245088256
vanilla-scaler,vanilla-scaler-7b968db4f-5shcf,1739563186,244854784
vanilla-scaler,vanilla-scaler-7b968db4f-5shcf,1739563486,244858880
vanilla-scaler,vanilla-scaler-7b968db4f-5shcf,1739563786,244858880
vanilla-scaler,vanilla-scaler-7b968db4f-5shcf,1739564086,244248576
vanilla-scaler,vanilla-scaler-7b968db4f-5shcf,1739564386,244248576
vanilla-scaler,vanilla-scaler-7b968db4f-5shcf,1739564686,244256768
vanilla-scaler,vanilla-scaler-7b968db4f-5shcf,1739564986,242323456
vanilla-scaler,vanilla-scaler-7b968db4f-5shcf,1739565286,242356224
vanilla-scaler,vanilla-scaler-7b968db4f-5shcf,1739565586,242216960
vanilla-scaler,vanilla-scaler-7b968db4f-5shcf,1739565886,242081792
vanilla-scaler,vanilla-scaler-7b968db4f-5shcf,1739566186,242245632
vanilla-scaler,vanilla-scaler-7b968db4f-5shcf,1739566486,242331648
vanilla-scaler,vanilla-scaler-7b968db4f-5shcf,1739566786,242163712
vanilla-scaler,vanilla-scaler-7b968db4f-5shcf,1739567086,242159616
vanilla-scaler,vanilla-scaler-7b968db4f-5shcf,1739567386,242167808
vanilla-scaler,vanilla-scaler-7b968db4f-5shcf,1739567686,242274304
vanilla-scaler,vanilla-scaler-7b968db4f-5shcf,1739567986,242417664
vanilla-scaler,vanilla-scaler-7b968db4f-5shcf,1739568286,242417664
vanilla-scaler,vanilla-scaler-7b968db4f-5shcf,1739568586,242499584
vanilla-scaler,vanilla-scaler-7b968db4f-5shcf,1739568886,242573312
vanilla-scaler,vanilla-scaler-7b968db4f-5shcf,1739569186,242249728
vanilla-scaler,vanilla-scaler-7b968db4f-5shcf,1739569486,242036736
vanilla-scaler,vanilla-scaler-7b968db4f-5shcf,1739569786,242036736
vanilla-scaler,vanilla-scaler-7b968db4f-5shcf,1739570086,244215808
vanilla-scaler,vanilla-scaler-7b968db4f-5shcf,1739570386,244215808
vanilla-scaler,vanilla-scaler-7b968db4f-5shcf,1739570686,244219904
vanilla-scaler,vanilla-scaler-7b968db4f-5shcf,1739570986,244273152
vanilla-scaler,vanilla-scaler-7b968db4f-5shcf,1739571286,244269056
vanilla-scaler,vanilla-scaler-7b968db4f-5shcf,1739571586,244224000
vanilla-scaler,vanilla-scaler-7b968db4f-5shcf,1739571886,244256768
vanilla-scaler,vanilla-scaler-7b968db4f-5shcf,1739572186,244305920
vanilla-scaler,vanilla-scaler-7b968db4f-5shcf,1739572486,245956608
vanilla-scaler,vanilla-scaler-7b968db4f-5shcf,1739572786,244748288
vanilla-scaler,vanilla-scaler-7b968db4f-5shcf,1739573086,244813824
vanilla-scaler,vanilla-scaler-7b968db4f-5shcf,1739573386,244842496
vanilla-scaler,vanilla-scaler-7b968db4f-5shcf,1739573686,244846592
vanilla-scaler,vanilla-scaler-7b968db4f-5shcf,1739573986,244842496
vanilla-scaler,vanilla-scaler-7b968db4f-5shcf,1739574286,246669312
vanilla-scaler,vanilla-scaler-7b968db4f-5shcf,1739574586,245059584
vanilla-scaler,vanilla-scaler-7b968db4f-5shcf,1739574886,245084160
vanilla-scaler,vanilla-scaler-7b968db4f-5shcf,1739575186,244228096
vanilla-scaler,vanilla-scaler-7b968db4f-5shcf,1739575486,244232192
vanilla-scaler,vanilla-scaler-7b968db4f-5shcf,1739575786,244264960
vanilla-scaler,vanilla-scaler-7b968db4f-5shcf,1739576086,244281344
vanilla-scaler,vanilla-scaler-7b968db4f-5shcf,1739576386,244264960
vanilla-scaler,vanilla-scaler-7b968db4f-5shcf,1739576686,244260864
vanilla-scaler,vanilla-scaler-7b968db4f-5shcf,1739576986,244264960
vanilla-scaler,vanilla-scaler-7b968db4f-5shcf,1739577286,244264960
vanilla-scaler,vanilla-scaler-7b968db4f-5shcf,1739577586,244260864
vanilla-scaler,vanilla-scaler-7b968db4f-5shcf,1739577886,244334592
vanilla-scaler,vanilla-scaler-7b968db4f-5shcf,1739578186,244752384
vanilla-scaler,vanilla-scaler-7b968db4f-5shcf,1739578486,244342784
vanilla-scaler,vanilla-scaler-7b968db4f-5shcf,1739578786,244408320
vanilla-scaler,vanilla-scaler-7b968db4f-5shcf,1739579086,244408320
vanilla-scaler,vanilla-scaler-7b968db4f-5shcf,1739579386,244301824
vanilla-scaler,vanilla-scaler-7b968db4f-5shcf,1739579686,245874688
vanilla-scaler,vanilla-scaler-7b968db4f-5shcf,1739579986,244617216
vanilla-scaler,vanilla-scaler-7b968db4f-5shcf,1739580286,244232192
vanilla-scaler,vanilla-scaler-7b968db4f-5shcf,1739580586,244228096
vanilla-scaler,vanilla-scaler-7b968db4f-5shcf,1739580886,244232192
vanilla-scaler,vanilla-scaler-7b968db4f-5shcf,1739581186,244232192
vanilla-scaler,vanilla-scaler-7b968db4f-5shcf,1739581486,244232192
vanilla-scaler,vanilla-scaler-7b968db4f-5shcf,1739581786,244310016
vanilla-scaler,vanilla-scaler-7b968db4f-5shcf,1739582086,244305920
vanilla-scaler,vanilla-scaler-7b968db4f-5shcf,1739582386,244477952
vanilla-scaler,vanilla-scaler-7b968db4f-5shcf,1739582686,244310016
vanilla-scaler,vanilla-scaler-7b968db4f-5shcf,1739582986,244314112
vanilla-scaler,vanilla-scaler-7b968db4f-5shcf,1739583286,244400128
vanilla-scaler,vanilla-scaler-7b968db4f-5shcf,1739583586,244531200
vanilla-scaler,vanilla-scaler-7b968db4f-5shcf,1739583886,244580352
vanilla-scaler,vanilla-scaler-7b968db4f-5shcf,1739584186,244514816
vanilla-scaler,vanilla-scaler-7b968db4f-5shcf,1739584486,244527104
vanilla-scaler,vanilla-scaler-7b968db4f-5shcf,1739584786,244527104
vanilla-scaler,vanilla-scaler-7b968db4f-5shcf,1739585086,244453376
vanilla-scaler,vanilla-scaler-7b968db4f-5shcf,1739585386,244727808
vanilla-scaler,vanilla-scaler-7b968db4f-5shcf,1739585686,244670464
vanilla-scaler,vanilla-scaler-7b968db4f-5shcf,1739585986,244236288
vanilla-scaler,vanilla-scaler-7b968db4f-5shcf,1739586286,244248576
vanilla-scaler,vanilla-scaler-7b968db4f-5shcf,1739586586,244256768
vanilla-scaler,vanilla-scaler-7b968db4f-5shcf,1739586886,244264960
vanilla-scaler,vanilla-scaler-7b968db4f-5shcf,1739587186,244494336
vanilla-scaler,vanilla-scaler-7b968db4f-5shcf,1739587486,244285440
vanilla-scaler,vanilla-scaler-7b968db4f-5shcf,1739587786,244285440
vanilla-scaler,vanilla-scaler-7b968db4f-5shcf,1739588086,244363264
vanilla-scaler,vanilla-scaler-7b968db4f-5shcf,1739588386,244310016
vanilla-scaler,vanilla-scaler-7b968db4f-5shcf,1739588686,244400128
vanilla-scaler,vanilla-scaler-7b968db4f-5shcf,1739588986,244506624
vanilla-scaler,vanilla-scaler-7b968db4f-5shcf,1739589286,244465664
vanilla-scaler,vanilla-scaler-7b968db4f-5shcf,1739589586,244563968
vanilla-scaler,vanilla-scaler-7b968db4f-5shcf,1739589886,244641792
vanilla-scaler,vanilla-scaler-7b968db4f-5shcf,1739590186,244948992
vanilla-scaler,vanilla-scaler-7b968db4f-5shcf,1739590486,244948992
vanilla-scaler,vanilla-scaler-7b968db4f-5shcf,1739590786,244776960
vanilla-scaler,vanilla-scaler-7b968db4f-5shcf,1739591086,246718464
vanilla-scaler,vanilla-scaler-7b968db4f-5shcf,1739591386,244240384
vanilla-scaler,vanilla-scaler-7b968db4f-5shcf,1739591686,244285440
vanilla-scaler,vanilla-scaler-7b968db4f-5shcf,1739591986,244436992
vanilla-scaler,vanilla-scaler-7b968db4f-5shcf,1739592286,244371456
vanilla-scaler,vanilla-scaler-7b968db4f-5shcf,1739592586,244412416
vanilla-scaler,vanilla-scaler-7b968db4f-5shcf,1739592886,245092352
vanilla-scaler,vanilla-scaler-7b968db4f-5shcf,1739593186,244645888
vanilla-scaler,vanilla-scaler-7b968db4f-5shcf,1739593486,244822016
vanilla-scaler,vanilla-scaler-7b968db4f-5shcf,1739593786,244617216
vanilla-scaler,vanilla-scaler-7b968db4f-5shcf,1739594086,244617216
vanilla-scaler,vanilla-scaler-7b968db4f-5shcf,1739594386,244637696
vanilla-scaler,vanilla-scaler-7b968db4f-5shcf,1739594686,244805632
vanilla-scaler,vanilla-scaler-7b968db4f-5shcf,1739594986,244809728
vanilla-scaler,vanilla-scaler-7b968db4f-5shcf,1739595286,244699136
vanilla-scaler,vanilla-scaler-7b968db4f-5shcf,1739595586,244699136
vanilla-scaler,vanilla-scaler-7b968db4f-5shcf,1739595886,244805632
vanilla-scaler,vanilla-scaler-7b968db4f-5shcf,1739596186,244695040
vanilla-scaler,vanilla-scaler-7b968db4f-5shcf,1739596486,246706176
vanilla-scaler,vanilla-scaler-7b968db4f-5shcf,1739596786,244244480
vanilla-scaler,vanilla-scaler-7b968db4f-5shcf,1739597086,244244480
vanilla-scaler,vanilla-scaler-7b968db4f-5shcf,1739597386,244244480
vanilla-scaler,vanilla-scaler-7b968db4f-5shcf,1739597686,244273152
vanilla-scaler,vanilla-scaler-7b968db4f-5shcf,1739597986,244273152
vanilla-scaler,vanilla-scaler-7b968db4f-5shcf,1739598286,244461568
vanilla-scaler,vanilla-scaler-7b968db4f-5shcf,1739598586,244330496
vanilla-scaler,vanilla-scaler-7b968db4f-5shcf,1739598886,244285440
vanilla-scaler,vanilla-scaler-7b968db4f-5shcf,1739599186,244330496
vanilla-scaler,vanilla-scaler-7b968db4f-5shcf,1739599486,244326400
vanilla-scaler,vanilla-scaler-7b968db4f-5shcf,1739599786,244514816
vanilla-scaler,vanilla-scaler-7b968db4f-5shcf,1739600086,244613120
vanilla-scaler,vanilla-scaler-7b968db4f-5shcf,1739600386,244752384
vanilla-scaler,vanilla-scaler-7b968db4f-5shcf,1739600686,244727808
vanilla-scaler,vanilla-scaler-7b968db4f-5shcf,1739600986,244633600
vanilla-scaler,vanilla-scaler-7b968db4f-5shcf,1739601286,244793344
vanilla-scaler,vanilla-scaler-7b968db4f-5shcf,1739601586,246423552
vanilla-scaler,vanilla-scaler-7b968db4f-5shcf,1739601886,244682752
vanilla-scaler,vanilla-scaler-7b968db4f-5shcf,1739602186,244256768
vanilla-scaler,vanilla-scaler-7b968db4f-5shcf,1739602486,244359168
vanilla-scaler,vanilla-scaler-7b968db4f-5shcf,1739602786,244367360
vanilla-scaler,vanilla-scaler-7b968db4f-5shcf,1739603086,244494336
vanilla-scaler,vanilla-scaler-7b968db4f-5shcf,1739603386,244482048
vanilla-scaler,vanilla-scaler-7b968db4f-5shcf,1739603686,244518912
vanilla-scaler,vanilla-scaler-7b968db4f-5shcf,1739603986,244535296
vanilla-scaler,vanilla-scaler-7b968db4f-5shcf,1739604286,244445184
vanilla-scaler,vanilla-scaler-7b968db4f-5shcf,1739604586,244670464
vanilla-scaler,vanilla-scaler-7b968db4f-5shcf,1739604886,244555776
vanilla-scaler,vanilla-scaler-7b968db4f-5shcf,1739605186,244629504
vanilla-scaler,vanilla-scaler-7b968db4f-5shcf,1739605486,244695040
vanilla-scaler,vanilla-scaler-7b968db4f-5shcf,1739605786,244793344
vanilla-scaler,vanilla-scaler-7b968db4f-5shcf,1739606086,244834304
vanilla-scaler,vanilla-scaler-7b968db4f-5shcf,1739606386,244871168
vanilla-scaler,vanilla-scaler-7b968db4f-5shcf,1739606686,246837248
vanilla-scaler,vanilla-scaler-7b968db4f-5shcf,1739606986,244805632
vanilla-scaler,vanilla-scaler-7b968db4f-5shcf,1739607286,244883456
vanilla-scaler,vanilla-scaler-7b968db4f-5shcf,1739607586,244989952
vanilla-scaler,vanilla-scaler-7b968db4f-5shcf,1739607886,244264960
vanilla-scaler,vanilla-scaler-7b968db4f-5shcf,1739608186,244260864
vanilla-scaler,vanilla-scaler-7b968db4f-5shcf,1739608486,244260864
vanilla-scaler,vanilla-scaler-7b968db4f-5shcf,1739608786,244264960
vanilla-scaler,vanilla-scaler-7b968db4f-5shcf,1739609086,244457472
vanilla-scaler,vanilla-scaler-7b968db4f-5shcf,1739609386,244383744
vanilla-scaler,vanilla-scaler-7b968db4f-5shcf,1739609686,244387840
vanilla-scaler,vanilla-scaler-7b968db4f-5shcf,1739609986,244527104
vanilla-scaler,vanilla-scaler-7b968db4f-5shcf,1739610286,244350976
vanilla-scaler,vanilla-scaler-7b968db4f-5shcf,1739610586,246239232
vanilla-scaler,vanilla-scaler-7b968db4f-5shcf,1739610886,244563968
vanilla-scaler,vanilla-scaler-7b968db4f-5shcf,1739611186,244576256
vanilla-scaler,vanilla-scaler-7b968db4f-5shcf,1739611486,244649984
vanilla-scaler,vanilla-scaler-7b968db4f-5shcf,1739611786,244674560
vanilla-scaler,vanilla-scaler-7b968db4f-5shcf,1739612086,244576256
vanilla-scaler,vanilla-scaler-7b968db4f-5shcf,1739612386,244760576
vanilla-scaler,vanilla-scaler-7b968db4f-5shcf,1739612686,244695040
vanilla-scaler,vanilla-scaler-7b968db4f-5shcf,1739612986,244551680
vanilla-scaler,vanilla-scaler-7b968db4f-5shcf,1739613286,244600832
vanilla-scaler,vanilla-scaler-7b968db4f-5shcf,1739613586,244269056
vanilla-scaler,vanilla-scaler-7b968db4f-5shcf,1739613886,244269056
vanilla-scaler,vanilla-scaler-7b968db4f-5shcf,1739614186,244269056
vanilla-scaler,vanilla-scaler-7b968db4f-5shcf,1739614486,244269056
vanilla-scaler,vanilla-scaler-7b968db4f-5shcf,1739614786,244375552
vanilla-scaler,vanilla-scaler-7b968db4f-5shcf,1739615086,244375552
vanilla-scaler,vanilla-scaler-7b968db4f-5shcf,1739615386,244269056
vanilla-scaler,vanilla-scaler-7b968db4f-5shcf,1739615686,244576256
vanilla-scaler,vanilla-scaler-7b968db4f-5shcf,1739615986,244641792
vanilla-scaler,vanilla-scaler-7b968db4f-5shcf,1739616286,244654080
vanilla-scaler,vanilla-scaler-7b968db4f-5shcf,1739616586,244813824
vanilla-scaler,vanilla-scaler-7b968db4f-5shcf,1739616886,244645888
vanilla-scaler,vanilla-scaler-7b968db4f-5shcf,1739617186,244666368
vanilla-scaler,vanilla-scaler-7b968db4f-5shcf,1739617486,245374976
vanilla-scaler,vanilla-scaler-7b968db4f-5shcf,1739617786,244719616
vanilla-scaler,vanilla-scaler-7b968db4f-5shcf,1739618086,244895744
vanilla-scaler,vanilla-scaler-7b968db4f-5shcf,1739618386,244899840
vanilla-scaler,vanilla-scaler-7b968db4f-5shcf,1739618686,244703232
vanilla-scaler,vanilla-scaler-7b968db4f-5shcf,1739618986,244707328
vanilla-scaler,vanilla-scaler-7b968db4f-5shcf,1739619286,244273152
vanilla-scaler,vanilla-scaler-7b968db4f-5shcf,1739619586,244277248
vanilla-scaler,vanilla-scaler-7b968db4f-5shcf,1739619886,244314112
vanilla-scaler,vanilla-scaler-7b968db4f-5shcf,1739620186,244506624
vanilla-scaler,vanilla-scaler-7b968db4f-5shcf,1739620486,244363264
vanilla-scaler,vanilla-scaler-7b968db4f-5shcf,1739620786,244424704
vanilla-scaler,vanilla-scaler-7b968db4f-5shcf,1739621086,244490240
vanilla-scaler,vanilla-scaler-7b968db4f-5shcf,1739621386,244731904
vanilla-scaler,vanilla-scaler-7b968db4f-5shcf,1739621686,244649984
vanilla-scaler,vanilla-scaler-7b968db4f-5shcf,1739621986,244678656
vanilla-scaler,vanilla-scaler-7b968db4f-5shcf,1739622286,244678656
vanilla-scaler,vanilla-scaler-7b968db4f-5shcf,1739622586,244678656
vanilla-scaler,vanilla-scaler-7b968db4f-5shcf,1739622886,244666368
vanilla-scaler,vanilla-scaler-7b968db4f-5shcf,1739623186,244719616
vanilla-scaler,vanilla-scaler-7b968db4f-5shcf,1739623486,244748288
vanilla-scaler,vanilla-scaler-7b968db4f-5shcf,1739623786,244932608
vanilla-scaler,vanilla-scaler-7b968db4f-5shcf,1739624086,244969472
vanilla-scaler,vanilla-scaler-7b968db4f-5shcf,1739624386,244723712
vanilla-scaler,vanilla-scaler-7b968db4f-5shcf,1739624686,246689792
vanilla-scaler,vanilla-scaler-7b968db4f-5shcf,1739624986,244285440
vanilla-scaler,vanilla-scaler-7b968db4f-5shcf,1739625286,244285440
vanilla-scaler,vanilla-scaler-7b968db4f-5shcf,1739625586,244371456
vanilla-scaler,vanilla-scaler-7b968db4f-5shcf,1739625886,244518912
vanilla-scaler,vanilla-scaler-7b968db4f-5shcf,1739626186,244518912
vanilla-scaler,vanilla-scaler-7b968db4f-5shcf,1739626486,244666368
vanilla-scaler,vanilla-scaler-7b968db4f-5shcf,1739626786,244543488
vanilla-scaler,vanilla-scaler-7b968db4f-5shcf,1739627086,244490240
vanilla-scaler,vanilla-scaler-7b968db4f-5shcf,1739627386,244580352
vanilla-scaler,vanilla-scaler-7b968db4f-5shcf,1739627686,244588544
vanilla-scaler,vanilla-scaler-7b968db4f-5shcf,1739627986,244596736
vanilla-scaler,vanilla-scaler-7b968db4f-5shcf,1739628286,245026816
vanilla-scaler,vanilla-scaler-7b968db4f-5shcf,1739628586,244768768
vanilla-scaler,vanilla-scaler-7b968db4f-5shcf,1739628886,244641792
vanilla-scaler,vanilla-scaler-7b968db4f-5shcf,1739629186,244649984
vanilla-scaler,vanilla-scaler-7b968db4f-5shcf,1739629486,244719616
vanilla-scaler,vanilla-scaler-7b968db4f-5shcf,1739629786,245063680
vanilla-scaler,vanilla-scaler-7b968db4f-5shcf,1739630086,246353920
vanilla-scaler,vanilla-scaler-7b968db4f-5shcf,1739630386,244744192
vanilla-scaler,vanilla-scaler-7b968db4f-5shcf,1739630686,244293632
vanilla-scaler,vanilla-scaler-7b968db4f-5shcf,1739630986,244297728
vanilla-scaler,vanilla-scaler-7b968db4f-5shcf,1739631286,244293632
vanilla-scaler,vanilla-scaler-7b968db4f-5shcf,1739631586,244293632
vanilla-scaler,vanilla-scaler-7b968db4f-5shcf,1739631886,244301824
vanilla-scaler,vanilla-scaler-7b968db4f-5shcf,1739632186,244535296
vanilla-scaler,vanilla-scaler-7b968db4f-5shcf,1739632486,244559872
vanilla-scaler,vanilla-scaler-7b968db4f-5shcf,1739632786,244785152
vanilla-scaler,vanilla-scaler-7b968db4f-5shcf,1739633086,244629504
vanilla-scaler,vanilla-scaler-7b968db4f-5shcf,1739633386,244518912
vanilla-scaler,vanilla-scaler-7b968db4f-5shcf,1739633686,246562816
vanilla-scaler,vanilla-scaler-7b968db4f-5shcf,1739633986,244912128
vanilla-scaler,vanilla-scaler-7b968db4f-5shcf,1739634286,244936704
vanilla-scaler,vanilla-scaler-7b968db4f-5shcf,1739634586,244944896
vanilla-scaler,vanilla-scaler-7b968db4f-5shcf,1739634886,244985856
vanilla-scaler,vanilla-scaler-7b968db4f-5shcf,1739635186,244776960
vanilla-scaler,vanilla-scaler-7b968db4f-5shcf,1739635486,246640640
vanilla-scaler,vanilla-scaler-7b968db4f-5shcf,1739635786,246345728
vanilla-scaler,vanilla-scaler-7b968db4f-5shcf,1739636086,245026816
vanilla-scaler,vanilla-scaler-7b968db4f-5shcf,1739636386,245071872
vanilla-scaler,vanilla-scaler-7b968db4f-5shcf,1739636686,244981760
vanilla-scaler,vanilla-scaler-7b968db4f-5shcf,1739636986,244977664
vanilla-scaler,vanilla-scaler-7b968db4f-5shcf,1739637286,246480896
vanilla-scaler,vanilla-scaler-7b968db4f-5shcf,1739637586,244301824
vanilla-scaler,vanilla-scaler-7b968db4f-5shcf,1739637886,244441088
vanilla-scaler,vanilla-scaler-7b968db4f-5shcf,1739638186,244469760
vanilla-scaler,vanilla-scaler-7b968db4f-5shcf,1739638486,244486144
vanilla-scaler,vanilla-scaler-7b968db4f-5shcf,1739638786,244490240
vanilla-scaler,vanilla-scaler-7b968db4f-5shcf,1739639086,244498432
vanilla-scaler,vanilla-scaler-7b968db4f-5shcf,1739639386,244420608
vanilla-scaler,vanilla-scaler-7b968db4f-5shcf,1739639686,244453376
vanilla-scaler,vanilla-scaler-7b968db4f-5shcf,1739639986,244695040
vanilla-scaler,vanilla-scaler-7b968db4f-5shcf,1739640286,244813824
vanilla-scaler,vanilla-scaler-7b968db4f-5shcf,1739640586,244682752
vanilla-scaler,vanilla-scaler-7b968db4f-5shcf,1739640886,245981184
vanilla-scaler,vanilla-scaler-7b968db4f-5shcf,1739641186,244633600
vanilla-scaler,vanilla-scaler-7b968db4f-5shcf,1739641486,244854784
vanilla-scaler,vanilla-scaler-7b968db4f-5shcf,1739641786,244871168
vanilla-scaler,vanilla-scaler-7b968db4f-5shcf,1739642086,244711424
vanilla-scaler,vanilla-scaler-7b968db4f-5shcf,1739642386,244781056
vanilla-scaler,vanilla-scaler-7b968db4f-5shcf,1739642686,244625408
vanilla-scaler,vanilla-scaler-7b968db4f-5shcf,1739642986,245133312
vanilla-scaler,vanilla-scaler-7b968db4f-5shcf,1739643286,244789248
vanilla-scaler,vanilla-scaler-7b968db4f-5shcf,1739643586,244793344
vanilla-scaler,vanilla-scaler-7b968db4f-5shcf,1739643886,244301824
vanilla-scaler,vanilla-scaler-7b968db4f-5shcf,1739644186,244301824
vanilla-scaler,vanilla-scaler-7b968db4f-5shcf,1739644486,244301824
vanilla-scaler,vanilla-scaler-7b968db4f-5shcf,1739644786,244383744
vanilla-scaler,vanilla-scaler-7b968db4f-5shcf,1739645086,244523008
vanilla-scaler,vanilla-scaler-7b968db4f-5shcf,1739645386,244600832
vanilla-scaler,vanilla-scaler-7b968db4f-5shcf,1739645686,244686848
vanilla-scaler,vanilla-scaler-7b968db4f-5shcf,1739645986,244576256
vanilla-scaler,vanilla-scaler-7b968db4f-5shcf,1739646286,246398976
vanilla-scaler,vanilla-scaler-7b968db4f-5shcf,1739646586,244891648
vanilla-scaler,vanilla-scaler-7b968db4f-5shcf,1739646886,244682752
vanilla-scaler,vanilla-scaler-7b968db4f-5shcf,1739647186,244842496
vanilla-scaler,vanilla-scaler-7b968db4f-5shcf,1739647486,244842496
vanilla-scaler,vanilla-scaler-7b968db4f-5shcf,1739647786,245006336
vanilla-scaler,vanilla-scaler-7b968db4f-5shcf,1739648086,244887552
vanilla-scaler,vanilla-scaler-7b968db4f-5shcf,1739648386,244891648
vanilla-scaler,vanilla-scaler-7b968db4f-5shcf,1739648686,244838400
vanilla-scaler,vanilla-scaler-7b968db4f-5shcf,1739648986,245026816
vanilla-scaler,vanilla-scaler-7b968db4f-5shcf,1739649286,244645888
vanilla-scaler,vanilla-scaler-7b968db4f-5shcf,1739649586,246857728
vanilla-scaler,vanilla-scaler-7b968db4f-5shcf,1739649886,245035008
vanilla-scaler,vanilla-scaler-7b968db4f-5shcf,1739650186,244314112
vanilla-scaler,vanilla-scaler-7b968db4f-5shcf,1739650486,244736000
vanilla-scaler,vanilla-scaler-7b968db4f-5shcf,1739650786,244555776
vanilla-scaler,vanilla-scaler-7b968db4f-5shcf,1739651086,244498432
vanilla-scaler,vanilla-scaler-7b968db4f-5shcf,1739651386,244420608
vanilla-scaler,vanilla-scaler-7b968db4f-5shcf,1739651686,244396032
vanilla-scaler,vanilla-scaler-7b968db4f-5shcf,1739651986,244502528
vanilla-scaler,vanilla-scaler-7b968db4f-5shcf,1739652286,244654080
vanilla-scaler,vanilla-scaler-7b968db4f-5shcf,1739652586,244551680
vanilla-scaler,vanilla-scaler-7b968db4f-5shcf,1739652886,244637696
vanilla-scaler,vanilla-scaler-7b968db4f-5shcf,1739653186,244654080
vanilla-scaler,vanilla-scaler-7b968db4f-5shcf,1739653486,244785152
vanilla-scaler,vanilla-scaler-7b968db4f-5shcf,1739653786,244817920
vanilla-scaler,vanilla-scaler-7b968db4f-5shcf,1739654086,245129216
vanilla-scaler,vanilla-scaler-7b968db4f-5shcf,1739654386,244903936
vanilla-scaler,vanilla-scaler-7b968db4f-5shcf,1739654686,244695040
vanilla-scaler,vanilla-scaler-7b968db4f-5shcf,1739654986,244707328
vanilla-scaler,vanilla-scaler-7b968db4f-5shcf,1739655286,244707328
vanilla-scaler,vanilla-scaler-7b968db4f-5shcf,1739655586,244760576
vanilla-scaler,vanilla-scaler-7b968db4f-5shcf,1739655886,246480896
vanilla-scaler,vanilla-scaler-7b968db4f-5shcf,1739656186,244867072
vanilla-scaler,vanilla-scaler-7b968db4f-5shcf,1739656486,244424704
vanilla-scaler,vanilla-scaler-7b968db4f-5shcf,1739656786,244449280
vanilla-scaler,vanilla-scaler-7b968db4f-5shcf,1739657086,244555776
vanilla-scaler,vanilla-scaler-7b968db4f-5shcf,1739657386,244531200
vanilla-scaler,vanilla-scaler-7b968db4f-5shcf,1739657686,244563968
vanilla-scaler,vanilla-scaler-7b968db4f-5shcf,1739657986,244510720
vanilla-scaler,vanilla-scaler-7b968db4f-5shcf,1739658286,244518912
vanilla-scaler,vanilla-scaler-7b968db4f-5shcf,1739658586,244662272
vanilla-scaler,vanilla-scaler-7b968db4f-5shcf,1739658886,244752384
vanilla-scaler,vanilla-scaler-7b968db4f-5shcf,1739659186,244736000
vanilla-scaler,vanilla-scaler-7b968db4f-5shcf,1739659486,244490240
vanilla-scaler,vanilla-scaler-7b968db4f-5shcf,1739659786,244715520
vanilla-scaler,vanilla-scaler-7b968db4f-5shcf,1739660086,244809728
vanilla-scaler,vanilla-scaler-7b968db4f-5shcf,1739660386,244838400
vanilla-scaler,vanilla-scaler-7b968db4f-5shcf,1739660686,244961280
vanilla-scaler,vanilla-scaler-7b968db4f-5shcf,1739660986,244961280
vanilla-scaler,vanilla-scaler-7b968db4f-5shcf,1739661286,244973568
vanilla-scaler,vanilla-scaler-7b968db4f-5shcf,1739661586,244887552
vanilla-scaler,vanilla-scaler-7b968db4f-5shcf,1739661886,245075968
vanilla-scaler,vanilla-scaler-7b968db4f-5shcf,1739662186,245075968
vanilla-scaler,vanilla-scaler-7b968db4f-5shcf,1739662486,244330496
vanilla-scaler,vanilla-scaler-7b968db4f-5shcf,1739662786,244330496
vanilla-scaler,vanilla-scaler-7b968db4f-5shcf,1739663086,244469760
vanilla-scaler,vanilla-scaler-7b968db4f-5shcf,1739663386,244371456
vanilla-scaler,vanilla-scaler-7b968db4f-5shcf,1739663686,244453376
vanilla-scaler,vanilla-scaler-7b968db4f-5shcf,1739663986,244498432
vanilla-scaler,vanilla-scaler-7b968db4f-5shcf,1739664286,244531200
vanilla-scaler,vanilla-scaler-7b968db4f-5shcf,1739664586,244563968
vanilla-scaler,vanilla-scaler-7b968db4f-5shcf,1739664886,244633600
vanilla-scaler,vanilla-scaler-7b968db4f-5shcf,1739665186,244609024
vanilla-scaler,vanilla-scaler-7b968db4f-5shcf,1739665486,244760576
vanilla-scaler,vanilla-scaler-7b968db4f-5shcf,1739665786,244760576
vanilla-scaler,vanilla-scaler-7b968db4f-5shcf,1739666086,244596736
vanilla-scaler,vanilla-scaler-7b968db4f-5shcf,1739666386,244772864
vanilla-scaler,vanilla-scaler-7b968db4f-5shcf,1739666686,246513664
vanilla-scaler,vanilla-scaler-7b968db4f-5shcf,1739666986,244625408
vanilla-scaler,vanilla-scaler-7b968db4f-5shcf,1739667286,244875264
vanilla-scaler,vanilla-scaler-7b968db4f-5shcf,1739667586,244711424
vanilla-scaler,vanilla-scaler-7b968db4f-5shcf,1739667886,244736000
vanilla-scaler,vanilla-scaler-7b968db4f-5shcf,1739668186,244740096
vanilla-scaler,vanilla-scaler-7b968db4f-5shcf,1739668486,246714368
vanilla-scaler,vanilla-scaler-7b968db4f-5shcf,1739668786,245067776
vanilla-scaler,vanilla-scaler-7b968db4f-5shcf,1739669086,244789248
vanilla-scaler,vanilla-scaler-7b968db4f-5shcf,1739669386,244338688
vanilla-scaler,vanilla-scaler-7b968db4f-5shcf,1739669686,244502528
vanilla-scaler,vanilla-scaler-7b968db4f-5shcf,1739669986,244514816
vanilla-scaler,vanilla-scaler-7b968db4f-5shcf,1739670286,244510720
vanilla-scaler,vanilla-scaler-7b968db4f-5shcf,1739670586,244469760
vanilla-scaler,vanilla-scaler-7b968db4f-5shcf,1739670886,244580352
vanilla-scaler,vanilla-scaler-7b968db4f-5shcf,1739671186,244600832
vanilla-scaler,vanilla-scaler-7b968db4f-5shcf,1739671486,244596736
vanilla-scaler,vanilla-scaler-7b968db4f-5shcf,1739671786,244596736
vanilla-scaler,vanilla-scaler-7b968db4f-5shcf,1739672086,244506624
vanilla-scaler,vanilla-scaler-7b968db4f-5shcf,1739672386,245063680
vanilla-scaler,vanilla-scaler-7b968db4f-5shcf,1739672686,244666368
vanilla-scaler,vanilla-scaler-7b968db4f-5shcf,1739672986,244736000
vanilla-scaler,vanilla-scaler-7b968db4f-5shcf,1739673286,244817920
vanilla-scaler,vanilla-scaler-7b968db4f-5shcf,1739673586,244813824
vanilla-scaler,vanilla-scaler-7b968db4f-5shcf,1739673886,244813824
vanilla-scaler,vanilla-scaler-7b968db4f-5shcf,1739674186,244641792
vanilla-scaler,vanilla-scaler-7b968db4f-5shcf,1739674486,244641792
vanilla-scaler,vanilla-scaler-7b968db4f-5shcf,1739674786,244842496
vanilla-scaler,vanilla-scaler-7b968db4f-5shcf,1739675086,244862976
vanilla-scaler,vanilla-scaler-7b968db4f-5shcf,1739675386,244576256
vanilla-scaler,vanilla-scaler-7b968db4f-5shcf,1739675686,244600832
vanilla-scaler,vanilla-scaler-7b968db4f-5shcf,1739675986,246366208
vanilla-scaler,vanilla-scaler-7b968db4f-5shcf,1739676286,244842496
vanilla-scaler,vanilla-scaler-7b968db4f-5shcf,1739676586,244342784
vanilla-scaler,vanilla-scaler-7b968db4f-5shcf,1739676886,244338688
vanilla-scaler,vanilla-scaler-7b968db4f-5shcf,1739677186,244355072
vanilla-scaler,vanilla-scaler-7b968db4f-5shcf,1739677486,244494336
vanilla-scaler,vanilla-scaler-7b968db4f-5shcf,1739677786,244584448
vanilla-scaler,vanilla-scaler-7b968db4f-5shcf,1739678086,244416512
vanilla-scaler,vanilla-scaler-7b968db4f-5shcf,1739678386,244428800
vanilla-scaler,vanilla-scaler-7b968db4f-5shcf,1739678686,244584448
vanilla-scaler,vanilla-scaler-7b968db4f-5shcf,1739678986,244449280
vanilla-scaler,vanilla-scaler-7b968db4f-5shcf,1739679286,244576256
vanilla-scaler,vanilla-scaler-7b968db4f-5shcf,1739679586,244674560
vanilla-scaler,vanilla-scaler-7b968db4f-5shcf,1739679886,244559872
vanilla-scaler,vanilla-scaler-7b968db4f-5shcf,1739680186,244678656
vanilla-scaler,vanilla-scaler-7b968db4f-5shcf,1739680486,244678656
vanilla-scaler,vanilla-scaler-7b968db4f-5shcf,1739680786,244707328
vanilla-scaler,vanilla-scaler-7b968db4f-5shcf,1739681086,244576256
vanilla-scaler,vanilla-scaler-7b968db4f-5shcf,1739681386,246280192
vanilla-scaler,vanilla-scaler-7b968db4f-5shcf,1739681686,244703232
vanilla-scaler,vanilla-scaler-7b968db4f-5shcf,1739681986,244838400
vanilla-scaler,vanilla-scaler-7b968db4f-5shcf,1739682286,244654080
vanilla-scaler,vanilla-scaler-7b968db4f-5shcf,1739682586,244686848
vanilla-scaler,vanilla-scaler-7b968db4f-5shcf,1739682886,244600832
vanilla-scaler,vanilla-scaler-7b968db4f-5shcf,1739683186,246902784
vanilla-scaler,vanilla-scaler-7b968db4f-5shcf,1739683486,244346880
vanilla-scaler,vanilla-scaler-7b968db4f-5shcf,1739683786,244346880
vanilla-scaler,vanilla-scaler-7b968db4f-5shcf,1739684086,244350976
vanilla-scaler,vanilla-scaler-7b968db4f-5shcf,1739684386,244383744
vanilla-scaler,vanilla-scaler-7b968db4f-5shcf,1739684686,244387840
vanilla-scaler,vanilla-scaler-7b968db4f-5shcf,1739684986,244404224
vanilla-scaler,vanilla-scaler-7b968db4f-5shcf,1739685286,244350976
vanilla-scaler,vanilla-scaler-7b968db4f-5shcf,1739685586,244412416
vanilla-scaler,vanilla-scaler-7b968db4f-5shcf,1739685886,244412416
vanilla-scaler,vanilla-scaler-7b968db4f-5shcf,1739686186,244563968
vanilla-scaler,vanilla-scaler-7b968db4f-5shcf,1739686486,246161408
vanilla-scaler,vanilla-scaler-7b968db4f-5shcf,1739686786,244690944
vanilla-scaler,vanilla-scaler-7b968db4f-5shcf,1739687086,244776960
vanilla-scaler,vanilla-scaler-7b968db4f-5shcf,1739687386,244801536
vanilla-scaler,vanilla-scaler-7b968db4f-5shcf,1739687686,244944896
vanilla-scaler,vanilla-scaler-7b968db4f-5shcf,1739687986,244695040
vanilla-scaler,vanilla-scaler-7b968db4f-5shcf,1739688286,244707328
vanilla-scaler,vanilla-scaler-7b968db4f-5shcf,1739688586,244850688
vanilla-scaler,vanilla-scaler-7b968db4f-5shcf,1739688886,245149696
vanilla-scaler,vanilla-scaler-7b968db4f-5shcf,1739689186,245223424
vanilla-scaler,vanilla-scaler-7b968db4f-5shcf,1739689486,247398400
vanilla-scaler,vanilla-scaler-7b968db4f-5shcf,1739689786,245723136
vanilla-scaler,vanilla-scaler-7b968db4f-5shcf,1739690086,245473280
vanilla-scaler,vanilla-scaler-7b968db4f-5shcf,1739690386,247627776
vanilla-scaler,vanilla-scaler-7b968db4f-5shcf,1739690686,244375552
vanilla-scaler,vanilla-scaler-7b968db4f-5shcf,1739690986,244469760
vanilla-scaler,vanilla-scaler-7b968db4f-5shcf,1739691286,244510720
vanilla-scaler,vanilla-scaler-7b968db4f-5shcf,1739691586,244375552
vanilla-scaler,vanilla-scaler-7b968db4f-5shcf,1739691886,244375552
vanilla-scaler,vanilla-scaler-7b968db4f-5shcf,1739692186,244457472
vanilla-scaler,vanilla-scaler-7b968db4f-5shcf,1739692486,244662272
vanilla-scaler,vanilla-scaler-7b968db4f-5shcf,1739692786,244744192
vanilla-scaler,vanilla-scaler-7b968db4f-5shcf,1739693086,244785152
vanilla-scaler,vanilla-scaler-7b968db4f-5shcf,1739693386,244662272
vanilla-scaler,vanilla-scaler-7b968db4f-5shcf,1739693686,244781056
vanilla-scaler,vanilla-scaler-7b968db4f-5shcf,1739693986,244940800
vanilla-scaler,vanilla-scaler-7b968db4f-5shcf,1739694286,244809728
vanilla-scaler,vanilla-scaler-7b968db4f-5shcf,1739694586,244834304
vanilla-scaler,vanilla-scaler-7b968db4f-5shcf,1739694886,244834304
vanilla-scaler,vanilla-scaler-7b968db4f-5shcf,1739695186,241532928
vanilla-scaler,vanilla-scaler-7b968db4f-5shcf,1739695486,243433472
vanilla-scaler,vanilla-scaler-7b968db4f-5shcf,1739695786,241848320
vanilla-scaler,vanilla-scaler-7b968db4f-5shcf,1739696086,241512448
vanilla-scaler,vanilla-scaler-7b968db4f-5shcf,1739696386,241623040
vanilla-scaler,vanilla-scaler-7b968db4f-5shcf,1739696686,241627136
vanilla-scaler,vanilla-scaler-7b968db4f-5shcf,1739696986,241614848
vanilla-scaler,vanilla-scaler-7b968db4f-5shcf,1739697286,243675136
vanilla-scaler,vanilla-scaler-7b968db4f-5shcf,1739697586,241729536
vanilla-scaler,vanilla-scaler-7b968db4f-5shcf,1739697886,244387840
vanilla-scaler,vanilla-scaler-7b968db4f-5shcf,1739698186,244383744
vanilla-scaler,vanilla-scaler-7b968db4f-5shcf,1739698486,244383744
vanilla-scaler,vanilla-scaler-7b968db4f-5shcf,1739698786,244383744
vanilla-scaler,vanilla-scaler-7b968db4f-5shcf,1739699086,244420608
vanilla-scaler,vanilla-scaler-7b968db4f-5shcf,1739699386,244510720
vanilla-scaler,vanilla-scaler-7b968db4f-5shcf,1739699686,244625408
vanilla-scaler,vanilla-scaler-7b968db4f-5shcf,1739699986,244621312
vanilla-scaler,vanilla-scaler-7b968db4f-5shcf,1739700286,244674560
vanilla-scaler,vanilla-scaler-7b968db4f-5shcf,1739700586,244731904
vanilla-scaler,vanilla-scaler-7b968db4f-5shcf,1739700886,244801536
vanilla-scaler,vanilla-scaler-7b968db4f-5shcf,1739701186,244752384
vanilla-scaler,vanilla-scaler-7b968db4f-5shcf,1739701486,244797440
vanilla-scaler,vanilla-scaler-7b968db4f-5shcf,1739701786,244850688
vanilla-scaler,vanilla-scaler-7b968db4f-5shcf,1739702086,244854784
vanilla-scaler,vanilla-scaler-7b968db4f-5shcf,1739702386,244936704
vanilla-scaler,vanilla-scaler-7b968db4f-5shcf,1739702686,244445184
vanilla-scaler,vanilla-scaler-7b968db4f-5shcf,1739702986,244514816
vanilla-scaler,vanilla-scaler-7b968db4f-5shcf,1739703286,244531200
vanilla-scaler,vanilla-scaler-7b968db4f-5shcf,1739703586,244658176
vanilla-scaler,vanilla-scaler-7b968db4f-5shcf,1739703886,245071872
vanilla-scaler,vanilla-scaler-7b968db4f-5shcf,1739704186,244699136
vanilla-scaler,vanilla-scaler-7b968db4f-5shcf,1739704486,246251520
vanilla-scaler,vanilla-scaler-7b968db4f-5shcf,1739704786,244969472
vanilla-scaler,vanilla-scaler-7b968db4f-5shcf,1739705086,244965376
vanilla-scaler,vanilla-scaler-7b968db4f-5shcf,1739705386,244854784
vanilla-scaler,vanilla-scaler-7b968db4f-5shcf,1739705686,244785152
vanilla-scaler,vanilla-scaler-7b968db4f-5shcf,1739705986,244862976
vanilla-scaler,vanilla-scaler-7b968db4f-5shcf,1739706286,245026816
vanilla-scaler,vanilla-scaler-7b968db4f-5shcf,1739706586,244805632
vanilla-scaler,vanilla-scaler-7b968db4f-5shcf,1739706886,244920320
vanilla-scaler,vanilla-scaler-7b968db4f-5shcf,1739707186,244924416
vanilla-scaler,vanilla-scaler-7b968db4f-5shcf,1739707486,244391936
vanilla-scaler,vanilla-scaler-7b968db4f-5shcf,1739707786,244391936
vanilla-scaler,vanilla-scaler-7b968db4f-5shcf,1739708086,244391936
vanilla-scaler,vanilla-scaler-7b968db4f-5shcf,1739708386,244391936
vanilla-scaler,vanilla-scaler-7b968db4f-5shcf,1739708686,244494336
vanilla-scaler,vanilla-scaler-7b968db4f-5shcf,1739708986,244506624
vanilla-scaler,vanilla-scaler-7b968db4f-5shcf,1739709286,244752384
vanilla-scaler,vanilla-scaler-7b968db4f-5shcf,1739709586,245075968
vanilla-scaler,vanilla-scaler-7b968db4f-5shcf,1739709886,246624256
vanilla-scaler,vanilla-scaler-7b968db4f-5shcf,1739710186,244834304
vanilla-scaler,vanilla-scaler-7b968db4f-5shcf,1739710486,245059584
vanilla-scaler,vanilla-scaler-7b968db4f-5shcf,1739710786,245018624
vanilla-scaler,vanilla-scaler-7b968db4f-5shcf,1739711086,244977664
vanilla-scaler,vanilla-scaler-7b968db4f-5shcf,1739711386,244801536
vanilla-scaler,vanilla-scaler-7b968db4f-5shcf,1739711686,244813824
vanilla-scaler,vanilla-scaler-7b968db4f-5shcf,1739711986,244875264
vanilla-scaler,vanilla-scaler-7b968db4f-5shcf,1739712286,245059584
vanilla-scaler,vanilla-scaler-7b968db4f-5shcf,1739712586,244867072
vanilla-scaler,vanilla-scaler-7b968db4f-5shcf,1739712886,244912128
vanilla-scaler,vanilla-scaler-7b968db4f-5shcf,1739713186,244928512
vanilla-scaler,vanilla-scaler-7b968db4f-5shcf,1739713486,244396032
vanilla-scaler,vanilla-scaler-7b968db4f-5shcf,1739713786,244396032
vanilla-scaler,vanilla-scaler-7b968db4f-5shcf,1739714086,244416512
vanilla-scaler,vanilla-scaler-7b968db4f-5shcf,1739714386,244510720
vanilla-scaler,vanilla-scaler-7b968db4f-5shcf,1739714686,244523008
vanilla-scaler,vanilla-scaler-7b968db4f-5shcf,1739714986,244563968
vanilla-scaler,vanilla-scaler-7b968db4f-5shcf,1739715286,244563968
vanilla-scaler,vanilla-scaler-7b968db4f-5shcf,1739715586,244731904
vanilla-scaler,vanilla-scaler-7b968db4f-5shcf,1739715886,246620160
vanilla-scaler,vanilla-scaler-7b968db4f-5shcf,1739716186,258539520
vanilla-scaler,vanilla-scaler-7b968db4f-5shcf,1739716486,258543616
redis-cart,redis-cart-558f8d8d44-97txw,1739400586,51126272
redis-cart,redis-cart-558f8d8d44-97txw,1739400886,53264384
redis-cart,redis-cart-558f8d8d44-97txw,1739401186,54276096
redis-cart,redis-cart-558f8d8d44-97txw,1739401486,55107584
redis-cart,redis-cart-558f8d8d44-97txw,1739401786,56049664
redis-cart,redis-cart-558f8d8d44-97txw,1739402086,56840192
redis-cart,redis-cart-558f8d8d44-97txw,1739402386,59908096
redis-cart,redis-cart-558f8d8d44-97txw,1739402686,60833792
redis-cart,redis-cart-558f8d8d44-97txw,1739402986,61624320
redis-cart,redis-cart-558f8d8d44-97txw,1739403286,62685184
redis-cart,redis-cart-558f8d8d44-97txw,1739403586,63242240
redis-cart,redis-cart-558f8d8d44-97txw,1739403886,63918080
redis-cart,redis-cart-558f8d8d44-97txw,1739404186,64548864
redis-cart,redis-cart-558f8d8d44-97txw,1739404486,65335296
redis-cart,redis-cart-558f8d8d44-97txw,1739404786,66207744
redis-cart,redis-cart-558f8d8d44-97txw,1739405086,67383296
redis-cart,redis-cart-558f8d8d44-97txw,1739405386,68284416
redis-cart,redis-cart-558f8d8d44-97txw,1739405686,68767744
redis-cart,redis-cart-558f8d8d44-97txw,1739405986,69316608
redis-cart,redis-cart-558f8d8d44-97txw,1739406286,70094848
redis-cart,redis-cart-558f8d8d44-97txw,1739406586,70914048
redis-cart,redis-cart-558f8d8d44-97txw,1739406886,71692288
redis-cart,redis-cart-558f8d8d44-97txw,1739407186,72450048
redis-cart,redis-cart-558f8d8d44-97txw,1739407486,73998336
redis-cart,redis-cart-558f8d8d44-97txw,1739407786,72265728
redis-cart,redis-cart-558f8d8d44-97txw,1739408086,73142272
redis-cart,redis-cart-558f8d8d44-97txw,1739408386,74010624
redis-cart,redis-cart-558f8d8d44-97txw,1739408686,74858496
redis-cart,redis-cart-558f8d8d44-97txw,1739408986,75706368
redis-cart,redis-cart-558f8d8d44-97txw,1739409286,76509184
redis-cart,redis-cart-558f8d8d44-97txw,1739409586,77299712
redis-cart,redis-cart-558f8d8d44-97txw,1739409886,78241792
redis-cart,redis-cart-558f8d8d44-97txw,1739410186,80244736
redis-cart,redis-cart-558f8d8d44-97txw,1739410486,80318464
redis-cart,redis-cart-558f8d8d44-97txw,1739410786,81035264
redis-cart,redis-cart-558f8d8d44-97txw,1739411086,81981440
redis-cart,redis-cart-558f8d8d44-97txw,1739411386,83058688
redis-cart,redis-cart-558f8d8d44-97txw,1739411686,84054016
redis-cart,redis-cart-558f8d8d44-97txw,1739411986,84377600
redis-cart,redis-cart-558f8d8d44-97txw,1739412286,85258240
redis-cart,redis-cart-558f8d8d44-97txw,1739412586,86118400
redis-cart,redis-cart-558f8d8d44-97txw,1739412886,87056384
redis-cart,redis-cart-558f8d8d44-97txw,1739413186,91762688
redis-cart,redis-cart-558f8d8d44-97txw,1739413486,89747456
redis-cart,redis-cart-558f8d8d44-97txw,1739413786,90103808
redis-cart,redis-cart-558f8d8d44-97txw,1739414086,91205632
redis-cart,redis-cart-558f8d8d44-97txw,1739414386,92041216
redis-cart,redis-cart-558f8d8d44-97txw,1739414686,92131328
redis-cart,redis-cart-558f8d8d44-97txw,1739414986,92483584
redis-cart,redis-cart-558f8d8d44-97txw,1739415286,91832320
redis-cart,redis-cart-558f8d8d44-97txw,1739415586,91869184
redis-cart,redis-cart-558f8d8d44-97txw,1739415886,92217344
redis-cart,redis-cart-558f8d8d44-97txw,1739416186,91963392
redis-cart,redis-cart-558f8d8d44-97txw,1739416486,92512256
redis-cart,redis-cart-558f8d8d44-97txw,1739416786,92504064
redis-cart,redis-cart-558f8d8d44-97txw,1739417086,92581888
redis-cart,redis-cart-558f8d8d44-97txw,1739417386,93741056
redis-cart,redis-cart-558f8d8d44-97txw,1739417686,94494720
redis-cart,redis-cart-558f8d8d44-97txw,1739417986,95223808
redis-cart,redis-cart-558f8d8d44-97txw,1739418286,96112640
redis-cart,redis-cart-558f8d8d44-97txw,1739418586,97447936
redis-cart,redis-cart-558f8d8d44-97txw,1739418886,98725888
redis-cart,redis-cart-558f8d8d44-97txw,1739419186,100282368
redis-cart,redis-cart-558f8d8d44-97txw,1739419486,101646336
redis-cart,redis-cart-558f8d8d44-97txw,1739419786,105218048
redis-cart,redis-cart-558f8d8d44-97txw,1739420086,106123264
redis-cart,redis-cart-558f8d8d44-97txw,1739420386,106561536
redis-cart,redis-cart-558f8d8d44-97txw,1739420686,107094016
redis-cart,redis-cart-558f8d8d44-97txw,1739420986,106897408
redis-cart,redis-cart-558f8d8d44-97txw,1739421286,106975232
redis-cart,redis-cart-558f8d8d44-97txw,1739421586,106975232
redis-cart,redis-cart-558f8d8d44-97txw,1739421886,107134976
redis-cart,redis-cart-558f8d8d44-97txw,1739422186,107065344
redis-cart,redis-cart-558f8d8d44-97txw,1739422486,109109248
redis-cart,redis-cart-558f8d8d44-97txw,1739422786,107347968
redis-cart,redis-cart-558f8d8d44-97txw,1739423086,107372544
redis-cart,redis-cart-558f8d8d44-97txw,1739423386,107638784
redis-cart,redis-cart-558f8d8d44-97txw,1739423686,107634688
redis-cart,redis-cart-558f8d8d44-97txw,1739423986,107376640
redis-cart,redis-cart-558f8d8d44-97txw,1739424286,109527040
redis-cart,redis-cart-558f8d8d44-97txw,1739424586,108384256
k6-load-test,k6-load-test-9bd7c8b76-88sfb,1739290486,165916672
k6-load-test,k6-load-test-9bd7c8b76-88sfb,1739290786,192790528
k6-load-test,k6-load-test-9bd7c8b76-88sfb,1739291086,196988928
k6-load-test,k6-load-test-9bd7c8b76-88sfb,1739291386,199229440
k6-load-test,k6-load-test-9bd7c8b76-88sfb,1739291686,203534336
k6-load-test,k6-load-test-9bd7c8b76-88sfb,1739291986,206036992
k6-load-test,k6-load-test-9bd7c8b76-88sfb,1739292286,211329024
k6-load-test,k6-load-test-9bd7c8b76-88sfb,1739292586,217485312
k6-load-test,k6-load-test-9bd7c8b76-88sfb,1739292886,217575424
k6-load-test,k6-load-test-9bd7c8b76-88sfb,1739293186,224468992
k6-load-test,k6-load-test-9bd7c8b76-88sfb,1739293486,224075776
k6-load-test,k6-load-test-9bd7c8b76-88sfb,1739293786,234582016
k6-load-test,k6-load-test-9bd7c8b76-88sfb,1739294086,236855296
k6-load-test,k6-load-test-9bd7c8b76-88sfb,1739294386,236843008
k6-load-test,k6-load-test-9bd7c8b76-88sfb,1739294686,245264384
k6-load-test,k6-load-test-9bd7c8b76-88sfb,1739294986,245280768
k6-load-test,k6-load-test-9bd7c8b76-88sfb,1739295286,245415936
k6-load-test,k6-load-test-9bd7c8b76-88sfb,1739295586,255864832
k6-load-test,k6-load-test-9bd7c8b76-88sfb,1739295886,257622016
k6-load-test,k6-load-test-9bd7c8b76-88sfb,1739296186,255967232
k6-load-test,k6-load-test-9bd7c8b76-88sfb,1739296486,256004096
k6-load-test,k6-load-test-9bd7c8b76-88sfb,1739296786,269623296
k6-load-test,k6-load-test-9bd7c8b76-88sfb,1739297086,270024704
k6-load-test,k6-load-test-9bd7c8b76-88sfb,1739297386,269795328
k6-load-test,k6-load-test-9bd7c8b76-88sfb,1739297686,270004224
k6-load-test,k6-load-test-9bd7c8b76-88sfb,1739297986,269832192
k6-load-test,k6-load-test-9bd7c8b76-88sfb,1739298286,270368768
k6-load-test,k6-load-test-9bd7c8b76-88sfb,1739298586,312745984
k6-load-test,k6-load-test-9bd7c8b76-88sfb,1739298886,316776448
k6-load-test,k6-load-test-9bd7c8b76-88sfb,1739299186,316764160
k6-load-test,k6-load-test-9bd7c8b76-88sfb,1739299486,317095936
k6-load-test,k6-load-test-9bd7c8b76-88sfb,1739299786,316891136
k6-load-test,k6-load-test-9bd7c8b76-88sfb,1739300086,317014016
k6-load-test,k6-load-test-9bd7c8b76-88sfb,1739300386,340975616
k6-load-test,k6-load-test-9bd7c8b76-88sfb,1739300686,342626304
k6-load-test,k6-load-test-9bd7c8b76-88sfb,1739300986,314601472
k6-load-test,k6-load-test-9bd7c8b76-88sfb,1739301286,314216448
k6-load-test,k6-load-test-9bd7c8b76-88sfb,1739301586,314531840
k6-load-test,k6-load-test-9bd7c8b76-88sfb,1739301886,314490880
k6-load-test,k6-load-test-9bd7c8b76-88sfb,1739302186,314376192
k6-load-test,k6-load-test-9bd7c8b76-88sfb,1739302486,314392576
k6-load-test,k6-load-test-9bd7c8b76-88sfb,1739302786,345939968
k6-load-test,k6-load-test-9bd7c8b76-88sfb,1739303086,343584768
k6-load-test,k6-load-test-9bd7c8b76-88sfb,1739303386,342069248
k6-load-test,k6-load-test-9bd7c8b76-88sfb,1739303686,342323200
k6-load-test,k6-load-test-9bd7c8b76-88sfb,1739303986,342163456
k6-load-test,k6-load-test-9bd7c8b76-88sfb,1739304286,342196224
k6-load-test,k6-load-test-9bd7c8b76-88sfb,1739304586,342093824
k6-load-test,k6-load-test-9bd7c8b76-88sfb,1739304886,342523904
k6-load-test,k6-load-test-9bd7c8b76-88sfb,1739305186,342409216
k6-load-test,k6-load-test-9bd7c8b76-88sfb,1739305486,335929344
k6-load-test,k6-load-test-9bd7c8b76-88sfb,1739305786,335925248
k6-load-test,k6-load-test-9bd7c8b76-88sfb,1739306086,335937536
k6-load-test,k6-load-test-9bd7c8b76-88sfb,1739306386,371728384
k6-load-test,k6-load-test-9bd7c8b76-88sfb,1739306686,371736576
k6-load-test,k6-load-test-9bd7c8b76-88sfb,1739306986,371990528
k6-load-test,k6-load-test-9bd7c8b76-88sfb,1739307286,372543488
k6-load-test,k6-load-test-9bd7c8b76-88sfb,1739307586,372338688
k6-load-test,k6-load-test-9bd7c8b76-88sfb,1739307886,378699776
k6-load-test,k6-load-test-9bd7c8b76-88sfb,1739308186,378523648
k6-load-test,k6-load-test-9bd7c8b76-88sfb,1739308486,378519552
k6-load-test,k6-load-test-9bd7c8b76-88sfb,1739308786,378810368
k6-load-test,k6-load-test-9bd7c8b76-88sfb,1739309086,379564032
k6-load-test,k6-load-test-9bd7c8b76-88sfb,1739309386,379195392
k6-load-test,k6-load-test-9bd7c8b76-88sfb,1739309686,379195392
k6-load-test,k6-load-test-9bd7c8b76-88sfb,1739309986,378408960
k6-load-test,k6-load-test-9bd7c8b76-88sfb,1739310286,410222592
k6-load-test,k6-load-test-9bd7c8b76-88sfb,1739310586,412209152
k6-load-test,k6-load-test-9bd7c8b76-88sfb,1739310886,412213248
k6-load-test,k6-load-test-9bd7c8b76-88sfb,1739311186,412213248
k6-load-test,k6-load-test-9bd7c8b76-88sfb,1739311486,412344320
k6-load-test,k6-load-test-9bd7c8b76-88sfb,1739311786,415985664
k6-load-test,k6-load-test-9bd7c8b76-88sfb,1739312086,418045952
k6-load-test,k6-load-test-9bd7c8b76-88sfb,1739312386,418086912
k6-load-test,k6-load-test-9bd7c8b76-88sfb,1739312686,418476032
recommendationservice,recommendationservice-55c5b99985-pfkl4,1739226586,116420608
recommendationservice,recommendationservice-55c5b99985-pfkl4,1739226886,116940800
recommendationservice,recommendationservice-55c5b99985-pfkl4,1739227186,117612544
recommendationservice,recommendationservice-55c5b99985-pfkl4,1739227486,117653504
recommendationservice,recommendationservice-55c5b99985-pfkl4,1739227786,117723136
recommendationservice,recommendationservice-55c5b99985-pfkl4,1739228086,117723136
recommendationservice,recommendationservice-55c5b99985-pfkl4,1739228386,117927936
recommendationservice,recommendationservice-55c5b99985-pfkl4,1739228686,117981184
recommendationservice,recommendationservice-55c5b99985-pfkl4,1739228986,118054912
recommendationservice,recommendationservice-55c5b99985-pfkl4,1739229286,118054912
recommendationservice,recommendationservice-55c5b99985-pfkl4,1739229586,118087680
recommendationservice,recommendationservice-55c5b99985-pfkl4,1739229886,118239232
recommendationservice,recommendationservice-55c5b99985-pfkl4,1739230186,118415360
recommendationservice,recommendationservice-55c5b99985-pfkl4,1739230486,118484992
recommendationservice,recommendationservice-55c5b99985-pfkl4,1739230786,118534144
recommendationservice,recommendationservice-55c5b99985-pfkl4,1739231086,118661120
recommendationservice,recommendationservice-55c5b99985-pfkl4,1739231386,118702080
recommendationservice,recommendationservice-55c5b99985-pfkl4,1739231686,118685696
recommendationservice,recommendationservice-55c5b99985-pfkl4,1739231986,118423552
recommendationservice,recommendationservice-55c5b99985-pfkl4,1739232286,118419456
recommendationservice,recommendationservice-55c5b99985-pfkl4,1739232586,118722560
recommendationservice,recommendationservice-55c5b99985-pfkl4,1739232886,118943744
recommendationservice,recommendationservice-55c5b99985-pfkl4,1739233186,118730752
recommendationservice,recommendationservice-55c5b99985-pfkl4,1739233486,118497280
recommendationservice,recommendationservice-55c5b99985-pfkl4,1739233786,118616064
recommendationservice,recommendationservice-55c5b99985-pfkl4,1739234086,118669312
recommendationservice,recommendationservice-55c5b99985-pfkl4,1739234386,118673408
recommendationservice,recommendationservice-55c5b99985-pfkl4,1739234686,119164928
recommendationservice,recommendationservice-55c5b99985-pfkl4,1739234986,119697408
recommendationservice,recommendationservice-55c5b99985-pfkl4,1739235286,119771136
recommendationservice,recommendationservice-55c5b99985-pfkl4,1739235586,119840768
recommendationservice,recommendationservice-55c5b99985-pfkl4,1739235886,119758848
recommendationservice,recommendationservice-55c5b99985-pfkl4,1739236186,119902208
recommendationservice,recommendationservice-55c5b99985-pfkl4,1739236486,119709696
recommendationservice,recommendationservice-55c5b99985-pfkl4,1739236786,119951360
recommendationservice,recommendationservice-55c5b99985-pfkl4,1739237086,119906304
recommendationservice,recommendationservice-55c5b99985-pfkl4,1739237386,119959552
recommendationservice,recommendationservice-55c5b99985-pfkl4,1739237686,119029760
recommendationservice,recommendationservice-55c5b99985-pfkl4,1739237986,119099392
recommendationservice,recommendationservice-55c5b99985-pfkl4,1739238286,119209984
recommendationservice,recommendationservice-55c5b99985-pfkl4,1739238586,119713792
recommendationservice,recommendationservice-55c5b99985-pfkl4,1739238886,119566336
recommendationservice,recommendationservice-55c5b99985-pfkl4,1739239186,119607296
recommendationservice,recommendationservice-55c5b99985-pfkl4,1739239486,119595008
recommendationservice,recommendationservice-55c5b99985-pfkl4,1739239786,119668736
recommendationservice,recommendationservice-55c5b99985-pfkl4,1739240086,119726080
recommendationservice,recommendationservice-55c5b99985-pfkl4,1739240386,119709696
recommendationservice,recommendationservice-55c5b99985-pfkl4,1739240686,119795712
recommendationservice,recommendationservice-55c5b99985-pfkl4,1739240986,119775232
recommendationservice,recommendationservice-55c5b99985-pfkl4,1739241286,119570432
recommendationservice,recommendationservice-55c5b99985-pfkl4,1739241586,119934976
recommendationservice,recommendationservice-55c5b99985-pfkl4,1739241886,119660544
recommendationservice,recommendationservice-55c5b99985-pfkl4,1739242186,119730176
recommendationservice,recommendationservice-55c5b99985-pfkl4,1739242486,119988224
recommendationservice,recommendationservice-55c5b99985-pfkl4,1739242786,119103488
recommendationservice,recommendationservice-55c5b99985-pfkl4,1739243086,119066624
recommendationservice,recommendationservice-55c5b99985-pfkl4,1739243386,119087104
recommendationservice,recommendationservice-55c5b99985-pfkl4,1739243686,119099392
recommendationservice,recommendationservice-55c5b99985-pfkl4,1739243986,119267328
recommendationservice,recommendationservice-55c5b99985-pfkl4,1739244286,119222272
recommendationservice,recommendationservice-55c5b99985-pfkl4,1739244586,120082432
recommendationservice,recommendationservice-55c5b99985-pfkl4,1739244886,119341056
recommendationservice,recommendationservice-55c5b99985-pfkl4,1739245186,119328768
recommendationservice,recommendationservice-55c5b99985-pfkl4,1739245486,119373824
recommendationservice,recommendationservice-55c5b99985-pfkl4,1739245786,119431168
recommendationservice,recommendationservice-55c5b99985-pfkl4,1739246086,119689216
recommendationservice,recommendationservice-55c5b99985-pfkl4,1739246386,119779328
recommendationservice,recommendationservice-55c5b99985-pfkl4,1739246686,119656448
recommendationservice,recommendationservice-55c5b99985-pfkl4,1739246986,119738368
recommendationservice,recommendationservice-55c5b99985-pfkl4,1739247286,119685120
recommendationservice,recommendationservice-55c5b99985-pfkl4,1739247586,119566336
recommendationservice,recommendationservice-55c5b99985-pfkl4,1739247886,119463936
recommendationservice,recommendationservice-55c5b99985-pfkl4,1739248186,119422976
recommendationservice,recommendationservice-55c5b99985-pfkl4,1739248486,119394304
recommendationservice,recommendationservice-55c5b99985-pfkl4,1739248786,119664640
recommendationservice,recommendationservice-55c5b99985-pfkl4,1739249086,119857152
recommendationservice,recommendationservice-55c5b99985-pfkl4,1739249386,120090624
recommendationservice,recommendationservice-55c5b99985-pfkl4,1739249686,120123392
recommendationservice,recommendationservice-55c5b99985-pfkl4,1739249986,120205312
recommendationservice,recommendationservice-55c5b99985-pfkl4,1739250286,120553472
recommendationservice,recommendationservice-55c5b99985-pfkl4,1739250586,120467456
recommendationservice,recommendationservice-55c5b99985-pfkl4,1739250886,121077760
recommendationservice,recommendationservice-55c5b99985-pfkl4,1739251186,120745984
recommendationservice,recommendationservice-55c5b99985-pfkl4,1739251486,121319424
recommendationservice,recommendationservice-55c5b99985-pfkl4,1739251786,121397248
recommendationservice,recommendationservice-55c5b99985-pfkl4,1739252086,121806848
recommendationservice,recommendationservice-55c5b99985-pfkl4,1739252386,122023936
recommendationservice,recommendationservice-55c5b99985-pfkl4,1739252686,121585664
recommendationservice,recommendationservice-55c5b99985-pfkl4,1739252986,121323520
recommendationservice,recommendationservice-55c5b99985-pfkl4,1739253286,121450496
recommendationservice,recommendationservice-55c5b99985-pfkl4,1739253586,121982976
recommendationservice,recommendationservice-55c5b99985-pfkl4,1739253886,121462784
recommendationservice,recommendationservice-55c5b99985-pfkl4,1739254186,121856000
recommendationservice,recommendationservice-55c5b99985-pfkl4,1739254486,122114048
recommendationservice,recommendationservice-55c5b99985-pfkl4,1739254786,123039744
recommendationservice,recommendationservice-55c5b99985-pfkl4,1739255086,122638336
recommendationservice,recommendationservice-55c5b99985-pfkl4,1739255386,123596800
recommendationservice,recommendationservice-55c5b99985-pfkl4,1739255686,124796928
recommendationservice,recommendationservice-55c5b99985-pfkl4,1739255986,124833792
recommendationservice,recommendationservice-55c5b99985-pfkl4,1739256286,124841984
recommendationservice,recommendationservice-55c5b99985-pfkl4,1739256586,126550016
recommendationservice,recommendationservice-55c5b99985-pfkl4,1739256886,126222336
recommendationservice,recommendationservice-55c5b99985-pfkl4,1739257186,127516672
recommendationservice,recommendationservice-55c5b99985-pfkl4,1739257486,126083072
recommendationservice,recommendationservice-55c5b99985-pfkl4,1739257786,125403136
recommendationservice,recommendationservice-55c5b99985-pfkl4,1739258086,125390848
recommendationservice,recommendationservice-55c5b99985-pfkl4,1739258386,127152128
recommendationservice,recommendationservice-55c5b99985-pfkl4,1739258686,127156224
recommendationservice,recommendationservice-55c5b99985-pfkl4,1739258986,127160320
recommendationservice,recommendationservice-55c5b99985-pfkl4,1739259286,127229952
recommendationservice,recommendationservice-55c5b99985-pfkl4,1739259586,127295488
recommendationservice,recommendationservice-55c5b99985-pfkl4,1739259886,127893504
recommendationservice,recommendationservice-55c5b99985-pfkl4,1739260186,128237568
recommendationservice,recommendationservice-55c5b99985-pfkl4,1739260486,128249856
recommendationservice,recommendationservice-55c5b99985-pfkl4,1739260786,128126976
recommendationservice,recommendationservice-55c5b99985-pfkl4,1739261086,129302528
recommendationservice,recommendationservice-55c5b99985-pfkl4,1739261386,129531904
recommendationservice,recommendationservice-55c5b99985-pfkl4,1739261686,130052096
recommendationservice,recommendationservice-55c5b99985-pfkl4,1739261986,130191360
recommendationservice,recommendationservice-55c5b99985-pfkl4,1739262286,129585152
recommendationservice,recommendationservice-55c5b99985-pfkl4,1739262586,131584000
recommendationservice,recommendationservice-55c5b99985-pfkl4,1739262886,130830336
recommendationservice,recommendationservice-55c5b99985-pfkl4,1739263186,131850240
recommendationservice,recommendationservice-55c5b99985-pfkl4,1739263486,131379200
recommendationservice,recommendationservice-55c5b99985-pfkl4,1739263786,131039232
recommendationservice,recommendationservice-55c5b99985-pfkl4,1739264086,131198976
recommendationservice,recommendationservice-55c5b99985-pfkl4,1739264386,130359296
recommendationservice,recommendationservice-55c5b99985-pfkl4,1739264686,130945024
recommendationservice,recommendationservice-55c5b99985-pfkl4,1739264986,130752512
recommendationservice,recommendationservice-55c5b99985-pfkl4,1739265286,130961408
recommendationservice,recommendationservice-55c5b99985-pfkl4,1739265586,132485120
recommendationservice,recommendationservice-55c5b99985-pfkl4,1739265886,131448832
recommendationservice,recommendationservice-55c5b99985-pfkl4,1739266186,132235264
recommendationservice,recommendationservice-55c5b99985-pfkl4,1739266486,132087808
recommendationservice,recommendationservice-55c5b99985-pfkl4,1739266786,133275648
recommendationservice,recommendationservice-55c5b99985-pfkl4,1739267086,133279744
recommendationservice,recommendationservice-55c5b99985-pfkl4,1739267386,133427200
recommendationservice,recommendationservice-55c5b99985-pfkl4,1739267686,133545984
recommendationservice,recommendationservice-55c5b99985-pfkl4,1739267986,133545984
recommendationservice,recommendationservice-55c5b99985-pfkl4,1739268286,132648960
recommendationservice,recommendationservice-55c5b99985-pfkl4,1739268586,132411392
recommendationservice,recommendationservice-55c5b99985-pfkl4,1739268886,132460544
recommendationservice,recommendationservice-55c5b99985-pfkl4,1739269186,132575232
recommendationservice,recommendationservice-55c5b99985-pfkl4,1739269486,131952640
recommendationservice,recommendationservice-55c5b99985-pfkl4,1739269786,130764800
recommendationservice,recommendationservice-55c5b99985-pfkl4,1739270086,130859008
recommendationservice,recommendationservice-55c5b99985-pfkl4,1739270386,131727360
recommendationservice,recommendationservice-55c5b99985-pfkl4,1739270686,131080192
recommendationservice,recommendationservice-55c5b99985-pfkl4,1739270986,131637248
recommendationservice,recommendationservice-55c5b99985-pfkl4,1739271286,132210688
recommendationservice,recommendationservice-55c5b99985-pfkl4,1739271586,131362816
recommendationservice,recommendationservice-55c5b99985-pfkl4,1739271886,133201920
recommendationservice,recommendationservice-55c5b99985-pfkl4,1739272186,133206016
recommendationservice,recommendationservice-55c5b99985-pfkl4,1739272486,132571136
recommendationservice,recommendationservice-55c5b99985-pfkl4,1739272786,132866048
recommendationservice,recommendationservice-55c5b99985-pfkl4,1739273086,132263936
recommendationservice,recommendationservice-55c5b99985-pfkl4,1739273386,136089600
recommendationservice,recommendationservice-55c5b99985-pfkl4,1739273686,132702208
recommendationservice,recommendationservice-55c5b99985-pfkl4,1739273986,134160384
recommendationservice,recommendationservice-55c5b99985-pfkl4,1739274286,134631424
recommendationservice,recommendationservice-55c5b99985-pfkl4,1739274586,136671232
recommendationservice,recommendationservice-55c5b99985-pfkl4,1739274886,136441856
recommendationservice,recommendationservice-55c5b99985-pfkl4,1739275186,138317824
recommendationservice,recommendationservice-55c5b99985-pfkl4,1739275486,138309632
recommendationservice,recommendationservice-55c5b99985-pfkl4,1739275786,138584064
recommendationservice,recommendationservice-55c5b99985-pfkl4,1739276086,138649600
recommendationservice,recommendationservice-55c5b99985-pfkl4,1739276386,138645504
recommendationservice,recommendationservice-55c5b99985-pfkl4,1739276686,138530816
recommendationservice,recommendationservice-55c5b99985-pfkl4,1739276986,138539008
recommendationservice,recommendationservice-55c5b99985-pfkl4,1739277286,137752576
recommendationservice,recommendationservice-55c5b99985-pfkl4,1739277586,137760768
recommendationservice,recommendationservice-55c5b99985-pfkl4,1739277886,136007680
recommendationservice,recommendationservice-55c5b99985-pfkl4,1739278186,137244672
recommendationservice,recommendationservice-55c5b99985-pfkl4,1739278486,137310208
recommendationservice,recommendationservice-55c5b99985-pfkl4,1739278786,137244672
recommendationservice,recommendationservice-55c5b99985-pfkl4,1739279086,137388032
recommendationservice,recommendationservice-55c5b99985-pfkl4,1739279386,136724480
recommendationservice,recommendationservice-55c5b99985-pfkl4,1739279686,136806400
recommendationservice,recommendationservice-55c5b99985-pfkl4,1739279986,137539584
recommendationservice,recommendationservice-55c5b99985-pfkl4,1739280286,141004800
recommendationservice,recommendationservice-55c5b99985-pfkl4,1739280586,141160448
recommendationservice,recommendationservice-55c5b99985-pfkl4,1739280886,140664832
recommendationservice,recommendationservice-55c5b99985-pfkl4,1739281186,140623872
recommendationservice,recommendationservice-55c5b99985-pfkl4,1739281486,140623872
recommendationservice,recommendationservice-55c5b99985-pfkl4,1739281786,140627968
recommendationservice,recommendationservice-55c5b99985-pfkl4,1739282086,140636160
recommendationservice,recommendationservice-55c5b99985-pfkl4,1739282386,140849152
recommendationservice,recommendationservice-55c5b99985-pfkl4,1739282686,138973184
recommendationservice,recommendationservice-55c5b99985-pfkl4,1739282986,138592256
recommendationservice,recommendationservice-55c5b99985-pfkl4,1739283286,138588160
recommendationservice,recommendationservice-55c5b99985-pfkl4,1739283586,142426112
recommendationservice,recommendationservice-55c5b99985-pfkl4,1739283886,137318400
recommendationservice,recommendationservice-55c5b99985-pfkl4,1739284186,137633792
recommendationservice,recommendationservice-55c5b99985-pfkl4,1739284486,141086720
recommendationservice,recommendationservice-55c5b99985-pfkl4,1739284786,141254656
recommendationservice,recommendationservice-55c5b99985-pfkl4,1739285086,140304384
recommendationservice,recommendationservice-55c5b99985-pfkl4,1739285386,139051008
recommendationservice,recommendationservice-55c5b99985-pfkl4,1739285686,138633216
recommendationservice,recommendationservice-55c5b99985-pfkl4,1739285986,138776576
recommendationservice,recommendationservice-55c5b99985-pfkl4,1739286286,139694080
recommendationservice,recommendationservice-55c5b99985-pfkl4,1739286586,139362304
recommendationservice,recommendationservice-55c5b99985-pfkl4,1739286886,141250560
recommendationservice,recommendationservice-55c5b99985-pfkl4,1739287186,137973760
recommendationservice,recommendationservice-55c5b99985-pfkl4,1739287486,142110720
recommendationservice,recommendationservice-55c5b99985-pfkl4,1739287786,123723776
recommendationservice,recommendationservice-55c5b99985-pfkl4,1739288086,157917184
recommendationservice,recommendationservice-55c5b99985-pfkl4,1739288386,159371264
recommendationservice,recommendationservice-55c5b99985-pfkl4,1739288686,159944704
recommendationservice,recommendationservice-55c5b99985-pfkl4,1739288986,160296960
recommendationservice,recommendationservice-55c5b99985-pfkl4,1739289286,161013760
recommendationservice,recommendationservice-55c5b99985-pfkl4,1739289586,163000320
recommendationservice,recommendationservice-55c5b99985-pfkl4,1739289886,163147776
recommendationservice,recommendationservice-55c5b99985-pfkl4,1739290186,163368960
recommendationservice,recommendationservice-55c5b99985-pfkl4,1739290486,163631104
recommendationservice,recommendationservice-55c5b99985-pfkl4,1739290786,163975168
recommendationservice,recommendationservice-55c5b99985-pfkl4,1739291086,164200448
recommendationservice,recommendationservice-55c5b99985-pfkl4,1739291386,164171776
recommendationservice,recommendationservice-55c5b99985-pfkl4,1739291686,164597760
recommendationservice,recommendationservice-55c5b99985-pfkl4,1739291986,164659200
recommendationservice,recommendationservice-55c5b99985-pfkl4,1739292286,164601856
recommendationservice,recommendationservice-55c5b99985-pfkl4,1739292586,164974592
recommendationservice,recommendationservice-55c5b99985-pfkl4,1739292886,165310464
recommendationservice,recommendationservice-55c5b99985-pfkl4,1739293186,165277696
recommendationservice,recommendationservice-55c5b99985-pfkl4,1739293486,165232640
recommendationservice,recommendationservice-55c5b99985-pfkl4,1739293786,166514688
recommendationservice,recommendationservice-55c5b99985-pfkl4,1739294086,166092800
recommendationservice,recommendationservice-55c5b99985-pfkl4,1739294386,166223872
recommendationservice,recommendationservice-55c5b99985-pfkl4,1739294686,166244352
recommendationservice,recommendationservice-55c5b99985-pfkl4,1739294986,166981632
recommendationservice,recommendationservice-55c5b99985-pfkl4,1739295286,165920768
recommendationservice,recommendationservice-55c5b99985-pfkl4,1739295586,165875712
recommendationservice,recommendationservice-55c5b99985-pfkl4,1739295886,165978112
recommendationservice,recommendationservice-55c5b99985-pfkl4,1739296186,165892096
recommendationservice,recommendationservice-55c5b99985-pfkl4,1739296486,166080512
recommendationservice,recommendationservice-55c5b99985-pfkl4,1739296786,166051840
recommendationservice,recommendationservice-55c5b99985-pfkl4,1739297086,165986304
recommendationservice,recommendationservice-55c5b99985-pfkl4,1739297386,166162432
recommendationservice,recommendationservice-55c5b99985-pfkl4,1739297686,166215680
recommendationservice,recommendationservice-55c5b99985-pfkl4,1739297986,166350848
recommendationservice,recommendationservice-55c5b99985-pfkl4,1739298286,166346752
recommendationservice,recommendationservice-55c5b99985-pfkl4,1739298586,166436864
recommendationservice,recommendationservice-55c5b99985-pfkl4,1739298886,166461440
recommendationservice,recommendationservice-55c5b99985-pfkl4,1739299186,166629376
recommendationservice,recommendationservice-55c5b99985-pfkl4,1739299486,166281216
recommendationservice,recommendationservice-55c5b99985-pfkl4,1739299786,166264832
recommendationservice,recommendationservice-55c5b99985-pfkl4,1739300086,166313984
recommendationservice,recommendationservice-55c5b99985-pfkl4,1739300386,166264832
recommendationservice,recommendationservice-55c5b99985-pfkl4,1739300686,166617088
recommendationservice,recommendationservice-55c5b99985-pfkl4,1739300986,167239680
recommendationservice,recommendationservice-55c5b99985-pfkl4,1739301286,167366656
recommendationservice,recommendationservice-55c5b99985-pfkl4,1739301586,167346176
recommendationservice,recommendationservice-55c5b99985-pfkl4,1739301886,167383040
recommendationservice,recommendationservice-55c5b99985-pfkl4,1739302186,167604224
recommendationservice,recommendationservice-55c5b99985-pfkl4,1739302486,167604224
recommendationservice,recommendationservice-55c5b99985-pfkl4,1739302786,167288832
recommendationservice,recommendationservice-55c5b99985-pfkl4,1739303086,167473152
recommendationservice,recommendationservice-55c5b99985-pfkl4,1739303386,167591936
recommendationservice,recommendationservice-55c5b99985-pfkl4,1739303686,167751680
recommendationservice,recommendationservice-55c5b99985-pfkl4,1739303986,166580224
recommendationservice,recommendationservice-55c5b99985-pfkl4,1739304286,166813696
recommendationservice,recommendationservice-55c5b99985-pfkl4,1739304586,167354368
recommendationservice,recommendationservice-55c5b99985-pfkl4,1739304886,167526400
recommendationservice,recommendationservice-55c5b99985-pfkl4,1739305186,167198720
recommendationservice,recommendationservice-55c5b99985-pfkl4,1739305486,167186432
recommendationservice,recommendationservice-55c5b99985-pfkl4,1739305786,167186432
recommendationservice,recommendationservice-55c5b99985-pfkl4,1739306086,167264256
recommendationservice,recommendationservice-55c5b99985-pfkl4,1739306386,167661568
recommendationservice,recommendationservice-55c5b99985-pfkl4,1739306686,167628800
recommendationservice,recommendationservice-55c5b99985-pfkl4,1739306986,167636992
recommendationservice,recommendationservice-55c5b99985-pfkl4,1739307286,167649280
recommendationservice,recommendationservice-55c5b99985-pfkl4,1739307586,167698432
recommendationservice,recommendationservice-55c5b99985-pfkl4,1739307886,167587840
recommendationservice,recommendationservice-55c5b99985-pfkl4,1739308186,167321600
recommendationservice,recommendationservice-55c5b99985-pfkl4,1739308486,166944768
recommendationservice,recommendationservice-55c5b99985-pfkl4,1739308786,166895616
recommendationservice,recommendationservice-55c5b99985-pfkl4,1739309086,166809600
recommendationservice,recommendationservice-55c5b99985-pfkl4,1739309386,166834176
recommendationservice,recommendationservice-55c5b99985-pfkl4,1739309686,166887424
recommendationservice,recommendationservice-55c5b99985-pfkl4,1739309986,166969344
recommendationservice,recommendationservice-55c5b99985-pfkl4,1739310286,167002112
recommendationservice,recommendationservice-55c5b99985-pfkl4,1739310586,166981632
recommendationservice,recommendationservice-55c5b99985-pfkl4,1739310886,167030784
recommendationservice,recommendationservice-55c5b99985-pfkl4,1739311186,167202816
recommendationservice,recommendationservice-55c5b99985-pfkl4,1739311486,167309312
recommendationservice,recommendationservice-55c5b99985-pfkl4,1739311786,167272448
recommendationservice,recommendationservice-55c5b99985-pfkl4,1739312086,166895616
recommendationservice,recommendationservice-55c5b99985-pfkl4,1739312386,167084032
recommendationservice,recommendationservice-55c5b99985-pfkl4,1739312686,166776832
recommendationservice,recommendationservice-55c5b99985-pfkl4,1739312986,167063552
recommendationservice,recommendationservice-55c5b99985-pfkl4,1739313286,167211008
recommendationservice,recommendationservice-55c5b99985-pfkl4,1739313586,167297024
recommendationservice,recommendationservice-55c5b99985-pfkl4,1739313886,167317504
recommendationservice,recommendationservice-55c5b99985-pfkl4,1739314186,167243776
recommendationservice,recommendationservice-55c5b99985-pfkl4,1739314486,167047168
recommendationservice,recommendationservice-55c5b99985-pfkl4,1739314786,167333888
recommendationservice,recommendationservice-55c5b99985-pfkl4,1739315086,167419904
recommendationservice,recommendationservice-55c5b99985-pfkl4,1739315386,167120896
recommendationservice,recommendationservice-55c5b99985-pfkl4,1739315686,167428096
recommendationservice,recommendationservice-55c5b99985-pfkl4,1739315986,168050688
recommendationservice,recommendationservice-55c5b99985-pfkl4,1739316286,168181760
recommendationservice,recommendationservice-55c5b99985-pfkl4,1739316586,168161280
recommendationservice,recommendationservice-55c5b99985-pfkl4,1739316886,167702528
recommendationservice,recommendationservice-55c5b99985-pfkl4,1739317186,167780352
recommendationservice,recommendationservice-55c5b99985-pfkl4,1739317486,168218624
recommendationservice,recommendationservice-55c5b99985-pfkl4,1739317786,167890944
recommendationservice,recommendationservice-55c5b99985-pfkl4,1739318086,167948288
recommendationservice,recommendationservice-55c5b99985-pfkl4,1739318386,168103936
recommendationservice,recommendationservice-55c5b99985-pfkl4,1739318686,168480768
recommendationservice,recommendationservice-55c5b99985-pfkl4,1739318986,168263680
recommendationservice,recommendationservice-55c5b99985-pfkl4,1739319286,168271872
recommendationservice,recommendationservice-55c5b99985-pfkl4,1739319586,168067072
recommendationservice,recommendationservice-55c5b99985-pfkl4,1739319886,168165376
recommendationservice,recommendationservice-55c5b99985-pfkl4,1739320186,168239104
recommendationservice,recommendationservice-55c5b99985-pfkl4,1739320486,168927232
recommendationservice,recommendationservice-55c5b99985-pfkl4,1739320786,167981056
recommendationservice,recommendationservice-55c5b99985-pfkl4,1739321086,167714816
recommendationservice,recommendationservice-55c5b99985-pfkl4,1739321386,167837696
recommendationservice,recommendationservice-55c5b99985-pfkl4,1739321686,167825408
recommendationservice,recommendationservice-55c5b99985-pfkl4,1739321986,168103936
recommendationservice,recommendationservice-55c5b99985-pfkl4,1739322286,167878656
recommendationservice,recommendationservice-55c5b99985-pfkl4,1739322586,167870464
recommendationservice,recommendationservice-55c5b99985-pfkl4,1739322886,167665664
recommendationservice,recommendationservice-55c5b99985-pfkl4,1739323186,167604224
recommendationservice,recommendationservice-55c5b99985-pfkl4,1739323486,167612416
recommendationservice,recommendationservice-55c5b99985-pfkl4,1739323786,167821312
recommendationservice,recommendationservice-55c5b99985-pfkl4,1739324086,167968768
recommendationservice,recommendationservice-55c5b99985-pfkl4,1739324386,168022016
recommendationservice,recommendationservice-55c5b99985-pfkl4,1739324686,168140800
recommendationservice,recommendationservice-55c5b99985-pfkl4,1739324986,168054784
recommendationservice,recommendationservice-55c5b99985-pfkl4,1739325286,168206336
recommendationservice,recommendationservice-55c5b99985-pfkl4,1739325586,168202240
recommendationservice,recommendationservice-55c5b99985-pfkl4,1739325886,168394752
recommendationservice,recommendationservice-55c5b99985-pfkl4,1739326186,167833600
recommendationservice,recommendationservice-55c5b99985-pfkl4,1739326486,168398848
recommendationservice,recommendationservice-55c5b99985-pfkl4,1739326786,167825408
recommendationservice,recommendationservice-55c5b99985-pfkl4,1739327086,167956480
recommendationservice,recommendationservice-55c5b99985-pfkl4,1739327386,167968768
recommendationservice,recommendationservice-55c5b99985-pfkl4,1739327686,167972864
recommendationservice,recommendationservice-55c5b99985-pfkl4,1739327986,167874560
recommendationservice,recommendationservice-55c5b99985-pfkl4,1739328286,168067072
recommendationservice,recommendationservice-55c5b99985-pfkl4,1739328586,168165376
recommendationservice,recommendationservice-55c5b99985-pfkl4,1739328886,168394752
recommendationservice,recommendationservice-55c5b99985-pfkl4,1739329186,167972864
recommendationservice,recommendationservice-55c5b99985-pfkl4,1739329486,168611840
recommendationservice,recommendationservice-55c5b99985-pfkl4,1739329786,168521728
recommendationservice,recommendationservice-55c5b99985-pfkl4,1739330086,167944192
recommendationservice,recommendationservice-55c5b99985-pfkl4,1739330386,167956480
recommendationservice,recommendationservice-55c5b99985-pfkl4,1739330686,168009728
recommendationservice,recommendationservice-55c5b99985-pfkl4,1739330986,168001536
recommendationservice,recommendationservice-55c5b99985-pfkl4,1739331286,167997440
recommendationservice,recommendationservice-55c5b99985-pfkl4,1739331586,167936000
recommendationservice,recommendationservice-55c5b99985-pfkl4,1739331886,167849984
recommendationservice,recommendationservice-55c5b99985-pfkl4,1739332186,167911424
recommendationservice,recommendationservice-55c5b99985-pfkl4,1739332486,167964672
recommendationservice,recommendationservice-55c5b99985-pfkl4,1739332786,168075264
recommendationservice,recommendationservice-55c5b99985-pfkl4,1739333086,168083456
recommendationservice,recommendationservice-55c5b99985-pfkl4,1739333386,168177664
recommendationservice,recommendationservice-55c5b99985-pfkl4,1739333686,168181760
recommendationservice,recommendationservice-55c5b99985-pfkl4,1739333986,168329216
recommendationservice,recommendationservice-55c5b99985-pfkl4,1739334286,167776256
recommendationservice,recommendationservice-55c5b99985-pfkl4,1739334586,167936000
recommendationservice,recommendationservice-55c5b99985-pfkl4,1739334886,167837696
recommendationservice,recommendationservice-55c5b99985-pfkl4,1739335186,168067072
recommendationservice,recommendationservice-55c5b99985-pfkl4,1739335486,168034304
recommendationservice,recommendationservice-55c5b99985-pfkl4,1739335786,168058880
recommendationservice,recommendationservice-55c5b99985-pfkl4,1739336086,168079360
recommendationservice,recommendationservice-55c5b99985-pfkl4,1739336386,167858176
recommendationservice,recommendationservice-55c5b99985-pfkl4,1739336686,168247296
recommendationservice,recommendationservice-55c5b99985-pfkl4,1739336986,168763392
recommendationservice,recommendationservice-55c5b99985-pfkl4,1739337286,168599552
recommendationservice,recommendationservice-55c5b99985-pfkl4,1739337586,168849408
recommendationservice,recommendationservice-55c5b99985-pfkl4,1739337886,168845312
recommendationservice,recommendationservice-55c5b99985-pfkl4,1739338186,168628224
recommendationservice,recommendationservice-55c5b99985-pfkl4,1739338486,171409408
recommendationservice,recommendationservice-55c5b99985-pfkl4,1739338786,170733568
recommendationservice,recommendationservice-55c5b99985-pfkl4,1739339086,170737664
recommendationservice,recommendationservice-55c5b99985-pfkl4,1739339386,171556864
recommendationservice,recommendationservice-55c5b99985-pfkl4,1739339686,171413504
recommendationservice,recommendationservice-55c5b99985-pfkl4,1739339986,171134976
recommendationservice,recommendationservice-55c5b99985-pfkl4,1739340286,171384832
recommendationservice,recommendationservice-55c5b99985-pfkl4,1739340586,171388928
recommendationservice,recommendationservice-55c5b99985-pfkl4,1739340886,171241472
recommendationservice,recommendationservice-55c5b99985-pfkl4,1739341186,171245568
recommendationservice,recommendationservice-55c5b99985-pfkl4,1739341486,171655168
recommendationservice,recommendationservice-55c5b99985-pfkl4,1739341786,171839488
recommendationservice,recommendationservice-55c5b99985-pfkl4,1739342086,171245568
recommendationservice,recommendationservice-55c5b99985-pfkl4,1739342386,171376640
recommendationservice,recommendationservice-55c5b99985-pfkl4,1739342686,171376640
recommendationservice,recommendationservice-55c5b99985-pfkl4,1739342986,171409408
recommendationservice,recommendationservice-55c5b99985-pfkl4,1739343286,171147264
recommendationservice,recommendationservice-55c5b99985-pfkl4,1739343586,171155456
recommendationservice,recommendationservice-55c5b99985-pfkl4,1739343886,171450368
recommendationservice,recommendationservice-55c5b99985-pfkl4,1739344186,171782144
recommendationservice,recommendationservice-55c5b99985-pfkl4,1739344486,172208128
recommendationservice,recommendationservice-55c5b99985-pfkl4,1739344786,172204032
recommendationservice,recommendationservice-55c5b99985-pfkl4,1739345086,172335104
recommendationservice,recommendationservice-55c5b99985-pfkl4,1739345386,172335104
recommendationservice,recommendationservice-55c5b99985-pfkl4,1739345686,173400064
recommendationservice,recommendationservice-55c5b99985-pfkl4,1739345986,173453312
recommendationservice,recommendationservice-55c5b99985-pfkl4,1739346286,173723648
recommendationservice,recommendationservice-55c5b99985-pfkl4,1739346586,173727744
recommendationservice,recommendationservice-55c5b99985-pfkl4,1739346886,173735936
recommendationservice,recommendationservice-55c5b99985-pfkl4,1739347186,173711360
recommendationservice,recommendationservice-55c5b99985-pfkl4,1739347486,173318144
recommendationservice,recommendationservice-55c5b99985-pfkl4,1739347786,170655744
recommendationservice,recommendationservice-55c5b99985-pfkl4,1739348086,172027904
recommendationservice,recommendationservice-55c5b99985-pfkl4,1739348386,172093440
recommendationservice,recommendationservice-55c5b99985-pfkl4,1739348686,173084672
recommendationservice,recommendationservice-55c5b99985-pfkl4,1739348986,173338624
recommendationservice,recommendationservice-55c5b99985-pfkl4,1739349286,172949504
recommendationservice,recommendationservice-55c5b99985-pfkl4,1739349586,172347392
recommendationservice,recommendationservice-55c5b99985-pfkl4,1739349886,172343296
recommendationservice,recommendationservice-55c5b99985-pfkl4,1739350186,173387776
recommendationservice,recommendationservice-55c5b99985-pfkl4,1739350486,173395968
recommendationservice,recommendationservice-55c5b99985-pfkl4,1739350786,173395968
recommendationservice,recommendationservice-55c5b99985-pfkl4,1739351086,173445120
recommendationservice,recommendationservice-55c5b99985-pfkl4,1739351386,174108672
recommendationservice,recommendationservice-55c5b99985-pfkl4,1739351686,174112768
recommendationservice,recommendationservice-55c5b99985-pfkl4,1739351986,174112768
recommendationservice,recommendationservice-55c5b99985-pfkl4,1739352286,174108672
recommendationservice,recommendationservice-55c5b99985-pfkl4,1739352586,174170112
recommendationservice,recommendationservice-55c5b99985-pfkl4,1739352886,170889216
recommendationservice,recommendationservice-55c5b99985-pfkl4,1739353186,169668608
recommendationservice,recommendationservice-55c5b99985-pfkl4,1739353486,163868672
recommendationservice,recommendationservice-55c5b99985-pfkl4,1739353786,161099776
recommendationservice,recommendationservice-55c5b99985-pfkl4,1739354086,161046528
recommendationservice,recommendationservice-55c5b99985-pfkl4,1739354386,162443264
recommendationservice,recommendationservice-55c5b99985-pfkl4,1739354686,162443264
recommendationservice,recommendationservice-55c5b99985-pfkl4,1739354986,162779136
recommendationservice,recommendationservice-55c5b99985-pfkl4,1739355286,162779136
recommendationservice,recommendationservice-55c5b99985-pfkl4,1739355586,162852864
recommendationservice,recommendationservice-55c5b99985-pfkl4,1739355886,163831808
recommendationservice,recommendationservice-55c5b99985-pfkl4,1739356186,163831808
recommendationservice,recommendationservice-55c5b99985-pfkl4,1739356486,163897344
recommendationservice,recommendationservice-55c5b99985-pfkl4,1739356786,163901440
recommendationservice,recommendationservice-55c5b99985-pfkl4,1739357086,162840576
recommendationservice,recommendationservice-55c5b99985-pfkl4,1739357386,163692544
recommendationservice,recommendationservice-55c5b99985-pfkl4,1739357686,163696640
recommendationservice,recommendationservice-55c5b99985-pfkl4,1739357986,164835328
recommendationservice,recommendationservice-55c5b99985-pfkl4,1739358286,165969920
recommendationservice,recommendationservice-55c5b99985-pfkl4,1739358586,165974016
recommendationservice,recommendationservice-55c5b99985-pfkl4,1739358886,167059456
recommendationservice,recommendationservice-55c5b99985-pfkl4,1739359186,167407616
recommendationservice,recommendationservice-55c5b99985-pfkl4,1739359486,164626432
recommendationservice,recommendationservice-55c5b99985-pfkl4,1739359786,164724736
recommendationservice,recommendationservice-55c5b99985-pfkl4,1739360086,159510528
recommendationservice,recommendationservice-55c5b99985-pfkl4,1739360386,159518720
recommendationservice,recommendationservice-55c5b99985-pfkl4,1739360686,159510528
recommendationservice,recommendationservice-55c5b99985-pfkl4,1739360986,160739328
recommendationservice,recommendationservice-55c5b99985-pfkl4,1739361286,161746944
recommendationservice,recommendationservice-55c5b99985-pfkl4,1739361586,161849344
recommendationservice,recommendationservice-55c5b99985-pfkl4,1739361886,161947648
recommendationservice,recommendationservice-55c5b99985-pfkl4,1739362186,162238464
recommendationservice,recommendationservice-55c5b99985-pfkl4,1739362486,162402304
recommendationservice,recommendationservice-55c5b99985-pfkl4,1739362786,162947072
recommendationservice,recommendationservice-55c5b99985-pfkl4,1739363086,162693120
recommendationservice,recommendationservice-55c5b99985-pfkl4,1739363386,160071680
recommendationservice,recommendationservice-55c5b99985-pfkl4,1739363686,160333824
recommendationservice,recommendationservice-55c5b99985-pfkl4,1739363986,156520448
recommendationservice,recommendationservice-55c5b99985-pfkl4,1739364286,156520448
recommendationservice,recommendationservice-55c5b99985-pfkl4,1739364586,156946432
recommendationservice,recommendationservice-55c5b99985-pfkl4,1739364886,156925952
recommendationservice,recommendationservice-55c5b99985-pfkl4,1739365186,156889088
recommendationservice,recommendationservice-55c5b99985-pfkl4,1739365486,156893184
recommendationservice,recommendationservice-55c5b99985-pfkl4,1739365786,156893184
recommendationservice,recommendationservice-55c5b99985-pfkl4,1739366086,157491200
recommendationservice,recommendationservice-55c5b99985-pfkl4,1739366386,157487104
recommendationservice,recommendationservice-55c5b99985-pfkl4,1739366686,157487104
recommendationservice,recommendationservice-55c5b99985-pfkl4,1739366986,157667328
recommendationservice,recommendationservice-55c5b99985-pfkl4,1739367286,154939392
recommendationservice,recommendationservice-55c5b99985-pfkl4,1739367586,154943488
recommendationservice,recommendationservice-55c5b99985-pfkl4,1739367886,154955776
recommendationservice,recommendationservice-55c5b99985-pfkl4,1739368186,154955776
recommendationservice,recommendationservice-55c5b99985-pfkl4,1739368486,154947584
recommendationservice,recommendationservice-55c5b99985-pfkl4,1739368786,154923008
recommendationservice,recommendationservice-55c5b99985-pfkl4,1739369086,156282880
recommendationservice,recommendationservice-55c5b99985-pfkl4,1739369386,157081600
recommendationservice,recommendationservice-55c5b99985-pfkl4,1739369686,157077504
recommendationservice,recommendationservice-55c5b99985-pfkl4,1739369986,156377088
recommendationservice,recommendationservice-55c5b99985-pfkl4,1739370286,156377088
recommendationservice,recommendationservice-55c5b99985-pfkl4,1739370586,156459008
recommendationservice,recommendationservice-55c5b99985-pfkl4,1739370886,157646848
recommendationservice,recommendationservice-55c5b99985-pfkl4,1739371186,158375936
recommendationservice,recommendationservice-55c5b99985-pfkl4,1739371486,158400512
recommendationservice,recommendationservice-55c5b99985-pfkl4,1739371786,156766208
recommendationservice,recommendationservice-55c5b99985-pfkl4,1739372086,156770304
recommendationservice,recommendationservice-55c5b99985-pfkl4,1739372386,157609984
recommendationservice,recommendationservice-55c5b99985-pfkl4,1739372686,157700096
recommendationservice,recommendationservice-55c5b99985-pfkl4,1739372986,157696000
recommendationservice,recommendationservice-55c5b99985-pfkl4,1739373286,157700096
recommendationservice,recommendationservice-55c5b99985-pfkl4,1739373586,158539776
recommendationservice,recommendationservice-55c5b99985-pfkl4,1739373886,159158272
recommendationservice,recommendationservice-55c5b99985-pfkl4,1739374186,155607040
recommendationservice,recommendationservice-55c5b99985-pfkl4,1739374486,155607040
recommendationservice,recommendationservice-55c5b99985-pfkl4,1739374786,155631616
recommendationservice,recommendationservice-55c5b99985-pfkl4,1739375086,160403456
recommendationservice,recommendationservice-55c5b99985-pfkl4,1739375386,160448512
recommendationservice,recommendationservice-55c5b99985-pfkl4,1739375686,159977472
recommendationservice,recommendationservice-55c5b99985-pfkl4,1739375986,159993856
recommendationservice,recommendationservice-55c5b99985-pfkl4,1739376286,160055296
recommendationservice,recommendationservice-55c5b99985-pfkl4,1739376586,161804288
recommendationservice,recommendationservice-55c5b99985-pfkl4,1739376886,161804288
recommendationservice,recommendationservice-55c5b99985-pfkl4,1739377186,161976320
recommendationservice,recommendationservice-55c5b99985-pfkl4,1739377486,161976320
recommendationservice,recommendationservice-55c5b99985-pfkl4,1739377786,161976320
recommendationservice,recommendationservice-55c5b99985-pfkl4,1739378086,162160640
recommendationservice,recommendationservice-55c5b99985-pfkl4,1739378386,162160640
recommendationservice,recommendationservice-55c5b99985-pfkl4,1739378686,162168832
recommendationservice,recommendationservice-55c5b99985-pfkl4,1739378986,163676160
recommendationservice,recommendationservice-55c5b99985-pfkl4,1739379286,160575488
recommendationservice,recommendationservice-55c5b99985-pfkl4,1739379586,160575488
recommendationservice,recommendationservice-55c5b99985-pfkl4,1739379886,161165312
recommendationservice,recommendationservice-55c5b99985-pfkl4,1739380186,161583104
recommendationservice,recommendationservice-55c5b99985-pfkl4,1739380486,161587200
recommendationservice,recommendationservice-55c5b99985-pfkl4,1739380786,161583104
recommendationservice,recommendationservice-55c5b99985-pfkl4,1739381086,161640448
recommendationservice,recommendationservice-55c5b99985-pfkl4,1739381386,161153024
recommendationservice,recommendationservice-55c5b99985-pfkl4,1739381686,159694848
recommendationservice,recommendationservice-55c5b99985-pfkl4,1739381986,159690752
recommendationservice,recommendationservice-55c5b99985-pfkl4,1739382286,156127232
recommendationservice,recommendationservice-55c5b99985-pfkl4,1739382586,157868032
recommendationservice,recommendationservice-55c5b99985-pfkl4,1739382886,158236672
recommendationservice,recommendationservice-55c5b99985-pfkl4,1739383186,158425088
recommendationservice,recommendationservice-55c5b99985-pfkl4,1739383486,158281728
recommendationservice,recommendationservice-55c5b99985-pfkl4,1739383786,158330880
recommendationservice,recommendationservice-55c5b99985-pfkl4,1739384086,158584832
recommendationservice,recommendationservice-55c5b99985-pfkl4,1739384386,158593024
recommendationservice,recommendationservice-55c5b99985-pfkl4,1739384686,158588928
recommendationservice,recommendationservice-55c5b99985-pfkl4,1739384986,158625792
recommendationservice,recommendationservice-55c5b99985-pfkl4,1739385286,160104448
recommendationservice,recommendationservice-55c5b99985-pfkl4,1739385586,160108544
recommendationservice,recommendationservice-55c5b99985-pfkl4,1739385886,160296960
recommendationservice,recommendationservice-55c5b99985-pfkl4,1739386186,158019584
recommendationservice,recommendationservice-55c5b99985-pfkl4,1739386486,157630464
recommendationservice,recommendationservice-55c5b99985-pfkl4,1739386786,159232000
recommendationservice,recommendationservice-55c5b99985-pfkl4,1739387086,118706176
recommendationservice,recommendationservice-55c5b99985-pfkl4,1739387386,121032704
recommendationservice,recommendationservice-55c5b99985-pfkl4,1739387686,121323520
recommendationservice,recommendationservice-55c5b99985-pfkl4,1739387986,121528320
recommendationservice,recommendationservice-55c5b99985-pfkl4,1739388286,121753600
recommendationservice,recommendationservice-55c5b99985-pfkl4,1739388586,121810944
recommendationservice,recommendationservice-55c5b99985-pfkl4,1739388886,121843712
recommendationservice,recommendationservice-55c5b99985-pfkl4,1739389186,124813312
recommendationservice,recommendationservice-55c5b99985-pfkl4,1739389486,125100032
recommendationservice,recommendationservice-55c5b99985-pfkl4,1739389786,125222912
recommendationservice,recommendationservice-55c5b99985-pfkl4,1739390086,125329408
recommendationservice,recommendationservice-55c5b99985-pfkl4,1739390386,125452288
recommendationservice,recommendationservice-55c5b99985-pfkl4,1739390686,125485056
recommendationservice,recommendationservice-55c5b99985-pfkl4,1739390986,125825024
recommendationservice,recommendationservice-55c5b99985-pfkl4,1739391286,125849600
recommendationservice,recommendationservice-55c5b99985-pfkl4,1739391586,125898752
recommendationservice,recommendationservice-55c5b99985-pfkl4,1739391886,126046208
recommendationservice,recommendationservice-55c5b99985-pfkl4,1739392186,126050304
recommendationservice,recommendationservice-55c5b99985-pfkl4,1739392486,133902336
recommendationservice,recommendationservice-55c5b99985-pfkl4,1739392786,135241728
recommendationservice,recommendationservice-55c5b99985-pfkl4,1739393086,135028736
recommendationservice,recommendationservice-55c5b99985-pfkl4,1739393386,135540736
recommendationservice,recommendationservice-55c5b99985-pfkl4,1739393686,135827456
recommendationservice,recommendationservice-55c5b99985-pfkl4,1739393986,135753728
recommendationservice,recommendationservice-55c5b99985-pfkl4,1739394286,138289152
recommendationservice,recommendationservice-55c5b99985-pfkl4,1739394586,138584064
recommendationservice,recommendationservice-55c5b99985-pfkl4,1739394886,138735616
recommendationservice,recommendationservice-55c5b99985-pfkl4,1739395186,138739712
recommendationservice,recommendationservice-55c5b99985-pfkl4,1739395486,139071488
recommendationservice,recommendationservice-55c5b99985-pfkl4,1739395786,138862592
recommendationservice,recommendationservice-55c5b99985-pfkl4,1739396086,139206656
recommendationservice,recommendationservice-55c5b99985-pfkl4,1739396386,138817536
recommendationservice,recommendationservice-55c5b99985-pfkl4,1739396686,139268096
recommendationservice,recommendationservice-55c5b99985-pfkl4,1739396986,139464704
recommendationservice,recommendationservice-55c5b99985-pfkl4,1739397286,139444224
recommendationservice,recommendationservice-55c5b99985-pfkl4,1739397586,139231232
recommendationservice,recommendationservice-55c5b99985-pfkl4,1739397886,139214848
recommendationservice,recommendationservice-55c5b99985-pfkl4,1739398186,138928128
recommendationservice,recommendationservice-55c5b99985-pfkl4,1739398486,138780672
recommendationservice,recommendationservice-55c5b99985-pfkl4,1739398786,138948608
recommendationservice,recommendationservice-55c5b99985-pfkl4,1739399086,139214848
recommendationservice,recommendationservice-55c5b99985-pfkl4,1739399386,139300864
recommendationservice,recommendationservice-55c5b99985-pfkl4,1739399686,138936320
recommendationservice,recommendationservice-55c5b99985-pfkl4,1739399986,138997760
recommendationservice,recommendationservice-55c5b99985-pfkl4,1739400286,138817536
recommendationservice,recommendationservice-55c5b99985-pfkl4,1739400586,139415552
recommendationservice,recommendationservice-55c5b99985-pfkl4,1739400886,139390976
recommendationservice,recommendationservice-55c5b99985-pfkl4,1739401186,139272192
recommendationservice,recommendationservice-55c5b99985-pfkl4,1739401486,139317248
recommendationservice,recommendationservice-55c5b99985-pfkl4,1739401786,139665408
recommendationservice,recommendationservice-55c5b99985-pfkl4,1739402086,139538432
recommendationservice,recommendationservice-55c5b99985-pfkl4,1739402386,139730944
recommendationservice,recommendationservice-55c5b99985-pfkl4,1739402686,139792384
recommendationservice,recommendationservice-55c5b99985-pfkl4,1739402986,140152832
recommendationservice,recommendationservice-55c5b99985-pfkl4,1739403286,139268096
recommendationservice,recommendationservice-55c5b99985-pfkl4,1739403586,139345920
recommendationservice,recommendationservice-55c5b99985-pfkl4,1739403886,139673600
recommendationservice,recommendationservice-55c5b99985-pfkl4,1739404186,139538432
recommendationservice,recommendationservice-55c5b99985-pfkl4,1739404486,139493376
recommendationservice,recommendationservice-55c5b99985-pfkl4,1739404786,139534336
recommendationservice,recommendationservice-55c5b99985-pfkl4,1739405086,139894784
recommendationservice,recommendationservice-55c5b99985-pfkl4,1739405386,140091392
recommendationservice,recommendationservice-55c5b99985-pfkl4,1739405686,139661312
recommendationservice,recommendationservice-55c5b99985-pfkl4,1739405986,139915264
recommendationservice,recommendationservice-55c5b99985-pfkl4,1739406286,139874304
recommendationservice,recommendationservice-55c5b99985-pfkl4,1739406586,139935744
recommendationservice,recommendationservice-55c5b99985-pfkl4,1739406886,139972608
recommendationservice,recommendationservice-55c5b99985-pfkl4,1739407186,140058624
recommendationservice,recommendationservice-55c5b99985-pfkl4,1739407486,139792384
recommendationservice,recommendationservice-55c5b99985-pfkl4,1739407786,139841536
recommendationservice,recommendationservice-55c5b99985-pfkl4,1739408086,140042240
recommendationservice,recommendationservice-55c5b99985-pfkl4,1739408386,139415552
recommendationservice,recommendationservice-55c5b99985-pfkl4,1739408686,139571200
recommendationservice,recommendationservice-55c5b99985-pfkl4,1739408986,139591680
recommendationservice,recommendationservice-55c5b99985-pfkl4,1739409286,140095488
recommendationservice,recommendationservice-55c5b99985-pfkl4,1739409586,140173312
recommendationservice,recommendationservice-55c5b99985-pfkl4,1739409886,140468224
recommendationservice,recommendationservice-55c5b99985-pfkl4,1739410186,140283904
recommendationservice,recommendationservice-55c5b99985-pfkl4,1739410486,140099584
recommendationservice,recommendationservice-55c5b99985-pfkl4,1739410786,140636160
recommendationservice,recommendationservice-55c5b99985-pfkl4,1739411086,140709888
recommendationservice,recommendationservice-55c5b99985-pfkl4,1739411386,141742080
recommendationservice,recommendationservice-55c5b99985-pfkl4,1739411686,141672448
recommendationservice,recommendationservice-55c5b99985-pfkl4,1739411986,141402112
recommendationservice,recommendationservice-55c5b99985-pfkl4,1739412286,141373440
recommendationservice,recommendationservice-55c5b99985-pfkl4,1739412586,141193216
recommendationservice,recommendationservice-55c5b99985-pfkl4,1739412886,141484032
recommendationservice,recommendationservice-55c5b99985-pfkl4,1739413186,140894208
recommendationservice,recommendationservice-55c5b99985-pfkl4,1739413486,140730368
recommendationservice,recommendationservice-55c5b99985-pfkl4,1739413786,141938688
recommendationservice,recommendationservice-55c5b99985-pfkl4,1739414086,141901824
recommendationservice,recommendationservice-55c5b99985-pfkl4,1739414386,141684736
recommendationservice,recommendationservice-55c5b99985-pfkl4,1739414686,141492224
recommendationservice,recommendationservice-55c5b99985-pfkl4,1739414986,142303232
recommendationservice,recommendationservice-55c5b99985-pfkl4,1739415286,142307328
recommendationservice,recommendationservice-55c5b99985-pfkl4,1739415586,142774272
recommendationservice,recommendationservice-55c5b99985-pfkl4,1739415886,142827520
recommendationservice,recommendationservice-55c5b99985-pfkl4,1739416186,142934016
recommendationservice,recommendationservice-55c5b99985-pfkl4,1739416486,143249408
recommendationservice,recommendationservice-55c5b99985-pfkl4,1739416786,143396864
recommendationservice,recommendationservice-55c5b99985-pfkl4,1739417086,146632704
recommendationservice,recommendationservice-55c5b99985-pfkl4,1739417386,146403328
recommendationservice,recommendationservice-55c5b99985-pfkl4,1739417686,146165760
recommendationservice,recommendationservice-55c5b99985-pfkl4,1739417986,146358272
recommendationservice,recommendationservice-55c5b99985-pfkl4,1739418286,146481152
recommendationservice,recommendationservice-55c5b99985-pfkl4,1739418586,146251776
recommendationservice,recommendationservice-55c5b99985-pfkl4,1739418886,146518016
recommendationservice,recommendationservice-55c5b99985-pfkl4,1739419186,147390464
recommendationservice,recommendationservice-55c5b99985-pfkl4,1739419486,147353600
recommendationservice,recommendationservice-55c5b99985-pfkl4,1739419786,147181568
recommendationservice,recommendationservice-55c5b99985-pfkl4,1739420086,147869696
recommendationservice,recommendationservice-55c5b99985-pfkl4,1739420386,148189184
recommendationservice,recommendationservice-55c5b99985-pfkl4,1739420686,147783680
recommendationservice,recommendationservice-55c5b99985-pfkl4,1739420986,147783680
recommendationservice,recommendationservice-55c5b99985-pfkl4,1739421286,147783680
recommendationservice,recommendationservice-55c5b99985-pfkl4,1739421586,147787776
recommendationservice,recommendationservice-55c5b99985-pfkl4,1739421886,146518016
recommendationservice,recommendationservice-55c5b99985-pfkl4,1739422186,146526208
recommendationservice,recommendationservice-55c5b99985-pfkl4,1739422486,148623360
recommendationservice,recommendationservice-55c5b99985-pfkl4,1739422786,147505152
recommendationservice,recommendationservice-55c5b99985-pfkl4,1739423086,147505152
recommendationservice,recommendationservice-55c5b99985-pfkl4,1739423386,147509248
recommendationservice,recommendationservice-55c5b99985-pfkl4,1739423686,147517440
recommendationservice,recommendationservice-55c5b99985-pfkl4,1739423986,148942848
recommendationservice,recommendationservice-55c5b99985-pfkl4,1739424286,152244224
recommendationservice,recommendationservice-55c5b99985-pfkl4,1739424586,149983232
recommendationservice,recommendationservice-55c5b99985-pfkl4,1739424886,150056960
recommendationservice,recommendationservice-55c5b99985-pfkl4,1739425186,150089728
recommendationservice,recommendationservice-55c5b99985-pfkl4,1739425486,150081536
recommendationservice,recommendationservice-55c5b99985-pfkl4,1739425786,151998464
recommendationservice,recommendationservice-55c5b99985-pfkl4,1739426086,151498752
recommendationservice,recommendationservice-55c5b99985-pfkl4,1739426386,150335488
recommendationservice,recommendationservice-55c5b99985-pfkl4,1739426686,149401600
recommendationservice,recommendationservice-55c5b99985-pfkl4,1739426986,149536768
recommendationservice,recommendationservice-55c5b99985-pfkl4,1739427286,149245952
recommendationservice,recommendationservice-55c5b99985-pfkl4,1739427586,151224320
recommendationservice,recommendationservice-55c5b99985-pfkl4,1739427886,151441408
recommendationservice,recommendationservice-55c5b99985-pfkl4,1739428186,150958080
recommendationservice,recommendationservice-55c5b99985-pfkl4,1739428486,151691264
recommendationservice,recommendationservice-55c5b99985-pfkl4,1739428786,151687168
recommendationservice,recommendationservice-55c5b99985-pfkl4,1739429086,151289856
recommendationservice,recommendationservice-55c5b99985-pfkl4,1739429386,150024192
recommendationservice,recommendationservice-55c5b99985-pfkl4,1739429686,151207936
recommendationservice,recommendationservice-55c5b99985-pfkl4,1739429986,151207936
recommendationservice,recommendationservice-55c5b99985-pfkl4,1739430286,151433216
recommendationservice,recommendationservice-55c5b99985-pfkl4,1739430586,151076864
recommendationservice,recommendationservice-55c5b99985-pfkl4,1739430886,151715840
recommendationservice,recommendationservice-55c5b99985-pfkl4,1739431186,151650304
recommendationservice,recommendationservice-55c5b99985-pfkl4,1739431486,152707072
recommendationservice,recommendationservice-55c5b99985-pfkl4,1739431786,153153536
recommendationservice,recommendationservice-55c5b99985-pfkl4,1739432086,153812992
recommendationservice,recommendationservice-55c5b99985-pfkl4,1739432386,151785472
recommendationservice,recommendationservice-55c5b99985-pfkl4,1739432686,151785472
recommendationservice,recommendationservice-55c5b99985-pfkl4,1739432986,153206784
recommendationservice,recommendationservice-55c5b99985-pfkl4,1739433286,153604096
recommendationservice,recommendationservice-55c5b99985-pfkl4,1739433586,153759744
recommendationservice,recommendationservice-55c5b99985-pfkl4,1739433886,154632192
recommendationservice,recommendationservice-55c5b99985-pfkl4,1739434186,154198016
recommendationservice,recommendationservice-55c5b99985-pfkl4,1739434486,154443776
recommendationservice,recommendationservice-55c5b99985-pfkl4,1739434786,154820608
recommendationservice,recommendationservice-55c5b99985-pfkl4,1739435086,154820608
recommendationservice,recommendationservice-55c5b99985-pfkl4,1739435386,154824704
recommendationservice,recommendationservice-55c5b99985-pfkl4,1739435686,154038272
recommendationservice,recommendationservice-55c5b99985-pfkl4,1739435986,154034176
recommendationservice,recommendationservice-55c5b99985-pfkl4,1739436286,154034176
recommendationservice,recommendationservice-55c5b99985-pfkl4,1739436586,155668480
recommendationservice,recommendationservice-55c5b99985-pfkl4,1739436886,155840512
recommendationservice,recommendationservice-55c5b99985-pfkl4,1739437186,155672576
recommendationservice,recommendationservice-55c5b99985-pfkl4,1739437486,137519104
recommendationservice,recommendationservice-55c5b99985-pfkl4,1739437786,147140608
recommendationservice,recommendationservice-55c5b99985-pfkl4,1739438086,148123648
recommendationservice,recommendationservice-55c5b99985-pfkl4,1739438386,148738048
recommendationservice,recommendationservice-55c5b99985-pfkl4,1739438686,148578304
recommendationservice,recommendationservice-55c5b99985-pfkl4,1739438986,151347200
recommendationservice,recommendationservice-55c5b99985-pfkl4,1739439286,149573632
recommendationservice,recommendationservice-55c5b99985-pfkl4,1739439586,151269376
recommendationservice,recommendationservice-55c5b99985-pfkl4,1739439886,151576576
recommendationservice,recommendationservice-55c5b99985-pfkl4,1739440186,153690112
recommendationservice,recommendationservice-55c5b99985-pfkl4,1739440486,152473600
recommendationservice,recommendationservice-55c5b99985-pfkl4,1739440786,156209152
recommendationservice,recommendationservice-55c5b99985-pfkl4,1739441086,152911872
recommendationservice,recommendationservice-55c5b99985-pfkl4,1739441386,152989696
recommendationservice,recommendationservice-55c5b99985-pfkl4,1739441686,152989696
recommendationservice,recommendationservice-55c5b99985-pfkl4,1739441986,153006080
recommendationservice,recommendationservice-55c5b99985-pfkl4,1739442286,155373568
recommendationservice,recommendationservice-55c5b99985-pfkl4,1739442586,155475968
recommendationservice,recommendationservice-55c5b99985-pfkl4,1739442886,155475968
recommendationservice,recommendationservice-55c5b99985-pfkl4,1739443186,152952832
recommendationservice,recommendationservice-55c5b99985-pfkl4,1739443486,152948736
recommendationservice,recommendationservice-55c5b99985-pfkl4,1739443786,152752128
recommendationservice,recommendationservice-55c5b99985-pfkl4,1739444086,155099136
recommendationservice,recommendationservice-55c5b99985-pfkl4,1739444386,154398720
recommendationservice,recommendationservice-55c5b99985-pfkl4,1739444686,154402816
recommendationservice,recommendationservice-55c5b99985-pfkl4,1739444986,155512832
recommendationservice,recommendationservice-55c5b99985-pfkl4,1739445286,155504640
recommendationservice,recommendationservice-55c5b99985-pfkl4,1739445586,154464256
recommendationservice,recommendationservice-55c5b99985-pfkl4,1739445886,156459008
recommendationservice,recommendationservice-55c5b99985-pfkl4,1739446186,156053504
recommendationservice,recommendationservice-55c5b99985-pfkl4,1739446486,156422144
recommendationservice,recommendationservice-55c5b99985-pfkl4,1739446786,156635136
recommendationservice,recommendationservice-55c5b99985-pfkl4,1739447086,156422144
recommendationservice,recommendationservice-55c5b99985-pfkl4,1739447386,156680192
recommendationservice,recommendationservice-55c5b99985-pfkl4,1739447686,156684288
recommendationservice,recommendationservice-55c5b99985-pfkl4,1739447986,156569600
recommendationservice,recommendationservice-55c5b99985-pfkl4,1739448286,158502912
recommendationservice,recommendationservice-55c5b99985-pfkl4,1739448586,158502912
recommendationservice,recommendationservice-55c5b99985-pfkl4,1739448886,154873856
recommendationservice,recommendationservice-55c5b99985-pfkl4,1739449186,156889088
recommendationservice,recommendationservice-55c5b99985-pfkl4,1739449486,156901376
recommendationservice,recommendationservice-55c5b99985-pfkl4,1739449786,156897280
recommendationservice,recommendationservice-55c5b99985-pfkl4,1739450086,157011968
recommendationservice,recommendationservice-55c5b99985-pfkl4,1739450386,157011968
recommendationservice,recommendationservice-55c5b99985-pfkl4,1739450686,159420416
recommendationservice,recommendationservice-55c5b99985-pfkl4,1739450986,157175808
recommendationservice,recommendationservice-55c5b99985-pfkl4,1739451286,161275904
recommendationservice,recommendationservice-55c5b99985-pfkl4,1739451586,160931840
recommendationservice,recommendationservice-55c5b99985-pfkl4,1739451886,160641024
recommendationservice,recommendationservice-55c5b99985-pfkl4,1739452186,160641024
recommendationservice,recommendationservice-55c5b99985-pfkl4,1739452486,160952320
recommendationservice,recommendationservice-55c5b99985-pfkl4,1739452786,161783808
recommendationservice,recommendationservice-55c5b99985-pfkl4,1739453086,161554432
recommendationservice,recommendationservice-55c5b99985-pfkl4,1739453386,161710080
recommendationservice,recommendationservice-55c5b99985-pfkl4,1739453686,161710080
recommendationservice,recommendationservice-55c5b99985-pfkl4,1739453986,163221504
recommendationservice,recommendationservice-55c5b99985-pfkl4,1739454286,163454976
recommendationservice,recommendationservice-55c5b99985-pfkl4,1739454586,163713024
recommendationservice,recommendationservice-55c5b99985-pfkl4,1739454886,165232640
recommendationservice,recommendationservice-55c5b99985-pfkl4,1739455186,165765120
recommendationservice,recommendationservice-55c5b99985-pfkl4,1739455486,165826560
recommendationservice,recommendationservice-55c5b99985-pfkl4,1739455786,166047744
recommendationservice,recommendationservice-55c5b99985-pfkl4,1739456086,166047744
recommendationservice,recommendationservice-55c5b99985-pfkl4,1739456386,165990400
recommendationservice,recommendationservice-55c5b99985-pfkl4,1739456686,165994496
recommendationservice,recommendationservice-55c5b99985-pfkl4,1739456986,165990400
recommendationservice,recommendationservice-55c5b99985-pfkl4,1739457286,165994496
recommendationservice,recommendationservice-55c5b99985-pfkl4,1739457586,165994496
recommendationservice,recommendationservice-55c5b99985-pfkl4,1739457886,165117952
recommendationservice,recommendationservice-55c5b99985-pfkl4,1739458186,165122048
recommendationservice,recommendationservice-55c5b99985-pfkl4,1739458486,164917248
recommendationservice,recommendationservice-55c5b99985-pfkl4,1739458786,164925440
recommendationservice,recommendationservice-55c5b99985-pfkl4,1739459086,164917248
recommendationservice,recommendationservice-55c5b99985-pfkl4,1739459386,161988608
recommendationservice,recommendationservice-55c5b99985-pfkl4,1739459686,162770944
recommendationservice,recommendationservice-55c5b99985-pfkl4,1739459986,162394112
recommendationservice,recommendationservice-55c5b99985-pfkl4,1739460286,164167680
recommendationservice,recommendationservice-55c5b99985-pfkl4,1739460586,164167680
recommendationservice,recommendationservice-55c5b99985-pfkl4,1739460886,164012032
recommendationservice,recommendationservice-55c5b99985-pfkl4,1739461186,164003840
recommendationservice,recommendationservice-55c5b99985-pfkl4,1739461486,164016128
recommendationservice,recommendationservice-55c5b99985-pfkl4,1739461786,161210368
recommendationservice,recommendationservice-55c5b99985-pfkl4,1739462086,165990400
recommendationservice,recommendationservice-55c5b99985-pfkl4,1739462386,166055936
recommendationservice,recommendationservice-55c5b99985-pfkl4,1739462686,166051840
recommendationservice,recommendationservice-55c5b99985-pfkl4,1739462986,165756928
recommendationservice,recommendationservice-55c5b99985-pfkl4,1739463286,165695488
recommendationservice,recommendationservice-55c5b99985-pfkl4,1739463586,164913152
recommendationservice,recommendationservice-55c5b99985-pfkl4,1739463886,164741120
recommendationservice,recommendationservice-55c5b99985-pfkl4,1739464186,155078656
recommendationservice,recommendationservice-55c5b99985-pfkl4,1739464486,155242496
recommendationservice,recommendationservice-55c5b99985-pfkl4,1739464786,155365376
recommendationservice,recommendationservice-55c5b99985-pfkl4,1739465086,155402240
recommendationservice,recommendationservice-55c5b99985-pfkl4,1739465386,156475392
recommendationservice,recommendationservice-55c5b99985-pfkl4,1739465686,156430336
recommendationservice,recommendationservice-55c5b99985-pfkl4,1739465986,155426816
recommendationservice,recommendationservice-55c5b99985-pfkl4,1739466286,155430912
recommendationservice,recommendationservice-55c5b99985-pfkl4,1739466586,155316224
recommendationservice,recommendationservice-55c5b99985-pfkl4,1739466886,155414528
recommendationservice,recommendationservice-55c5b99985-pfkl4,1739467186,155197440
recommendationservice,recommendationservice-55c5b99985-pfkl4,1739467486,156979200
recommendationservice,recommendationservice-55c5b99985-pfkl4,1739467786,156721152
recommendationservice,recommendationservice-55c5b99985-pfkl4,1739468086,154996736
recommendationservice,recommendationservice-55c5b99985-pfkl4,1739468386,154992640
recommendationservice,recommendationservice-55c5b99985-pfkl4,1739468686,154996736
recommendationservice,recommendationservice-55c5b99985-pfkl4,1739468986,155037696
recommendationservice,recommendationservice-55c5b99985-pfkl4,1739469286,156692480
recommendationservice,recommendationservice-55c5b99985-pfkl4,1739469586,156717056
recommendationservice,recommendationservice-55c5b99985-pfkl4,1739469886,157757440
recommendationservice,recommendationservice-55c5b99985-pfkl4,1739470186,154959872
recommendationservice,recommendationservice-55c5b99985-pfkl4,1739470486,155009024
recommendationservice,recommendationservice-55c5b99985-pfkl4,1739470786,155009024
recommendationservice,recommendationservice-55c5b99985-pfkl4,1739471086,155009024
recommendationservice,recommendationservice-55c5b99985-pfkl4,1739471386,155009024
recommendationservice,recommendationservice-55c5b99985-pfkl4,1739471686,154566656
recommendationservice,recommendationservice-55c5b99985-pfkl4,1739471986,155058176
recommendationservice,recommendationservice-55c5b99985-pfkl4,1739472286,154722304
recommendationservice,recommendationservice-55c5b99985-pfkl4,1739472586,154615808
recommendationservice,recommendationservice-55c5b99985-pfkl4,1739472886,154943488
recommendationservice,recommendationservice-55c5b99985-pfkl4,1739473186,155168768
recommendationservice,recommendationservice-55c5b99985-pfkl4,1739473486,155467776
recommendationservice,recommendationservice-55c5b99985-pfkl4,1739473786,155664384
recommendationservice,recommendationservice-55c5b99985-pfkl4,1739474086,157036544
recommendationservice,recommendationservice-55c5b99985-pfkl4,1739474386,155369472
recommendationservice,recommendationservice-55c5b99985-pfkl4,1739474686,156475392
recommendationservice,recommendationservice-55c5b99985-pfkl4,1739474986,156528640
recommendationservice,recommendationservice-55c5b99985-pfkl4,1739475286,156524544
recommendationservice,recommendationservice-55c5b99985-pfkl4,1739475586,155947008
recommendationservice,recommendationservice-55c5b99985-pfkl4,1739475886,157798400
recommendationservice,recommendationservice-55c5b99985-pfkl4,1739476186,157798400
recommendationservice,recommendationservice-55c5b99985-pfkl4,1739476486,157560832
recommendationservice,recommendationservice-55c5b99985-pfkl4,1739476786,157560832
recommendationservice,recommendationservice-55c5b99985-pfkl4,1739477086,157573120
recommendationservice,recommendationservice-55c5b99985-pfkl4,1739477386,156438528
recommendationservice,recommendationservice-55c5b99985-pfkl4,1739477686,156033024
recommendationservice,recommendationservice-55c5b99985-pfkl4,1739477986,156975104
recommendationservice,recommendationservice-55c5b99985-pfkl4,1739478286,154730496
recommendationservice,recommendationservice-55c5b99985-pfkl4,1739478586,154386432
recommendationservice,recommendationservice-55c5b99985-pfkl4,1739478886,154595328
recommendationservice,recommendationservice-55c5b99985-pfkl4,1739479186,154710016
recommendationservice,recommendationservice-55c5b99985-pfkl4,1739479486,154603520
recommendationservice,recommendationservice-55c5b99985-pfkl4,1739479786,155062272
recommendationservice,recommendationservice-55c5b99985-pfkl4,1739480086,140619776
recommendationservice,recommendationservice-55c5b99985-pfkl4,1739480386,140668928
recommendationservice,recommendationservice-55c5b99985-pfkl4,1739480686,152600576
recommendationservice,recommendationservice-55c5b99985-pfkl4,1739480986,152489984
recommendationservice,recommendationservice-55c5b99985-pfkl4,1739481286,152502272
recommendationservice,recommendationservice-55c5b99985-pfkl4,1739481586,152494080
recommendationservice,recommendationservice-55c5b99985-pfkl4,1739481886,153616384
recommendationservice,recommendationservice-55c5b99985-pfkl4,1739482186,153612288
recommendationservice,recommendationservice-55c5b99985-pfkl4,1739482486,152449024
recommendationservice,recommendationservice-55c5b99985-pfkl4,1739482786,152449024
recommendationservice,recommendationservice-55c5b99985-pfkl4,1739483086,151547904
recommendationservice,recommendationservice-55c5b99985-pfkl4,1739483386,151797760
recommendationservice,recommendationservice-55c5b99985-pfkl4,1739483686,154480640
recommendationservice,recommendationservice-55c5b99985-pfkl4,1739483986,154488832
recommendationservice,recommendationservice-55c5b99985-pfkl4,1739484286,154677248
recommendationservice,recommendationservice-55c5b99985-pfkl4,1739484586,154832896
recommendationservice,recommendationservice-55c5b99985-pfkl4,1739484886,154664960
recommendationservice,recommendationservice-55c5b99985-pfkl4,1739485186,155377664
recommendationservice,recommendationservice-55c5b99985-pfkl4,1739485486,156250112
recommendationservice,recommendationservice-55c5b99985-pfkl4,1739485786,155512832
recommendationservice,recommendationservice-55c5b99985-pfkl4,1739486086,155619328
recommendationservice,recommendationservice-55c5b99985-pfkl4,1739486386,155504640
recommendationservice,recommendationservice-55c5b99985-pfkl4,1739486686,155594752
recommendationservice,recommendationservice-55c5b99985-pfkl4,1739486986,156176384
recommendationservice,recommendationservice-55c5b99985-pfkl4,1739487286,156684288
recommendationservice,recommendationservice-55c5b99985-pfkl4,1739487586,156123136
recommendationservice,recommendationservice-55c5b99985-pfkl4,1739487886,156160000
recommendationservice,recommendationservice-55c5b99985-pfkl4,1739488186,156192768
recommendationservice,recommendationservice-55c5b99985-pfkl4,1739488486,156291072
recommendationservice,recommendationservice-55c5b99985-pfkl4,1739488786,156221440
recommendationservice,recommendationservice-55c5b99985-pfkl4,1739489086,156610560
recommendationservice,recommendationservice-55c5b99985-pfkl4,1739489386,156434432
recommendationservice,recommendationservice-55c5b99985-pfkl4,1739489686,156434432
recommendationservice,recommendationservice-55c5b99985-pfkl4,1739489986,156082176
recommendationservice,recommendationservice-55c5b99985-pfkl4,1739490286,155701248
recommendationservice,recommendationservice-55c5b99985-pfkl4,1739490586,155615232
recommendationservice,recommendationservice-55c5b99985-pfkl4,1739490886,155779072
recommendationservice,recommendationservice-55c5b99985-pfkl4,1739491186,155869184
recommendationservice,recommendationservice-55c5b99985-pfkl4,1739491486,155746304
recommendationservice,recommendationservice-55c5b99985-pfkl4,1739491786,155619328
recommendationservice,recommendationservice-55c5b99985-pfkl4,1739492086,155574272
recommendationservice,recommendationservice-55c5b99985-pfkl4,1739492386,156110848
recommendationservice,recommendationservice-55c5b99985-pfkl4,1739492686,155291648
recommendationservice,recommendationservice-55c5b99985-pfkl4,1739492986,155721728
recommendationservice,recommendationservice-55c5b99985-pfkl4,1739493286,156196864
recommendationservice,recommendationservice-55c5b99985-pfkl4,1739493586,155553792
recommendationservice,recommendationservice-55c5b99985-pfkl4,1739493886,156295168
recommendationservice,recommendationservice-55c5b99985-pfkl4,1739494186,156438528
recommendationservice,recommendationservice-55c5b99985-pfkl4,1739494486,156221440
recommendationservice,recommendationservice-55c5b99985-pfkl4,1739494786,156426240
recommendationservice,recommendationservice-55c5b99985-pfkl4,1739495086,156569600
recommendationservice,recommendationservice-55c5b99985-pfkl4,1739495386,155918336
recommendationservice,recommendationservice-55c5b99985-pfkl4,1739495686,156590080
recommendationservice,recommendationservice-55c5b99985-pfkl4,1739495986,155840512
recommendationservice,recommendationservice-55c5b99985-pfkl4,1739496286,155455488
recommendationservice,recommendationservice-55c5b99985-pfkl4,1739496586,155643904
recommendationservice,recommendationservice-55c5b99985-pfkl4,1739496886,156250112
recommendationservice,recommendationservice-55c5b99985-pfkl4,1739497186,156274688
recommendationservice,recommendationservice-55c5b99985-pfkl4,1739497486,156082176
recommendationservice,recommendationservice-55c5b99985-pfkl4,1739497786,155992064
recommendationservice,recommendationservice-55c5b99985-pfkl4,1739498086,156045312
recommendationservice,recommendationservice-55c5b99985-pfkl4,1739498386,156041216
recommendationservice,recommendationservice-55c5b99985-pfkl4,1739498686,156045312
recommendationservice,recommendationservice-55c5b99985-pfkl4,1739498986,156049408
recommendationservice,recommendationservice-55c5b99985-pfkl4,1739499286,156049408
recommendationservice,recommendationservice-55c5b99985-pfkl4,1739499586,156049408
recommendationservice,recommendationservice-55c5b99985-pfkl4,1739499886,157143040
recommendationservice,recommendationservice-55c5b99985-pfkl4,1739500186,157143040
recommendationservice,recommendationservice-55c5b99985-pfkl4,1739500486,156979200
recommendationservice,recommendationservice-55c5b99985-pfkl4,1739500786,156979200
recommendationservice,recommendationservice-55c5b99985-pfkl4,1739501086,156979200
recommendationservice,recommendationservice-55c5b99985-pfkl4,1739501386,156561408
recommendationservice,recommendationservice-55c5b99985-pfkl4,1739501686,155521024
recommendationservice,recommendationservice-55c5b99985-pfkl4,1739501986,157184000
recommendationservice,recommendationservice-55c5b99985-pfkl4,1739502286,156807168
recommendationservice,recommendationservice-55c5b99985-pfkl4,1739502586,156258304
recommendationservice,recommendationservice-55c5b99985-pfkl4,1739502886,156258304
recommendationservice,recommendationservice-55c5b99985-pfkl4,1739503186,156667904
recommendationservice,recommendationservice-55c5b99985-pfkl4,1739503486,157020160
recommendationservice,recommendationservice-55c5b99985-pfkl4,1739503786,156712960
recommendationservice,recommendationservice-55c5b99985-pfkl4,1739504086,158429184
recommendationservice,recommendationservice-55c5b99985-pfkl4,1739504386,158179328
recommendationservice,recommendationservice-55c5b99985-pfkl4,1739504686,158720000
recommendationservice,recommendationservice-55c5b99985-pfkl4,1739504986,159297536
recommendationservice,recommendationservice-55c5b99985-pfkl4,1739505286,158265344
recommendationservice,recommendationservice-55c5b99985-pfkl4,1739505586,158392320
recommendationservice,recommendationservice-55c5b99985-pfkl4,1739505886,158728192
recommendationservice,recommendationservice-55c5b99985-pfkl4,1739506186,158359552
recommendationservice,recommendationservice-55c5b99985-pfkl4,1739506486,157995008
recommendationservice,recommendationservice-55c5b99985-pfkl4,1739506786,158068736
recommendationservice,recommendationservice-55c5b99985-pfkl4,1739507086,158208000
recommendationservice,recommendationservice-55c5b99985-pfkl4,1739507386,158597120
recommendationservice,recommendationservice-55c5b99985-pfkl4,1739507686,159485952
recommendationservice,recommendationservice-55c5b99985-pfkl4,1739507986,159219712
recommendationservice,recommendationservice-55c5b99985-pfkl4,1739508286,159256576
recommendationservice,recommendationservice-55c5b99985-pfkl4,1739508586,159834112
recommendationservice,recommendationservice-55c5b99985-pfkl4,1739508886,159834112
recommendationservice,recommendationservice-55c5b99985-pfkl4,1739509186,159309824
recommendationservice,recommendationservice-55c5b99985-pfkl4,1739509486,159318016
recommendationservice,recommendationservice-55c5b99985-pfkl4,1739509786,159313920
recommendationservice,recommendationservice-55c5b99985-pfkl4,1739510086,159313920
recommendationservice,recommendationservice-55c5b99985-pfkl4,1739510386,159309824
recommendationservice,recommendationservice-55c5b99985-pfkl4,1739510686,159309824
recommendationservice,recommendationservice-55c5b99985-pfkl4,1739510986,159313920
recommendationservice,recommendationservice-55c5b99985-pfkl4,1739511286,160235520
recommendationservice,recommendationservice-55c5b99985-pfkl4,1739511586,160264192
recommendationservice,recommendationservice-55c5b99985-pfkl4,1739511886,157052928
recommendationservice,recommendationservice-55c5b99985-pfkl4,1739512186,156844032
recommendationservice,recommendationservice-55c5b99985-pfkl4,1739512486,157184000
recommendationservice,recommendationservice-55c5b99985-pfkl4,1739512786,157376512
recommendationservice,recommendationservice-55c5b99985-pfkl4,1739513086,157577216
recommendationservice,recommendationservice-55c5b99985-pfkl4,1739513386,157581312
recommendationservice,recommendationservice-55c5b99985-pfkl4,1739513686,157032448
recommendationservice,recommendationservice-55c5b99985-pfkl4,1739513986,156909568
recommendationservice,recommendationservice-55c5b99985-pfkl4,1739514286,158031872
recommendationservice,recommendationservice-55c5b99985-pfkl4,1739514586,157896704
recommendationservice,recommendationservice-55c5b99985-pfkl4,1739514886,155758592
recommendationservice,recommendationservice-55c5b99985-pfkl4,1739515186,155033600
recommendationservice,recommendationservice-55c5b99985-pfkl4,1739515486,155316224
recommendationservice,recommendationservice-55c5b99985-pfkl4,1739515786,156053504
recommendationservice,recommendationservice-55c5b99985-pfkl4,1739516086,156749824
recommendationservice,recommendationservice-55c5b99985-pfkl4,1739516386,155893760
recommendationservice,recommendationservice-55c5b99985-pfkl4,1739516686,155713536
recommendationservice,recommendationservice-55c5b99985-pfkl4,1739516986,156061696
recommendationservice,recommendationservice-55c5b99985-pfkl4,1739517286,156393472
recommendationservice,recommendationservice-55c5b99985-pfkl4,1739517586,156495872
recommendationservice,recommendationservice-55c5b99985-pfkl4,1739517886,156606464
recommendationservice,recommendationservice-55c5b99985-pfkl4,1739518186,156639232
recommendationservice,recommendationservice-55c5b99985-pfkl4,1739518486,156549120
recommendationservice,recommendationservice-55c5b99985-pfkl4,1739518786,156553216
recommendationservice,recommendationservice-55c5b99985-pfkl4,1739519086,156549120
recommendationservice,recommendationservice-55c5b99985-pfkl4,1739519386,156553216
recommendationservice,recommendationservice-55c5b99985-pfkl4,1739519686,158371840
recommendationservice,recommendationservice-55c5b99985-pfkl4,1739519986,157519872
recommendationservice,recommendationservice-55c5b99985-pfkl4,1739520286,158015488
recommendationservice,recommendationservice-55c5b99985-pfkl4,1739520586,158101504
recommendationservice,recommendationservice-55c5b99985-pfkl4,1739520886,158175232
recommendationservice,recommendationservice-55c5b99985-pfkl4,1739521186,158167040
recommendationservice,recommendationservice-55c5b99985-pfkl4,1739521486,158777344
recommendationservice,recommendationservice-55c5b99985-pfkl4,1739521786,158953472
recommendationservice,recommendationservice-55c5b99985-pfkl4,1739522086,158949376
recommendationservice,recommendationservice-55c5b99985-pfkl4,1739522386,158953472
recommendationservice,recommendationservice-55c5b99985-pfkl4,1739522686,161574912
recommendationservice,recommendationservice-55c5b99985-pfkl4,1739522986,160333824
recommendationservice,recommendationservice-55c5b99985-pfkl4,1739523286,159666176
recommendationservice,recommendationservice-55c5b99985-pfkl4,1739523586,160489472
recommendationservice,recommendationservice-55c5b99985-pfkl4,1739523886,159678464
recommendationservice,recommendationservice-55c5b99985-pfkl4,1739524186,160505856
recommendationservice,recommendationservice-55c5b99985-pfkl4,1739524486,160452608
recommendationservice,recommendationservice-55c5b99985-pfkl4,1739524786,160468992
recommendationservice,recommendationservice-55c5b99985-pfkl4,1739525086,160657408
recommendationservice,recommendationservice-55c5b99985-pfkl4,1739525386,160632832
recommendationservice,recommendationservice-55c5b99985-pfkl4,1739525686,147025920
recommendationservice,recommendationservice-55c5b99985-pfkl4,1739525986,146776064
recommendationservice,recommendationservice-55c5b99985-pfkl4,1739526286,157216768
recommendationservice,recommendationservice-55c5b99985-pfkl4,1739526586,157265920
recommendationservice,recommendationservice-55c5b99985-pfkl4,1739526886,157356032
recommendationservice,recommendationservice-55c5b99985-pfkl4,1739527186,159318016
recommendationservice,recommendationservice-55c5b99985-pfkl4,1739527486,158797824
recommendationservice,recommendationservice-55c5b99985-pfkl4,1739527786,154296320
recommendationservice,recommendationservice-55c5b99985-pfkl4,1739528086,159772672
recommendationservice,recommendationservice-55c5b99985-pfkl4,1739528386,157929472
recommendationservice,recommendationservice-55c5b99985-pfkl4,1739528686,161267712
recommendationservice,recommendationservice-55c5b99985-pfkl4,1739528986,157962240
recommendationservice,recommendationservice-55c5b99985-pfkl4,1739529286,157986816
recommendationservice,recommendationservice-55c5b99985-pfkl4,1739529586,158011392
recommendationservice,recommendationservice-55c5b99985-pfkl4,1739529886,158007296
recommendationservice,recommendationservice-55c5b99985-pfkl4,1739530186,157913088
recommendationservice,recommendationservice-55c5b99985-pfkl4,1739530486,157442048
recommendationservice,recommendationservice-55c5b99985-pfkl4,1739530786,157499392
recommendationservice,recommendationservice-55c5b99985-pfkl4,1739531086,156930048
recommendationservice,recommendationservice-55c5b99985-pfkl4,1739531386,157007872
recommendationservice,recommendationservice-55c5b99985-pfkl4,1739531686,157020160
recommendationservice,recommendationservice-55c5b99985-pfkl4,1739531986,157016064
recommendationservice,recommendationservice-55c5b99985-pfkl4,1739532286,157224960
recommendationservice,recommendationservice-55c5b99985-pfkl4,1739532586,163266560
recommendationservice,recommendationservice-55c5b99985-pfkl4,1739532886,163258368
recommendationservice,recommendationservice-55c5b99985-pfkl4,1739533186,163008512
recommendationservice,recommendationservice-55c5b99985-pfkl4,1739533486,167251968
recommendationservice,recommendationservice-55c5b99985-pfkl4,1739533786,167514112
recommendationservice,recommendationservice-55c5b99985-pfkl4,1739534086,165904384
recommendationservice,recommendationservice-55c5b99985-pfkl4,1739534386,165904384
recommendationservice,recommendationservice-55c5b99985-pfkl4,1739534686,164839424
recommendationservice,recommendationservice-55c5b99985-pfkl4,1739534986,165003264
recommendationservice,recommendationservice-55c5b99985-pfkl4,1739535286,163708928
recommendationservice,recommendationservice-55c5b99985-pfkl4,1739535586,163966976
recommendationservice,recommendationservice-55c5b99985-pfkl4,1739535886,163688448
recommendationservice,recommendationservice-55c5b99985-pfkl4,1739536186,163684352
recommendationservice,recommendationservice-55c5b99985-pfkl4,1739536486,163684352
recommendationservice,recommendationservice-55c5b99985-pfkl4,1739536786,166670336
recommendationservice,recommendationservice-55c5b99985-pfkl4,1739537086,166387712
recommendationservice,recommendationservice-55c5b99985-pfkl4,1739537386,147116032
recommendationservice,recommendationservice-55c5b99985-pfkl4,1739537686,145924096
recommendationservice,recommendationservice-55c5b99985-pfkl4,1739537986,145920000
recommendationservice,recommendationservice-55c5b99985-pfkl4,1739538286,146972672
recommendationservice,recommendationservice-55c5b99985-pfkl4,1739538586,146481152
recommendationservice,recommendationservice-55c5b99985-pfkl4,1739538886,146554880
recommendationservice,recommendationservice-55c5b99985-pfkl4,1739539186,146493440
recommendationservice,recommendationservice-55c5b99985-pfkl4,1739539486,148656128
recommendationservice,recommendationservice-55c5b99985-pfkl4,1739539786,148545536
recommendationservice,recommendationservice-55c5b99985-pfkl4,1739540086,146182144
recommendationservice,recommendationservice-55c5b99985-pfkl4,1739540386,146362368
recommendationservice,recommendationservice-55c5b99985-pfkl4,1739540686,146456576
recommendationservice,recommendationservice-55c5b99985-pfkl4,1739540986,146882560
recommendationservice,recommendationservice-55c5b99985-pfkl4,1739541286,159268864
recommendationservice,recommendationservice-55c5b99985-pfkl4,1739541586,161218560
recommendationservice,recommendationservice-55c5b99985-pfkl4,1739541886,160137216
recommendationservice,recommendationservice-55c5b99985-pfkl4,1739542186,159989760
recommendationservice,recommendationservice-55c5b99985-pfkl4,1739542486,159989760
recommendationservice,recommendationservice-55c5b99985-pfkl4,1739542786,160022528
recommendationservice,recommendationservice-55c5b99985-pfkl4,1739543086,160022528
recommendationservice,recommendationservice-55c5b99985-pfkl4,1739543386,159973376
recommendationservice,recommendationservice-55c5b99985-pfkl4,1739543686,160215040
recommendationservice,recommendationservice-55c5b99985-pfkl4,1739543986,160206848
recommendationservice,recommendationservice-55c5b99985-pfkl4,1739544286,163033088
recommendationservice,recommendationservice-55c5b99985-pfkl4,1739544586,164790272
recommendationservice,recommendationservice-55c5b99985-pfkl4,1739544886,164794368
recommendationservice,recommendationservice-55c5b99985-pfkl4,1739545186,163418112
recommendationservice,recommendationservice-55c5b99985-pfkl4,1739545486,164225024
recommendationservice,recommendationservice-55c5b99985-pfkl4,1739545786,168407040
recommendationservice,recommendationservice-55c5b99985-pfkl4,1739546086,167837696
recommendationservice,recommendationservice-55c5b99985-pfkl4,1739546386,168468480
recommendationservice,recommendationservice-55c5b99985-pfkl4,1739546686,168349696
recommendationservice,recommendationservice-55c5b99985-pfkl4,1739546986,168349696
recommendationservice,recommendationservice-55c5b99985-pfkl4,1739547286,162107392
recommendationservice,recommendationservice-55c5b99985-pfkl4,1739547586,168099840
recommendationservice,recommendationservice-55c5b99985-pfkl4,1739547886,168402944
recommendationservice,recommendationservice-55c5b99985-pfkl4,1739548186,168644608
recommendationservice,recommendationservice-55c5b99985-pfkl4,1739548486,166260736
recommendationservice,recommendationservice-55c5b99985-pfkl4,1739548786,166260736
recommendationservice,recommendationservice-55c5b99985-pfkl4,1739549086,163872768
recommendationservice,recommendationservice-55c5b99985-pfkl4,1739549386,164941824
recommendationservice,recommendationservice-55c5b99985-pfkl4,1739549686,164941824
recommendationservice,recommendationservice-55c5b99985-pfkl4,1739549986,165289984
recommendationservice,recommendationservice-55c5b99985-pfkl4,1739550286,165138432
recommendationservice,recommendationservice-55c5b99985-pfkl4,1739550586,164491264
recommendationservice,recommendationservice-55c5b99985-pfkl4,1739550886,164384768
recommendationservice,recommendationservice-55c5b99985-pfkl4,1739551186,165720064
recommendationservice,recommendationservice-55c5b99985-pfkl4,1739551486,165732352
recommendationservice,recommendationservice-55c5b99985-pfkl4,1739551786,165298176
recommendationservice,recommendationservice-55c5b99985-pfkl4,1739552086,165294080
recommendationservice,recommendationservice-55c5b99985-pfkl4,1739552386,165294080
recommendationservice,recommendationservice-55c5b99985-pfkl4,1739552686,165359616
recommendationservice,recommendationservice-55c5b99985-pfkl4,1739552986,162004992
recommendationservice,recommendationservice-55c5b99985-pfkl4,1739553286,163569664
recommendationservice,recommendationservice-55c5b99985-pfkl4,1739553586,163430400
recommendationservice,recommendationservice-55c5b99985-pfkl4,1739553886,164540416
recommendationservice,recommendationservice-55c5b99985-pfkl4,1739554186,167948288
recommendationservice,recommendationservice-55c5b99985-pfkl4,1739554486,167698432
recommendationservice,recommendationservice-55c5b99985-pfkl4,1739554786,167383040
recommendationservice,recommendationservice-55c5b99985-pfkl4,1739555086,170434560
recommendationservice,recommendationservice-55c5b99985-pfkl4,1739555386,164167680
recommendationservice,recommendationservice-55c5b99985-pfkl4,1739555686,164167680
recommendationservice,recommendationservice-55c5b99985-pfkl4,1739555986,164167680
recommendationservice,recommendationservice-55c5b99985-pfkl4,1739556286,164175872
recommendationservice,recommendationservice-55c5b99985-pfkl4,1739556586,168628224
recommendationservice,recommendationservice-55c5b99985-pfkl4,1739556886,166850560
recommendationservice,recommendationservice-55c5b99985-pfkl4,1739557186,166862848
recommendationservice,recommendationservice-55c5b99985-pfkl4,1739557486,167387136
recommendationservice,recommendationservice-55c5b99985-pfkl4,1739557786,167682048
recommendationservice,recommendationservice-55c5b99985-pfkl4,1739558086,167747584
recommendationservice,recommendationservice-55c5b99985-pfkl4,1739558386,167751680
recommendationservice,recommendationservice-55c5b99985-pfkl4,1739558686,165191680
recommendationservice,recommendationservice-55c5b99985-pfkl4,1739558986,166334464
recommendationservice,recommendationservice-55c5b99985-pfkl4,1739559286,166977536
recommendationservice,recommendationservice-55c5b99985-pfkl4,1739559586,165949440
recommendationservice,recommendationservice-55c5b99985-pfkl4,1739559886,165961728
recommendationservice,recommendationservice-55c5b99985-pfkl4,1739560186,165961728
recommendationservice,recommendationservice-55c5b99985-pfkl4,1739560486,165961728
recommendationservice,recommendationservice-55c5b99985-pfkl4,1739560786,166760448
recommendationservice,recommendationservice-55c5b99985-pfkl4,1739561086,166002688
recommendationservice,recommendationservice-55c5b99985-pfkl4,1739561386,166203392
recommendationservice,recommendationservice-55c5b99985-pfkl4,1739561686,167436288
recommendationservice,recommendationservice-55c5b99985-pfkl4,1739561986,167612416
recommendationservice,recommendationservice-55c5b99985-pfkl4,1739562286,167612416
recommendationservice,recommendationservice-55c5b99985-pfkl4,1739562586,167264256
recommendationservice,recommendationservice-55c5b99985-pfkl4,1739562886,167448576
recommendationservice,recommendationservice-55c5b99985-pfkl4,1739563186,167493632
recommendationservice,recommendationservice-55c5b99985-pfkl4,1739563486,167989248
recommendationservice,recommendationservice-55c5b99985-pfkl4,1739563786,167993344
recommendationservice,recommendationservice-55c5b99985-pfkl4,1739564086,168001536
recommendationservice,recommendationservice-55c5b99985-pfkl4,1739564386,168333312
recommendationservice,recommendationservice-55c5b99985-pfkl4,1739564686,167743488
recommendationservice,recommendationservice-55c5b99985-pfkl4,1739564986,146833408
recommendationservice,recommendationservice-55c5b99985-pfkl4,1739565286,145813504
recommendationservice,recommendationservice-55c5b99985-pfkl4,1739565586,145825792
recommendationservice,recommendationservice-55c5b99985-pfkl4,1739565886,145539072
recommendationservice,recommendationservice-55c5b99985-pfkl4,1739566186,145182720
recommendationservice,recommendationservice-55c5b99985-pfkl4,1739566486,145428480
recommendationservice,recommendationservice-55c5b99985-pfkl4,1739566786,145809408
recommendationservice,recommendationservice-55c5b99985-pfkl4,1739567086,149200896
recommendationservice,recommendationservice-55c5b99985-pfkl4,1739567386,148844544
recommendationservice,recommendationservice-55c5b99985-pfkl4,1739567686,149204992
recommendationservice,recommendationservice-55c5b99985-pfkl4,1739567986,149241856
recommendationservice,recommendationservice-55c5b99985-pfkl4,1739568286,150675456
recommendationservice,recommendationservice-55c5b99985-pfkl4,1739568586,149331968
recommendationservice,recommendationservice-55c5b99985-pfkl4,1739568886,150093824
recommendationservice,recommendationservice-55c5b99985-pfkl4,1739569186,148889600
recommendationservice,recommendationservice-55c5b99985-pfkl4,1739569486,149303296
recommendationservice,recommendationservice-55c5b99985-pfkl4,1739569786,149352448
recommendationservice,recommendationservice-55c5b99985-pfkl4,1739570086,149737472
recommendationservice,recommendationservice-55c5b99985-pfkl4,1739570386,150773760
recommendationservice,recommendationservice-55c5b99985-pfkl4,1739570686,149409792
recommendationservice,recommendationservice-55c5b99985-pfkl4,1739570986,149188608
recommendationservice,recommendationservice-55c5b99985-pfkl4,1739571286,149651456
recommendationservice,recommendationservice-55c5b99985-pfkl4,1739571586,149487616
recommendationservice,recommendationservice-55c5b99985-pfkl4,1739571886,149393408
recommendationservice,recommendationservice-55c5b99985-pfkl4,1739572186,149331968
recommendationservice,recommendationservice-55c5b99985-pfkl4,1739572486,149622784
recommendationservice,recommendationservice-55c5b99985-pfkl4,1739572786,149000192
recommendationservice,recommendationservice-55c5b99985-pfkl4,1739573086,149676032
recommendationservice,recommendationservice-55c5b99985-pfkl4,1739573386,149889024
recommendationservice,recommendationservice-55c5b99985-pfkl4,1739573686,150040576
recommendationservice,recommendationservice-55c5b99985-pfkl4,1739573986,150052864
recommendationservice,recommendationservice-55c5b99985-pfkl4,1739574286,149512192
recommendationservice,recommendationservice-55c5b99985-pfkl4,1739574586,149704704
recommendationservice,recommendationservice-55c5b99985-pfkl4,1739574886,149401600
recommendationservice,recommendationservice-55c5b99985-pfkl4,1739575186,149540864
recommendationservice,recommendationservice-55c5b99985-pfkl4,1739575486,148938752
recommendationservice,recommendationservice-55c5b99985-pfkl4,1739575786,148865024
recommendationservice,recommendationservice-55c5b99985-pfkl4,1739576086,148942848
recommendationservice,recommendationservice-55c5b99985-pfkl4,1739576386,149590016
recommendationservice,recommendationservice-55c5b99985-pfkl4,1739576686,149278720
recommendationservice,recommendationservice-55c5b99985-pfkl4,1739576986,149188608
recommendationservice,recommendationservice-55c5b99985-pfkl4,1739577286,149086208
recommendationservice,recommendationservice-55c5b99985-pfkl4,1739577586,149004288
recommendationservice,recommendationservice-55c5b99985-pfkl4,1739577886,149262336
recommendationservice,recommendationservice-55c5b99985-pfkl4,1739578186,149020672
recommendationservice,recommendationservice-55c5b99985-pfkl4,1739578486,149139456
recommendationservice,recommendationservice-55c5b99985-pfkl4,1739578786,149438464
recommendationservice,recommendationservice-55c5b99985-pfkl4,1739579086,149598208
recommendationservice,recommendationservice-55c5b99985-pfkl4,1739579386,149078016
recommendationservice,recommendationservice-55c5b99985-pfkl4,1739579686,149389312
recommendationservice,recommendationservice-55c5b99985-pfkl4,1739579986,149192704
recommendationservice,recommendationservice-55c5b99985-pfkl4,1739580286,149217280
recommendationservice,recommendationservice-55c5b99985-pfkl4,1739580586,149909504
recommendationservice,recommendationservice-55c5b99985-pfkl4,1739580886,149417984
recommendationservice,recommendationservice-55c5b99985-pfkl4,1739581186,149352448
recommendationservice,recommendationservice-55c5b99985-pfkl4,1739581486,149712896
recommendationservice,recommendationservice-55c5b99985-pfkl4,1739581786,149508096
recommendationservice,recommendationservice-55c5b99985-pfkl4,1739582086,149299200
recommendationservice,recommendationservice-55c5b99985-pfkl4,1739582386,149823488
recommendationservice,recommendationservice-55c5b99985-pfkl4,1739582686,149737472
recommendationservice,recommendationservice-55c5b99985-pfkl4,1739582986,150007808
recommendationservice,recommendationservice-55c5b99985-pfkl4,1739583286,149303296
recommendationservice,recommendationservice-55c5b99985-pfkl4,1739583586,149483520
recommendationservice,recommendationservice-55c5b99985-pfkl4,1739583886,149344256
recommendationservice,recommendationservice-55c5b99985-pfkl4,1739584186,149164032
recommendationservice,recommendationservice-55c5b99985-pfkl4,1739584486,149786624
recommendationservice,recommendationservice-55c5b99985-pfkl4,1739584786,150102016
recommendationservice,recommendationservice-55c5b99985-pfkl4,1739585086,149823488
recommendationservice,recommendationservice-55c5b99985-pfkl4,1739585386,149286912
recommendationservice,recommendationservice-55c5b99985-pfkl4,1739585686,149282816
recommendationservice,recommendationservice-55c5b99985-pfkl4,1739585986,149704704
recommendationservice,recommendationservice-55c5b99985-pfkl4,1739586286,150175744
recommendationservice,recommendationservice-55c5b99985-pfkl4,1739586586,148938752
recommendationservice,recommendationservice-55c5b99985-pfkl4,1739586886,149131264
recommendationservice,recommendationservice-55c5b99985-pfkl4,1739587186,149561344
recommendationservice,recommendationservice-55c5b99985-pfkl4,1739587486,149102592
recommendationservice,recommendationservice-55c5b99985-pfkl4,1739587786,149098496
recommendationservice,recommendationservice-55c5b99985-pfkl4,1739588086,149684224
recommendationservice,recommendationservice-55c5b99985-pfkl4,1739588386,150667264
recommendationservice,recommendationservice-55c5b99985-pfkl4,1739588686,149762048
recommendationservice,recommendationservice-55c5b99985-pfkl4,1739588986,150065152
recommendationservice,recommendationservice-55c5b99985-pfkl4,1739589286,150142976
recommendationservice,recommendationservice-55c5b99985-pfkl4,1739589586,149999616
recommendationservice,recommendationservice-55c5b99985-pfkl4,1739589886,150577152
recommendationservice,recommendationservice-55c5b99985-pfkl4,1739590186,149917696
recommendationservice,recommendationservice-55c5b99985-pfkl4,1739590486,151121920
recommendationservice,recommendationservice-55c5b99985-pfkl4,1739590786,151146496
recommendationservice,recommendationservice-55c5b99985-pfkl4,1739591086,151150592
recommendationservice,recommendationservice-55c5b99985-pfkl4,1739591386,150908928
recommendationservice,recommendationservice-55c5b99985-pfkl4,1739591686,149139456
recommendationservice,recommendationservice-55c5b99985-pfkl4,1739591986,150126592
recommendationservice,recommendationservice-55c5b99985-pfkl4,1739592286,151445504
recommendationservice,recommendationservice-55c5b99985-pfkl4,1739592586,150294528
recommendationservice,recommendationservice-55c5b99985-pfkl4,1739592886,150298624
recommendationservice,recommendationservice-55c5b99985-pfkl4,1739593186,150245376
recommendationservice,recommendationservice-55c5b99985-pfkl4,1739593486,149803008
recommendationservice,recommendationservice-55c5b99985-pfkl4,1739593786,151273472
recommendationservice,recommendationservice-55c5b99985-pfkl4,1739594086,151195648
recommendationservice,recommendationservice-55c5b99985-pfkl4,1739594386,150142976
recommendationservice,recommendationservice-55c5b99985-pfkl4,1739594686,151703552
recommendationservice,recommendationservice-55c5b99985-pfkl4,1739594986,151515136
recommendationservice,recommendationservice-55c5b99985-pfkl4,1739595286,151195648
recommendationservice,recommendationservice-55c5b99985-pfkl4,1739595586,151564288
recommendationservice,recommendationservice-55c5b99985-pfkl4,1739595886,152035328
recommendationservice,recommendationservice-55c5b99985-pfkl4,1739596186,151040000
recommendationservice,recommendationservice-55c5b99985-pfkl4,1739596486,151048192
recommendationservice,recommendationservice-55c5b99985-pfkl4,1739596786,151343104
recommendationservice,recommendationservice-55c5b99985-pfkl4,1739597086,150917120
recommendationservice,recommendationservice-55c5b99985-pfkl4,1739597386,151101440
recommendationservice,recommendationservice-55c5b99985-pfkl4,1739597686,151908352
recommendationservice,recommendationservice-55c5b99985-pfkl4,1739597986,151293952
recommendationservice,recommendationservice-55c5b99985-pfkl4,1739598286,151228416
recommendationservice,recommendationservice-55c5b99985-pfkl4,1739598586,151556096
recommendationservice,recommendationservice-55c5b99985-pfkl4,1739598886,152350720
recommendationservice,recommendationservice-55c5b99985-pfkl4,1739599186,151740416
recommendationservice,recommendationservice-55c5b99985-pfkl4,1739599486,151658496
recommendationservice,recommendationservice-55c5b99985-pfkl4,1739599786,152223744
recommendationservice,recommendationservice-55c5b99985-pfkl4,1739600086,150962176
recommendationservice,recommendationservice-55c5b99985-pfkl4,1739600386,151670784
recommendationservice,recommendationservice-55c5b99985-pfkl4,1739600686,151445504
recommendationservice,recommendationservice-55c5b99985-pfkl4,1739600986,149987328
recommendationservice,recommendationservice-55c5b99985-pfkl4,1739601286,152285184
recommendationservice,recommendationservice-55c5b99985-pfkl4,1739601586,153444352
recommendationservice,recommendationservice-55c5b99985-pfkl4,1739601886,150224896
recommendationservice,recommendationservice-55c5b99985-pfkl4,1739602186,150638592
recommendationservice,recommendationservice-55c5b99985-pfkl4,1739602486,151375872
recommendationservice,recommendationservice-55c5b99985-pfkl4,1739602786,151687168
recommendationservice,recommendationservice-55c5b99985-pfkl4,1739603086,152952832
recommendationservice,recommendationservice-55c5b99985-pfkl4,1739603386,152948736
recommendationservice,recommendationservice-55c5b99985-pfkl4,1739603686,152952832
recommendationservice,recommendationservice-55c5b99985-pfkl4,1739603986,152952832
recommendationservice,recommendationservice-55c5b99985-pfkl4,1739604286,149450752
recommendationservice,recommendationservice-55c5b99985-pfkl4,1739604586,153354240
recommendationservice,recommendationservice-55c5b99985-pfkl4,1739604886,150659072
recommendationservice,recommendationservice-55c5b99985-pfkl4,1739605186,151031808
recommendationservice,recommendationservice-55c5b99985-pfkl4,1739605486,151326720
recommendationservice,recommendationservice-55c5b99985-pfkl4,1739605786,151388160
recommendationservice,recommendationservice-55c5b99985-pfkl4,1739606086,151388160
recommendationservice,recommendationservice-55c5b99985-pfkl4,1739606386,151388160
recommendationservice,recommendationservice-55c5b99985-pfkl4,1739606686,149962752
recommendationservice,recommendationservice-55c5b99985-pfkl4,1739606986,149848064
recommendationservice,recommendationservice-55c5b99985-pfkl4,1739607286,150036480
recommendationservice,recommendationservice-55c5b99985-pfkl4,1739607586,149733376
recommendationservice,recommendationservice-55c5b99985-pfkl4,1739607886,150020096
recommendationservice,recommendationservice-55c5b99985-pfkl4,1739608186,151711744
recommendationservice,recommendationservice-55c5b99985-pfkl4,1739608486,152305664
recommendationservice,recommendationservice-55c5b99985-pfkl4,1739608786,150740992
recommendationservice,recommendationservice-55c5b99985-pfkl4,1739609086,150781952
recommendationservice,recommendationservice-55c5b99985-pfkl4,1739609386,150781952
recommendationservice,recommendationservice-55c5b99985-pfkl4,1739609686,150994944
recommendationservice,recommendationservice-55c5b99985-pfkl4,1739609986,150761472
recommendationservice,recommendationservice-55c5b99985-pfkl4,1739610286,150355968
recommendationservice,recommendationservice-55c5b99985-pfkl4,1739610586,150413312
recommendationservice,recommendationservice-55c5b99985-pfkl4,1739610886,151527424
recommendationservice,recommendationservice-55c5b99985-pfkl4,1739611186,151527424
recommendationservice,recommendationservice-55c5b99985-pfkl4,1739611486,152399872
recommendationservice,recommendationservice-55c5b99985-pfkl4,1739611786,154529792
recommendationservice,recommendationservice-55c5b99985-pfkl4,1739612086,154529792
recommendationservice,recommendationservice-55c5b99985-pfkl4,1739612386,154333184
recommendationservice,recommendationservice-55c5b99985-pfkl4,1739612686,154177536
recommendationservice,recommendationservice-55c5b99985-pfkl4,1739612986,154578944
recommendationservice,recommendationservice-55c5b99985-pfkl4,1739613286,155332608
recommendationservice,recommendationservice-55c5b99985-pfkl4,1739613586,155430912
recommendationservice,recommendationservice-55c5b99985-pfkl4,1739613886,154861568
recommendationservice,recommendationservice-55c5b99985-pfkl4,1739614186,152866816
recommendationservice,recommendationservice-55c5b99985-pfkl4,1739614486,152870912
recommendationservice,recommendationservice-55c5b99985-pfkl4,1739614786,153821184
recommendationservice,recommendationservice-55c5b99985-pfkl4,1739615086,154189824
recommendationservice,recommendationservice-55c5b99985-pfkl4,1739615386,150986752
recommendationservice,recommendationservice-55c5b99985-pfkl4,1739615686,150990848
recommendationservice,recommendationservice-55c5b99985-pfkl4,1739615986,150577152
recommendationservice,recommendationservice-55c5b99985-pfkl4,1739616286,150544384
recommendationservice,recommendationservice-55c5b99985-pfkl4,1739616586,150781952
recommendationservice,recommendationservice-55c5b99985-pfkl4,1739616886,151183360
recommendationservice,recommendationservice-55c5b99985-pfkl4,1739617186,151052288
recommendationservice,recommendationservice-55c5b99985-pfkl4,1739617486,151064576
recommendationservice,recommendationservice-55c5b99985-pfkl4,1739617786,151101440
recommendationservice,recommendationservice-55c5b99985-pfkl4,1739618086,152973312
recommendationservice,recommendationservice-55c5b99985-pfkl4,1739618386,154456064
recommendationservice,recommendationservice-55c5b99985-pfkl4,1739618686,154804224
recommendationservice,recommendationservice-55c5b99985-pfkl4,1739618986,154804224
recommendationservice,recommendationservice-55c5b99985-pfkl4,1739619286,154804224
recommendationservice,recommendationservice-55c5b99985-pfkl4,1739619586,152068096
recommendationservice,recommendationservice-55c5b99985-pfkl4,1739619886,151605248
recommendationservice,recommendationservice-55c5b99985-pfkl4,1739620186,155181056
recommendationservice,recommendationservice-55c5b99985-pfkl4,1739620486,155242496
recommendationservice,recommendationservice-55c5b99985-pfkl4,1739620786,155242496
recommendationservice,recommendationservice-55c5b99985-pfkl4,1739621086,155242496
recommendationservice,recommendationservice-55c5b99985-pfkl4,1739621386,155668480
recommendationservice,recommendationservice-55c5b99985-pfkl4,1739621686,151703552
recommendationservice,recommendationservice-55c5b99985-pfkl4,1739621986,151875584
recommendationservice,recommendationservice-55c5b99985-pfkl4,1739622286,151801856
recommendationservice,recommendationservice-55c5b99985-pfkl4,1739622586,153825280
recommendationservice,recommendationservice-55c5b99985-pfkl4,1739622886,153989120
recommendationservice,recommendationservice-55c5b99985-pfkl4,1739623186,154222592
recommendationservice,recommendationservice-55c5b99985-pfkl4,1739623486,154042368
recommendationservice,recommendationservice-55c5b99985-pfkl4,1739623786,154042368
recommendationservice,recommendationservice-55c5b99985-pfkl4,1739624086,153812992
recommendationservice,recommendationservice-55c5b99985-pfkl4,1739624386,153812992
recommendationservice,recommendationservice-55c5b99985-pfkl4,1739624686,143011840
recommendationservice,recommendationservice-55c5b99985-pfkl4,1739624986,144314368
recommendationservice,recommendationservice-55c5b99985-pfkl4,1739625286,148430848
recommendationservice,recommendationservice-55c5b99985-pfkl4,1739625586,153141248
recommendationservice,recommendationservice-55c5b99985-pfkl4,1739625886,155086848
recommendationservice,recommendationservice-55c5b99985-pfkl4,1739626186,154329088
recommendationservice,recommendationservice-55c5b99985-pfkl4,1739626486,152784896
recommendationservice,recommendationservice-55c5b99985-pfkl4,1739626786,153513984
recommendationservice,recommendationservice-55c5b99985-pfkl4,1739627086,153956352
recommendationservice,recommendationservice-55c5b99985-pfkl4,1739627386,154030080
recommendationservice,recommendationservice-55c5b99985-pfkl4,1739627686,154095616
recommendationservice,recommendationservice-55c5b99985-pfkl4,1739627986,154087424
recommendationservice,recommendationservice-55c5b99985-pfkl4,1739628286,154038272
recommendationservice,recommendationservice-55c5b99985-pfkl4,1739628586,156434432
recommendationservice,recommendationservice-55c5b99985-pfkl4,1739628886,156319744
recommendationservice,recommendationservice-55c5b99985-pfkl4,1739629186,155041792
recommendationservice,recommendationservice-55c5b99985-pfkl4,1739629486,157560832
recommendationservice,recommendationservice-55c5b99985-pfkl4,1739629786,157569024
recommendationservice,recommendationservice-55c5b99985-pfkl4,1739630086,157220864
recommendationservice,recommendationservice-55c5b99985-pfkl4,1739630386,157405184
recommendationservice,recommendationservice-55c5b99985-pfkl4,1739630686,159006720
recommendationservice,recommendationservice-55c5b99985-pfkl4,1739630986,155815936
recommendationservice,recommendationservice-55c5b99985-pfkl4,1739631286,157622272
recommendationservice,recommendationservice-55c5b99985-pfkl4,1739631586,157622272
recommendationservice,recommendationservice-55c5b99985-pfkl4,1739631886,157650944
recommendationservice,recommendationservice-55c5b99985-pfkl4,1739632186,157192192
recommendationservice,recommendationservice-55c5b99985-pfkl4,1739632486,157188096
recommendationservice,recommendationservice-55c5b99985-pfkl4,1739632786,157155328
recommendationservice,recommendationservice-55c5b99985-pfkl4,1739633086,157257728
recommendationservice,recommendationservice-55c5b99985-pfkl4,1739633386,157257728
recommendationservice,recommendationservice-55c5b99985-pfkl4,1739633686,155996160
recommendationservice,recommendationservice-55c5b99985-pfkl4,1739633986,155959296
recommendationservice,recommendationservice-55c5b99985-pfkl4,1739634286,155955200
recommendationservice,recommendationservice-55c5b99985-pfkl4,1739634586,155955200
recommendationservice,recommendationservice-55c5b99985-pfkl4,1739634886,155959296
recommendationservice,recommendationservice-55c5b99985-pfkl4,1739635186,155381760
recommendationservice,recommendationservice-55c5b99985-pfkl4,1739635486,157978624
recommendationservice,recommendationservice-55c5b99985-pfkl4,1739635786,158576640
recommendationservice,recommendationservice-55c5b99985-pfkl4,1739636086,157421568
recommendationservice,recommendationservice-55c5b99985-pfkl4,1739636386,159698944
recommendationservice,recommendationservice-55c5b99985-pfkl4,1739636686,159678464
recommendationservice,recommendationservice-55c5b99985-pfkl4,1739636986,159678464
recommendationservice,recommendationservice-55c5b99985-pfkl4,1739637286,159875072
recommendationservice,recommendationservice-55c5b99985-pfkl4,1739637586,160260096
recommendationservice,recommendationservice-55c5b99985-pfkl4,1739637886,159322112
recommendationservice,recommendationservice-55c5b99985-pfkl4,1739638186,159326208
recommendationservice,recommendationservice-55c5b99985-pfkl4,1739638486,159322112
recommendationservice,recommendationservice-55c5b99985-pfkl4,1739638786,159567872
recommendationservice,recommendationservice-55c5b99985-pfkl4,1739639086,158187520
recommendationservice,recommendationservice-55c5b99985-pfkl4,1739639386,158322688
recommendationservice,recommendationservice-55c5b99985-pfkl4,1739639686,158322688
recommendationservice,recommendationservice-55c5b99985-pfkl4,1739639986,158375936
recommendationservice,recommendationservice-55c5b99985-pfkl4,1739640286,158367744
recommendationservice,recommendationservice-55c5b99985-pfkl4,1739640586,158134272
recommendationservice,recommendationservice-55c5b99985-pfkl4,1739640886,159776768
recommendationservice,recommendationservice-55c5b99985-pfkl4,1739641186,161366016
recommendationservice,recommendationservice-55c5b99985-pfkl4,1739641486,157470720
recommendationservice,recommendationservice-55c5b99985-pfkl4,1739641786,158593024
recommendationservice,recommendationservice-55c5b99985-pfkl4,1739642086,158695424
recommendationservice,recommendationservice-55c5b99985-pfkl4,1739642386,158793728
recommendationservice,recommendationservice-55c5b99985-pfkl4,1739642686,158793728
recommendationservice,recommendationservice-55c5b99985-pfkl4,1739642986,157409280
recommendationservice,recommendationservice-55c5b99985-pfkl4,1739643286,157331456
recommendationservice,recommendationservice-55c5b99985-pfkl4,1739643586,157646848
recommendationservice,recommendationservice-55c5b99985-pfkl4,1739643886,157646848
recommendationservice,recommendationservice-55c5b99985-pfkl4,1739644186,160186368
recommendationservice,recommendationservice-55c5b99985-pfkl4,1739644486,157569024
recommendationservice,recommendationservice-55c5b99985-pfkl4,1739644786,157569024
recommendationservice,recommendationservice-55c5b99985-pfkl4,1739645086,157630464
recommendationservice,recommendationservice-55c5b99985-pfkl4,1739645386,157638656
recommendationservice,recommendationservice-55c5b99985-pfkl4,1739645686,158953472
recommendationservice,recommendationservice-55c5b99985-pfkl4,1739645986,158253056
recommendationservice,recommendationservice-55c5b99985-pfkl4,1739646286,161222656
recommendationservice,recommendationservice-55c5b99985-pfkl4,1739646586,161132544
recommendationservice,recommendationservice-55c5b99985-pfkl4,1739646886,160768000
recommendationservice,recommendationservice-55c5b99985-pfkl4,1739647186,158695424
recommendationservice,recommendationservice-55c5b99985-pfkl4,1739647486,158695424
recommendationservice,recommendationservice-55c5b99985-pfkl4,1739647786,158695424
recommendationservice,recommendationservice-55c5b99985-pfkl4,1739648086,159772672
recommendationservice,recommendationservice-55c5b99985-pfkl4,1739648386,159514624
recommendationservice,recommendationservice-55c5b99985-pfkl4,1739648686,160567296
recommendationservice,recommendationservice-55c5b99985-pfkl4,1739648986,159236096
recommendationservice,recommendationservice-55c5b99985-pfkl4,1739649286,159318016
recommendationservice,recommendationservice-55c5b99985-pfkl4,1739649586,84725760
recommendationservice,recommendationservice-55c5b99985-pfkl4,1739649886,143626240
recommendationservice,recommendationservice-55c5b99985-pfkl4,1739650186,152215552
recommendationservice,recommendationservice-55c5b99985-pfkl4,1739650486,149938176
recommendationservice,recommendationservice-55c5b99985-pfkl4,1739650786,149934080
recommendationservice,recommendationservice-55c5b99985-pfkl4,1739651086,149934080
recommendationservice,recommendationservice-55c5b99985-pfkl4,1739651386,151736320
recommendationservice,recommendationservice-55c5b99985-pfkl4,1739651686,152567808
recommendationservice,recommendationservice-55c5b99985-pfkl4,1739651986,152408064
recommendationservice,recommendationservice-55c5b99985-pfkl4,1739652286,152530944
recommendationservice,recommendationservice-55c5b99985-pfkl4,1739652586,152522752
recommendationservice,recommendationservice-55c5b99985-pfkl4,1739652886,152526848
recommendationservice,recommendationservice-55c5b99985-pfkl4,1739653186,152530944
recommendationservice,recommendationservice-55c5b99985-pfkl4,1739653486,152526848
recommendationservice,recommendationservice-55c5b99985-pfkl4,1739653786,152526848
recommendationservice,recommendationservice-55c5b99985-pfkl4,1739654086,152776704
recommendationservice,recommendationservice-55c5b99985-pfkl4,1739654386,152358912
recommendationservice,recommendationservice-55c5b99985-pfkl4,1739654686,152305664
recommendationservice,recommendationservice-55c5b99985-pfkl4,1739654986,152424448
recommendationservice,recommendationservice-55c5b99985-pfkl4,1739655286,152440832
recommendationservice,recommendationservice-55c5b99985-pfkl4,1739655586,152444928
recommendationservice,recommendationservice-55c5b99985-pfkl4,1739655886,152563712
recommendationservice,recommendationservice-55c5b99985-pfkl4,1739656186,152555520
recommendationservice,recommendationservice-55c5b99985-pfkl4,1739656486,152903680
recommendationservice,recommendationservice-55c5b99985-pfkl4,1739656786,152805376
recommendationservice,recommendationservice-55c5b99985-pfkl4,1739657086,153513984
recommendationservice,recommendationservice-55c5b99985-pfkl4,1739657386,153640960
recommendationservice,recommendationservice-55c5b99985-pfkl4,1739657686,153870336
recommendationservice,recommendationservice-55c5b99985-pfkl4,1739657986,153870336
recommendationservice,recommendationservice-55c5b99985-pfkl4,1739658286,154828800
recommendationservice,recommendationservice-55c5b99985-pfkl4,1739658586,154263552
recommendationservice,recommendationservice-55c5b99985-pfkl4,1739658886,154198016
recommendationservice,recommendationservice-55c5b99985-pfkl4,1739659186,157040640
recommendationservice,recommendationservice-55c5b99985-pfkl4,1739659486,157188096
recommendationservice,recommendationservice-55c5b99985-pfkl4,1739659786,156033024
recommendationservice,recommendationservice-55c5b99985-pfkl4,1739660086,155803648
recommendationservice,recommendationservice-55c5b99985-pfkl4,1739660386,155852800
recommendationservice,recommendationservice-55c5b99985-pfkl4,1739660686,156172288
recommendationservice,recommendationservice-55c5b99985-pfkl4,1739660986,156139520
recommendationservice,recommendationservice-55c5b99985-pfkl4,1739661286,156303360
recommendationservice,recommendationservice-55c5b99985-pfkl4,1739661586,156303360
recommendationservice,recommendationservice-55c5b99985-pfkl4,1739661886,156303360
recommendationservice,recommendationservice-55c5b99985-pfkl4,1739662186,156303360
recommendationservice,recommendationservice-55c5b99985-pfkl4,1739662486,156553216
recommendationservice,recommendationservice-55c5b99985-pfkl4,1739662786,156540928
recommendationservice,recommendationservice-55c5b99985-pfkl4,1739663086,156639232
recommendationservice,recommendationservice-55c5b99985-pfkl4,1739663386,157253632
recommendationservice,recommendationservice-55c5b99985-pfkl4,1739663686,156053504
recommendationservice,recommendationservice-55c5b99985-pfkl4,1739663986,156364800
recommendationservice,recommendationservice-55c5b99985-pfkl4,1739664286,155889664
recommendationservice,recommendationservice-55c5b99985-pfkl4,1739664586,157057024
recommendationservice,recommendationservice-55c5b99985-pfkl4,1739664886,158965760
recommendationservice,recommendationservice-55c5b99985-pfkl4,1739665186,156897280
recommendationservice,recommendationservice-55c5b99985-pfkl4,1739665486,156340224
recommendationservice,recommendationservice-55c5b99985-pfkl4,1739665786,149340160
recommendationservice,recommendationservice-55c5b99985-pfkl4,1739666086,149721088
recommendationservice,recommendationservice-55c5b99985-pfkl4,1739666386,149397504
recommendationservice,recommendationservice-55c5b99985-pfkl4,1739666686,149856256
recommendationservice,recommendationservice-55c5b99985-pfkl4,1739666986,149966848
recommendationservice,recommendationservice-55c5b99985-pfkl4,1739667286,150323200
recommendationservice,recommendationservice-55c5b99985-pfkl4,1739667586,145457152
recommendationservice,recommendationservice-55c5b99985-pfkl4,1739667886,145235968
recommendationservice,recommendationservice-55c5b99985-pfkl4,1739668186,146173952
recommendationservice,recommendationservice-55c5b99985-pfkl4,1739668486,145952768
recommendationservice,recommendationservice-55c5b99985-pfkl4,1739668786,145903616
recommendationservice,recommendationservice-55c5b99985-pfkl4,1739669086,146042880
recommendationservice,recommendationservice-55c5b99985-pfkl4,1739669386,146251776
recommendationservice,recommendationservice-55c5b99985-pfkl4,1739669686,145539072
recommendationservice,recommendationservice-55c5b99985-pfkl4,1739669986,144760832
recommendationservice,recommendationservice-55c5b99985-pfkl4,1739670286,144777216
recommendationservice,recommendationservice-55c5b99985-pfkl4,1739670586,144949248
recommendationservice,recommendationservice-55c5b99985-pfkl4,1739670886,145387520
recommendationservice,recommendationservice-55c5b99985-pfkl4,1739671186,145395712
recommendationservice,recommendationservice-55c5b99985-pfkl4,1739671486,143847424
recommendationservice,recommendationservice-55c5b99985-pfkl4,1739671786,143691776
recommendationservice,recommendationservice-55c5b99985-pfkl4,1739672086,144400384
recommendationservice,recommendationservice-55c5b99985-pfkl4,1739672386,144445440
recommendationservice,recommendationservice-55c5b99985-pfkl4,1739672686,144228352
recommendationservice,recommendationservice-55c5b99985-pfkl4,1739672986,144052224
recommendationservice,recommendationservice-55c5b99985-pfkl4,1739673286,144211968
recommendationservice,recommendationservice-55c5b99985-pfkl4,1739673586,144019456
recommendationservice,recommendationservice-55c5b99985-pfkl4,1739673886,144220160
recommendationservice,recommendationservice-55c5b99985-pfkl4,1739674186,144707584
recommendationservice,recommendationservice-55c5b99985-pfkl4,1739674486,144461824
recommendationservice,recommendationservice-55c5b99985-pfkl4,1739674786,144416768
recommendationservice,recommendationservice-55c5b99985-pfkl4,1739675086,145121280
recommendationservice,recommendationservice-55c5b99985-pfkl4,1739675386,144494592
recommendationservice,recommendationservice-55c5b99985-pfkl4,1739675686,144531456
recommendationservice,recommendationservice-55c5b99985-pfkl4,1739675986,144330752
recommendationservice,recommendationservice-55c5b99985-pfkl4,1739676286,144486400
recommendationservice,recommendationservice-55c5b99985-pfkl4,1739676586,144531456
recommendationservice,recommendationservice-55c5b99985-pfkl4,1739676886,144269312
recommendationservice,recommendationservice-55c5b99985-pfkl4,1739677186,142884864
recommendationservice,recommendationservice-55c5b99985-pfkl4,1739677486,142110720
recommendationservice,recommendationservice-55c5b99985-pfkl4,1739677786,142381056
recommendationservice,recommendationservice-55c5b99985-pfkl4,1739678086,142385152
recommendationservice,recommendationservice-55c5b99985-pfkl4,1739678386,142389248
recommendationservice,recommendationservice-55c5b99985-pfkl4,1739678686,142385152
recommendationservice,recommendationservice-55c5b99985-pfkl4,1739678986,142483456
recommendationservice,recommendationservice-55c5b99985-pfkl4,1739679286,142729216
recommendationservice,recommendationservice-55c5b99985-pfkl4,1739679586,141983744
recommendationservice,recommendationservice-55c5b99985-pfkl4,1739679886,142278656
recommendationservice,recommendationservice-55c5b99985-pfkl4,1739680186,142585856
recommendationservice,recommendationservice-55c5b99985-pfkl4,1739680486,142123008
recommendationservice,recommendationservice-55c5b99985-pfkl4,1739680786,144171008
recommendationservice,recommendationservice-55c5b99985-pfkl4,1739681086,144183296
recommendationservice,recommendationservice-55c5b99985-pfkl4,1739681386,144248832
recommendationservice,recommendationservice-55c5b99985-pfkl4,1739681686,143990784
recommendationservice,recommendationservice-55c5b99985-pfkl4,1739681986,144130048
recommendationservice,recommendationservice-55c5b99985-pfkl4,1739682286,144457728
recommendationservice,recommendationservice-55c5b99985-pfkl4,1739682586,144461824
recommendationservice,recommendationservice-55c5b99985-pfkl4,1739682886,144457728
recommendationservice,recommendationservice-55c5b99985-pfkl4,1739683186,144416768
recommendationservice,recommendationservice-55c5b99985-pfkl4,1739683486,144367616
recommendationservice,recommendationservice-55c5b99985-pfkl4,1739683786,144216064
recommendationservice,recommendationservice-55c5b99985-pfkl4,1739684086,143327232
recommendationservice,recommendationservice-55c5b99985-pfkl4,1739684386,143368192
recommendationservice,recommendationservice-55c5b99985-pfkl4,1739684686,143368192
recommendationservice,recommendationservice-55c5b99985-pfkl4,1739684986,143372288
recommendationservice,recommendationservice-55c5b99985-pfkl4,1739685286,143437824
recommendationservice,recommendationservice-55c5b99985-pfkl4,1739685586,143417344
recommendationservice,recommendationservice-55c5b99985-pfkl4,1739685886,143429632
recommendationservice,recommendationservice-55c5b99985-pfkl4,1739686186,143421440
recommendationservice,recommendationservice-55c5b99985-pfkl4,1739686486,143425536
recommendationservice,recommendationservice-55c5b99985-pfkl4,1739686786,143118336
recommendationservice,recommendationservice-55c5b99985-pfkl4,1739687086,143065088
recommendationservice,recommendationservice-55c5b99985-pfkl4,1739687386,143785984
recommendationservice,recommendationservice-55c5b99985-pfkl4,1739687686,143548416
recommendationservice,recommendationservice-55c5b99985-pfkl4,1739687986,143548416
recommendationservice,recommendationservice-55c5b99985-pfkl4,1739688286,143351808
recommendationservice,recommendationservice-55c5b99985-pfkl4,1739688586,143540224
recommendationservice,recommendationservice-55c5b99985-pfkl4,1739688886,143536128
recommendationservice,recommendationservice-55c5b99985-pfkl4,1739689186,143740928
recommendationservice,recommendationservice-55c5b99985-pfkl4,1739689486,144629760
recommendationservice,recommendationservice-55c5b99985-pfkl4,1739689786,145293312
recommendationservice,recommendationservice-55c5b99985-pfkl4,1739690086,146255872
recommendationservice,recommendationservice-55c5b99985-pfkl4,1739690386,145858560
recommendationservice,recommendationservice-55c5b99985-pfkl4,1739690686,144248832
recommendationservice,recommendationservice-55c5b99985-pfkl4,1739690986,143851520
recommendationservice,recommendationservice-55c5b99985-pfkl4,1739691286,143847424
recommendationservice,recommendationservice-55c5b99985-pfkl4,1739691586,143847424
recommendationservice,recommendationservice-55c5b99985-pfkl4,1739691886,143847424
recommendationservice,recommendationservice-55c5b99985-pfkl4,1739692186,143458304
recommendationservice,recommendationservice-55c5b99985-pfkl4,1739692486,144314368
recommendationservice,recommendationservice-55c5b99985-pfkl4,1739692786,144711680
recommendationservice,recommendationservice-55c5b99985-pfkl4,1739693086,144211968
recommendationservice,recommendationservice-55c5b99985-pfkl4,1739693386,144302080
recommendationservice,recommendationservice-55c5b99985-pfkl4,1739693686,144302080
recommendationservice,recommendationservice-55c5b99985-pfkl4,1739693986,143699968
recommendationservice,recommendationservice-55c5b99985-pfkl4,1739694286,143704064
recommendationservice,recommendationservice-55c5b99985-pfkl4,1739694586,142565376
recommendationservice,recommendationservice-55c5b99985-pfkl4,1739694886,142753792
recommendationservice,recommendationservice-55c5b99985-pfkl4,1739695186,139165696
recommendationservice,recommendationservice-55c5b99985-pfkl4,1739695486,139436032
recommendationservice,recommendationservice-55c5b99985-pfkl4,1739695786,139870208
recommendationservice,recommendationservice-55c5b99985-pfkl4,1739696086,139509760
recommendationservice,recommendationservice-55c5b99985-pfkl4,1739696386,139735040
recommendationservice,recommendationservice-55c5b99985-pfkl4,1739696686,140062720
recommendationservice,recommendationservice-55c5b99985-pfkl4,1739696986,139804672
recommendationservice,recommendationservice-55c5b99985-pfkl4,1739697286,139673600
recommendationservice,recommendationservice-55c5b99985-pfkl4,1739697586,139415552
recommendationservice,recommendationservice-55c5b99985-pfkl4,1739697886,139624448
recommendationservice,recommendationservice-55c5b99985-pfkl4,1739698186,140808192
recommendationservice,recommendationservice-55c5b99985-pfkl4,1739698486,141082624
recommendationservice,recommendationservice-55c5b99985-pfkl4,1739698786,141430784
recommendationservice,recommendationservice-55c5b99985-pfkl4,1739699086,141664256
recommendationservice,recommendationservice-55c5b99985-pfkl4,1739699386,141230080
recommendationservice,recommendationservice-55c5b99985-pfkl4,1739699686,141471744
recommendationservice,recommendationservice-55c5b99985-pfkl4,1739699986,141463552
recommendationservice,recommendationservice-55c5b99985-pfkl4,1739700286,142155776
recommendationservice,recommendationservice-55c5b99985-pfkl4,1739700586,141598720
recommendationservice,recommendationservice-55c5b99985-pfkl4,1739700886,142053376
recommendationservice,recommendationservice-55c5b99985-pfkl4,1739701186,141516800
recommendationservice,recommendationservice-55c5b99985-pfkl4,1739701486,141426688
recommendationservice,recommendationservice-55c5b99985-pfkl4,1739701786,141684736
recommendationservice,recommendationservice-55c5b99985-pfkl4,1739702086,141078528
recommendationservice,recommendationservice-55c5b99985-pfkl4,1739702386,141643776
recommendationservice,recommendationservice-55c5b99985-pfkl4,1739702686,141553664
recommendationservice,recommendationservice-55c5b99985-pfkl4,1739702986,140787712
recommendationservice,recommendationservice-55c5b99985-pfkl4,1739703286,140746752
recommendationservice,recommendationservice-55c5b99985-pfkl4,1739703586,141389824
recommendationservice,recommendationservice-55c5b99985-pfkl4,1739703886,141361152
recommendationservice,recommendationservice-55c5b99985-pfkl4,1739704186,142139392
recommendationservice,recommendationservice-55c5b99985-pfkl4,1739704486,141844480
recommendationservice,recommendationservice-55c5b99985-pfkl4,1739704786,141746176
recommendationservice,recommendationservice-55c5b99985-pfkl4,1739705086,141942784
recommendationservice,recommendationservice-55c5b99985-pfkl4,1739705386,141787136
recommendationservice,recommendationservice-55c5b99985-pfkl4,1739705686,141885440
recommendationservice,recommendationservice-55c5b99985-pfkl4,1739705986,142065664
recommendationservice,recommendationservice-55c5b99985-pfkl4,1739706286,142069760
recommendationservice,recommendationservice-55c5b99985-pfkl4,1739706586,142032896
recommendationservice,recommendationservice-55c5b99985-pfkl4,1739706886,141504512
recommendationservice,recommendationservice-55c5b99985-pfkl4,1739707186,141615104
recommendationservice,recommendationservice-55c5b99985-pfkl4,1739707486,141983744
recommendationservice,recommendationservice-55c5b99985-pfkl4,1739707786,140705792
recommendationservice,recommendationservice-55c5b99985-pfkl4,1739708086,140804096
recommendationservice,recommendationservice-55c5b99985-pfkl4,1739708386,140800000
recommendationservice,recommendationservice-55c5b99985-pfkl4,1739708686,142012416
recommendationservice,recommendationservice-55c5b99985-pfkl4,1739708986,142082048
recommendationservice,recommendationservice-55c5b99985-pfkl4,1739709286,164524032
recommendationservice,recommendationservice-55c5b99985-pfkl4,1739709586,165023744
recommendationservice,recommendationservice-55c5b99985-pfkl4,1739709886,169242624
recommendationservice,recommendationservice-55c5b99985-pfkl4,1739710186,169435136
recommendationservice,recommendationservice-55c5b99985-pfkl4,1739710486,169451520
recommendationservice,recommendationservice-55c5b99985-pfkl4,1739710786,169435136
recommendationservice,recommendationservice-55c5b99985-pfkl4,1739711086,170647552
recommendationservice,recommendationservice-55c5b99985-pfkl4,1739711386,171364352
recommendationservice,recommendationservice-55c5b99985-pfkl4,1739711686,171257856
recommendationservice,recommendationservice-55c5b99985-pfkl4,1739711986,171593728
recommendationservice,recommendationservice-55c5b99985-pfkl4,1739712286,171790336
recommendationservice,recommendationservice-55c5b99985-pfkl4,1739712586,171823104
recommendationservice,recommendationservice-55c5b99985-pfkl4,1739712886,171622400
recommendationservice,recommendationservice-55c5b99985-pfkl4,1739713186,172457984
recommendationservice,recommendationservice-55c5b99985-pfkl4,1739713486,161947648
recommendationservice,recommendationservice-55c5b99985-pfkl4,1739713786,160382976
recommendationservice,recommendationservice-55c5b99985-pfkl4,1739714086,160927744
recommendationservice,recommendationservice-55c5b99985-pfkl4,1739714386,160825344
recommendationservice,recommendationservice-55c5b99985-pfkl4,1739714686,161120256
recommendationservice,recommendationservice-55c5b99985-pfkl4,1739714986,160837632
recommendationservice,recommendationservice-55c5b99985-pfkl4,1739715286,160825344
recommendationservice,recommendationservice-55c5b99985-pfkl4,1739715586,161058816
recommendationservice,recommendationservice-55c5b99985-pfkl4,1739715886,161165312
recommendationservice,recommendationservice-55c5b99985-pfkl4,1739716186,161333248
recommendationservice,recommendationservice-55c5b99985-pfkl4,1739716486,161705984
recommendationservice,recommendationservice-55c5b99985-pfkl4,1739716786,161562624
recommendationservice,recommendationservice-55c5b99985-pfkl4,1739717086,161726464
recommendationservice,recommendationservice-55c5b99985-pfkl4,1739717386,161550336
recommendationservice,recommendationservice-55c5b99985-pfkl4,1739717686,161865728
recommendationservice,recommendationservice-55c5b99985-pfkl4,1739717986,162258944
recommendationservice,recommendationservice-55c5b99985-pfkl4,1739718286,162263040
recommendationservice,recommendationservice-55c5b99985-pfkl4,1739718586,162639872
recommendationservice,recommendationservice-55c5b99985-pfkl4,1739718886,162648064
recommendationservice,recommendationservice-55c5b99985-pfkl4,1739719186,162664448
recommendationservice,recommendationservice-55c5b99985-pfkl4,1739719486,162422784
recommendationservice,recommendationservice-55c5b99985-pfkl4,1739719786,162045952
recommendationservice,recommendationservice-55c5b99985-pfkl4,1739720086,162050048
recommendationservice,recommendationservice-55c5b99985-pfkl4,1739720386,162209792
recommendationservice,recommendationservice-55c5b99985-pfkl4,1739720686,162213888
recommendationservice,recommendationservice-55c5b99985-pfkl4,1739720986,162205696
recommendationservice,recommendationservice-55c5b99985-pfkl4,1739721286,163069952
recommendationservice,recommendationservice-55c5b99985-pfkl4,1739721586,162861056
recommendationservice,recommendationservice-55c5b99985-pfkl4,1739721886,162869248
recommendationservice,recommendationservice-55c5b99985-pfkl4,1739722186,162816000
recommendationservice,recommendationservice-55c5b99985-pfkl4,1739722486,163094528
recommendationservice,recommendationservice-55c5b99985-pfkl4,1739722786,163389440
recommendationservice,recommendationservice-55c5b99985-pfkl4,1739723086,163540992
recommendationservice,recommendationservice-55c5b99985-pfkl4,1739723386,164012032
recommendationservice,recommendationservice-55c5b99985-pfkl4,1739723686,164245504
recommendationservice,recommendationservice-55c5b99985-pfkl4,1739723986,165511168
recommendationservice,recommendationservice-55c5b99985-pfkl4,1739724286,164896768
recommendationservice,recommendationservice-55c5b99985-pfkl4,1739724586,166486016
recommendationservice,recommendationservice-55c5b99985-pfkl4,1739724886,168214528
recommendationservice,recommendationservice-55c5b99985-pfkl4,1739725186,168116224
recommendationservice,recommendationservice-55c5b99985-pfkl4,1739725486,167325696
recommendationservice,recommendationservice-55c5b99985-pfkl4,1739725786,166330368
recommendationservice,recommendationservice-55c5b99985-pfkl4,1739726086,166330368
recommendationservice,recommendationservice-55c5b99985-pfkl4,1739726386,165941248
recommendationservice,recommendationservice-55c5b99985-pfkl4,1739726686,165621760
recommendationservice,recommendationservice-55c5b99985-pfkl4,1739726986,166088704
recommendationservice,recommendationservice-55c5b99985-pfkl4,1739727286,167612416
recommendationservice,recommendationservice-55c5b99985-pfkl4,1739727586,167288832
recommendationservice,recommendationservice-55c5b99985-pfkl4,1739727886,166481920
recommendationservice,recommendationservice-55c5b99985-pfkl4,1739728186,169033728
recommendationservice,recommendationservice-55c5b99985-pfkl4,1739728486,168140800
recommendationservice,recommendationservice-55c5b99985-pfkl4,1739728786,168685568
recommendationservice,recommendationservice-55c5b99985-pfkl4,1739729086,170106880
recommendationservice,recommendationservice-55c5b99985-pfkl4,1739729386,169709568
recommendationservice,recommendationservice-55c5b99985-pfkl4,1739729686,167804928
recommendationservice,recommendationservice-55c5b99985-pfkl4,1739729986,167956480
recommendationservice,recommendationservice-55c5b99985-pfkl4,1739730286,168083456
recommendationservice,recommendationservice-55c5b99985-pfkl4,1739730586,170115072
recommendationservice,recommendationservice-55c5b99985-pfkl4,1739730886,169820160
recommendationservice,recommendationservice-55c5b99985-pfkl4,1739731186,170020864
recommendationservice,recommendationservice-55c5b99985-pfkl4,1739731486,169312256
recommendationservice,recommendationservice-55c5b99985-pfkl4,1739731786,167890944
recommendationservice,recommendationservice-55c5b99985-pfkl4,1739732086,168640512
recommendationservice,recommendationservice-55c5b99985-pfkl4,1739732386,169758720
recommendationservice,recommendationservice-55c5b99985-pfkl4,1739732686,169762816
recommendationservice,recommendationservice-55c5b99985-pfkl4,1739732986,169771008
recommendationservice,recommendationservice-55c5b99985-pfkl4,1739733286,169766912
recommendationservice,recommendationservice-55c5b99985-pfkl4,1739733586,169766912
recommendationservice,recommendationservice-55c5b99985-pfkl4,1739733886,167055360
recommendationservice,recommendationservice-55c5b99985-pfkl4,1739734186,166858752
recommendationservice,recommendationservice-55c5b99985-pfkl4,1739734486,166866944
recommendationservice,recommendationservice-55c5b99985-pfkl4,1739734786,167796736
recommendationservice,recommendationservice-55c5b99985-pfkl4,1739735086,167665664
recommendationservice,recommendationservice-55c5b99985-pfkl4,1739735386,168820736
recommendationservice,recommendationservice-55c5b99985-pfkl4,1739735686,162459648
recommendationservice,recommendationservice-55c5b99985-pfkl4,1739735986,162189312
recommendationservice,recommendationservice-55c5b99985-pfkl4,1739736286,162533376
recommendationservice,recommendationservice-55c5b99985-pfkl4,1739736586,162893824
recommendationservice,recommendationservice-55c5b99985-pfkl4,1739736886,162566144
recommendationservice,recommendationservice-55c5b99985-pfkl4,1739737186,164458496
recommendationservice,recommendationservice-55c5b99985-pfkl4,1739737486,164458496
recommendationservice,recommendationservice-55c5b99985-pfkl4,1739737786,164458496
recommendationservice,recommendationservice-55c5b99985-pfkl4,1739738086,164503552
recommendationservice,recommendationservice-55c5b99985-pfkl4,1739738386,163844096
recommendationservice,recommendationservice-55c5b99985-pfkl4,1739738686,161390592
recommendationservice,recommendationservice-55c5b99985-pfkl4,1739738986,161378304
recommendationservice,recommendationservice-55c5b99985-pfkl4,1739739286,162856960
recommendationservice,recommendationservice-55c5b99985-pfkl4,1739739586,161292288
recommendationservice,recommendationservice-55c5b99985-pfkl4,1739739886,161292288
recommendationservice,recommendationservice-55c5b99985-pfkl4,1739740186,161333248
recommendationservice,recommendationservice-55c5b99985-pfkl4,1739740486,161329152
recommendationservice,recommendationservice-55c5b99985-pfkl4,1739740786,162721792
recommendationservice,recommendationservice-55c5b99985-pfkl4,1739741086,162725888
recommendationservice,recommendationservice-55c5b99985-pfkl4,1739741386,162725888
recommendationservice,recommendationservice-55c5b99985-pfkl4,1739741686,162750464
recommendationservice,recommendationservice-55c5b99985-pfkl4,1739741986,161677312
recommendationservice,recommendationservice-55c5b99985-pfkl4,1739742286,161677312
recommendationservice,recommendationservice-55c5b99985-pfkl4,1739742586,161550336
recommendationservice,recommendationservice-55c5b99985-pfkl4,1739742886,161550336
recommendationservice,recommendationservice-55c5b99985-pfkl4,1739743186,161472512
recommendationservice,recommendationservice-55c5b99985-pfkl4,1739743486,161333248
recommendationservice,recommendationservice-55c5b99985-pfkl4,1739743786,159227904
recommendationservice,recommendationservice-55c5b99985-pfkl4,1739744086,159232000
recommendationservice,recommendationservice-55c5b99985-pfkl4,1739744386,159416320
recommendationservice,recommendationservice-55c5b99985-pfkl4,1739744686,159551488
recommendationservice,recommendationservice-55c5b99985-pfkl4,1739744986,159227904
recommendationservice,recommendationservice-55c5b99985-pfkl4,1739745286,159223808
recommendationservice,recommendationservice-55c5b99985-pfkl4,1739745586,159223808
recommendationservice,recommendationservice-55c5b99985-pfkl4,1739745886,159236096
recommendationservice,recommendationservice-55c5b99985-pfkl4,1739746186,159268864
recommendationservice,recommendationservice-55c5b99985-pfkl4,1739746486,159375360
recommendationservice,recommendationservice-55c5b99985-pfkl4,1739746786,162775040
recommendationservice,recommendationservice-55c5b99985-pfkl4,1739747086,163393536
recommendationservice,recommendationservice-55c5b99985-pfkl4,1739747386,162643968
recommendationservice,recommendationservice-55c5b99985-pfkl4,1739747686,152784896
recommendationservice,recommendationservice-55c5b99985-pfkl4,1739747986,152993792
recommendationservice,recommendationservice-55c5b99985-pfkl4,1739748286,149524480
recommendationservice,recommendationservice-55c5b99985-pfkl4,1739748586,148791296
recommendationservice,recommendationservice-55c5b99985-pfkl4,1739748886,148938752
recommendationservice,recommendationservice-55c5b99985-pfkl4,1739749186,149016576
recommendationservice,recommendationservice-55c5b99985-pfkl4,1739749486,145559552
recommendationservice,recommendationservice-55c5b99985-pfkl4,1739749786,146739200
recommendationservice,recommendationservice-55c5b99985-pfkl4,1739750086,146935808
recommendationservice,recommendationservice-55c5b99985-pfkl4,1739750386,148180992
recommendationservice,recommendationservice-55c5b99985-pfkl4,1739750686,147058688
recommendationservice,recommendationservice-55c5b99985-pfkl4,1739750986,146931712
recommendationservice,recommendationservice-55c5b99985-pfkl4,1739751286,146939904
recommendationservice,recommendationservice-55c5b99985-pfkl4,1739751586,146939904
recommendationservice,recommendationservice-55c5b99985-pfkl4,1739751886,149520384
recommendationservice,recommendationservice-55c5b99985-pfkl4,1739752186,149516288
recommendationservice,recommendationservice-55c5b99985-pfkl4,1739752486,150040576
recommendationservice,recommendationservice-55c5b99985-pfkl4,1739752786,149495808
recommendationservice,recommendationservice-55c5b99985-pfkl4,1739753086,149217280
recommendationservice,recommendationservice-55c5b99985-pfkl4,1739753386,148688896
recommendationservice,recommendationservice-55c5b99985-pfkl4,1739753686,148688896
recommendationservice,recommendationservice-55c5b99985-pfkl4,1739753986,148692992
recommendationservice,recommendationservice-55c5b99985-pfkl4,1739754286,147931136
recommendationservice,recommendationservice-55c5b99985-pfkl4,1739754586,148127744
recommendationservice,recommendationservice-55c5b99985-pfkl4,1739754886,148131840
recommendationservice,recommendationservice-55c5b99985-pfkl4,1739755186,148099072
recommendationservice,recommendationservice-55c5b99985-pfkl4,1739755486,146386944
recommendationservice,recommendationservice-55c5b99985-pfkl4,1739755786,149811200
recommendationservice,recommendationservice-55c5b99985-pfkl4,1739756086,149929984
recommendationservice,recommendationservice-55c5b99985-pfkl4,1739756386,150454272
recommendationservice,recommendationservice-55c5b99985-pfkl4,1739756686,150552576
recommendationservice,recommendationservice-55c5b99985-pfkl4,1739756986,150716416
recommendationservice,recommendationservice-55c5b99985-pfkl4,1739757286,149278720
recommendationservice,recommendationservice-55c5b99985-pfkl4,1739757586,149409792
recommendationservice,recommendationservice-55c5b99985-pfkl4,1739757886,149147648
recommendationservice,recommendationservice-55c5b99985-pfkl4,1739758186,149172224
recommendationservice,recommendationservice-55c5b99985-pfkl4,1739758486,149221376
recommendationservice,recommendationservice-55c5b99985-pfkl4,1739758786,149504000
recommendationservice,recommendationservice-55c5b99985-pfkl4,1739759086,149585920
recommendationservice,recommendationservice-55c5b99985-pfkl4,1739759386,147861504
recommendationservice,recommendationservice-55c5b99985-pfkl4,1739759686,149082112
recommendationservice,recommendationservice-55c5b99985-pfkl4,1739759986,149405696
recommendationservice,recommendationservice-55c5b99985-pfkl4,1739760286,151162880
recommendationservice,recommendationservice-55c5b99985-pfkl4,1739760586,149037056
recommendationservice,recommendationservice-55c5b99985-pfkl4,1739760886,149004288
recommendationservice,recommendationservice-55c5b99985-pfkl4,1739761186,149045248
recommendationservice,recommendationservice-55c5b99985-pfkl4,1739761486,149102592
recommendationservice,recommendationservice-55c5b99985-pfkl4,1739761786,149266432
recommendationservice,recommendationservice-55c5b99985-pfkl4,1739762086,151441408
recommendationservice,recommendationservice-55c5b99985-pfkl4,1739762386,151310336
recommendationservice,recommendationservice-55c5b99985-pfkl4,1739762686,151277568
recommendationservice,recommendationservice-55c5b99985-pfkl4,1739762986,151289856
recommendationservice,recommendationservice-55c5b99985-pfkl4,1739763286,151310336
recommendationservice,recommendationservice-55c5b99985-pfkl4,1739763586,149635072
recommendationservice,recommendationservice-55c5b99985-pfkl4,1739763886,149757952
recommendationservice,recommendationservice-55c5b99985-pfkl4,1739764186,149155840
recommendationservice,recommendationservice-55c5b99985-pfkl4,1739764486,149159936
recommendationservice,recommendationservice-55c5b99985-pfkl4,1739764786,149815296
recommendationservice,recommendationservice-55c5b99985-pfkl4,1739765086,149811200
recommendationservice,recommendationservice-55c5b99985-pfkl4,1739765386,154222592
recommendationservice,recommendationservice-55c5b99985-pfkl4,1739765686,154775552
recommendationservice,recommendationservice-55c5b99985-pfkl4,1739765986,154771456
recommendationservice,recommendationservice-55c5b99985-pfkl4,1739766286,154902528
recommendationservice,recommendationservice-55c5b99985-pfkl4,1739766586,156848128
recommendationservice,recommendationservice-55c5b99985-pfkl4,1739766886,157560832
recommendationservice,recommendationservice-55c5b99985-pfkl4,1739767186,157671424
recommendationservice,recommendationservice-55c5b99985-pfkl4,1739767486,158568448
recommendationservice,recommendationservice-55c5b99985-pfkl4,1739767786,160423936
recommendationservice,recommendationservice-55c5b99985-pfkl4,1739768086,160784384
recommendationservice,recommendationservice-55c5b99985-pfkl4,1739768386,158265344
recommendationservice,recommendationservice-55c5b99985-pfkl4,1739768686,158261248
recommendationservice,recommendationservice-55c5b99985-pfkl4,1739768986,158609408
recommendationservice,recommendationservice-55c5b99985-pfkl4,1739769286,157835264
recommendationservice,recommendationservice-55c5b99985-pfkl4,1739769586,157831168
recommendationservice,recommendationservice-55c5b99985-pfkl4,1739769886,159309824
recommendationservice,recommendationservice-55c5b99985-pfkl4,1739770186,156536832
recommendationservice,recommendationservice-55c5b99985-pfkl4,1739770486,156606464
recommendationservice,recommendationservice-55c5b99985-pfkl4,1739770786,158756864
recommendationservice,recommendationservice-55c5b99985-pfkl4,1739771086,158801920
recommendationservice,recommendationservice-55c5b99985-pfkl4,1739771386,157122560
recommendationservice,recommendationservice-55c5b99985-pfkl4,1739771686,157237248
recommendationservice,recommendationservice-55c5b99985-pfkl4,1739771986,155308032
recommendationservice,recommendationservice-55c5b99985-pfkl4,1739772286,156135424
recommendationservice,recommendationservice-55c5b99985-pfkl4,1739772586,158904320
recommendationservice,recommendationservice-55c5b99985-pfkl4,1739772886,159031296
recommendationservice,recommendationservice-55c5b99985-pfkl4,1739773186,159035392
recommendationservice,recommendationservice-55c5b99985-pfkl4,1739773486,158834688
recommendationservice,recommendationservice-55c5b99985-pfkl4,1739773786,159494144
recommendationservice,recommendationservice-55c5b99985-pfkl4,1739774086,156295168
recommendationservice,recommendationservice-55c5b99985-pfkl4,1739774386,156188672
recommendationservice,recommendationservice-55c5b99985-pfkl4,1739774686,156389376
recommendationservice,recommendationservice-55c5b99985-pfkl4,1739774986,155226112
recommendationservice,recommendationservice-55c5b99985-pfkl4,1739775286,155815936
recommendationservice,recommendationservice-55c5b99985-pfkl4,1739775586,155815936
recommendationservice,recommendationservice-55c5b99985-pfkl4,1739775886,156999680
recommendationservice,recommendationservice-55c5b99985-pfkl4,1739776186,157147136
recommendationservice,recommendationservice-55c5b99985-pfkl4,1739776486,155717632
recommendationservice,recommendationservice-55c5b99985-pfkl4,1739776786,156639232
recommendationservice,recommendationservice-55c5b99985-pfkl4,1739777086,156606464
recommendationservice,recommendationservice-55c5b99985-pfkl4,1739777386,155443200
recommendationservice,recommendationservice-55c5b99985-pfkl4,1739777686,155959296
recommendationservice,recommendationservice-55c5b99985-pfkl4,1739777986,156864512
recommendationservice,recommendationservice-55c5b99985-pfkl4,1739778286,157315072
recommendationservice,recommendationservice-55c5b99985-pfkl4,1739778586,156180480
recommendationservice,recommendationservice-55c5b99985-pfkl4,1739778886,157790208
recommendationservice,recommendationservice-55c5b99985-pfkl4,1739779186,157335552
recommendationservice,recommendationservice-55c5b99985-pfkl4,1739779486,156483584
recommendationservice,recommendationservice-55c5b99985-pfkl4,1739779786,156831744
recommendationservice,recommendationservice-55c5b99985-pfkl4,1739780086,156651520
recommendationservice,recommendationservice-55c5b99985-pfkl4,1739780386,157265920
recommendationservice,recommendationservice-55c5b99985-pfkl4,1739780686,157503488
recommendationservice,recommendationservice-55c5b99985-pfkl4,1739780986,158093312
recommendationservice,recommendationservice-55c5b99985-pfkl4,1739781286,157581312
recommendationservice,recommendationservice-55c5b99985-pfkl4,1739781586,156577792
recommendationservice,recommendationservice-55c5b99985-pfkl4,1739781886,157159424
recommendationservice,recommendationservice-55c5b99985-pfkl4,1739782186,158380032
recommendationservice,recommendationservice-55c5b99985-pfkl4,1739782486,156438528
recommendationservice,recommendationservice-55c5b99985-pfkl4,1739782786,155983872
recommendationservice,recommendationservice-55c5b99985-pfkl4,1739783086,156168192
recommendationservice,recommendationservice-55c5b99985-pfkl4,1739783386,155492352
recommendationservice,recommendationservice-55c5b99985-pfkl4,1739783686,156520448
recommendationservice,recommendationservice-55c5b99985-pfkl4,1739783986,156409856
recommendationservice,recommendationservice-55c5b99985-pfkl4,1739784286,156925952
recommendationservice,recommendationservice-55c5b99985-pfkl4,1739784586,157167616
recommendationservice,recommendationservice-55c5b99985-pfkl4,1739784886,157548544
recommendationservice,recommendationservice-55c5b99985-pfkl4,1739785186,158343168
recommendationservice,recommendationservice-55c5b99985-pfkl4,1739785486,158625792
recommendationservice,recommendationservice-55c5b99985-pfkl4,1739785786,158998528
recommendationservice,recommendationservice-55c5b99985-pfkl4,1739786086,159928320
recommendationservice,recommendationservice-55c5b99985-pfkl4,1739786386,159555584
recommendationservice,recommendationservice-55c5b99985-pfkl4,1739786686,158769152
recommendationservice,recommendationservice-55c5b99985-pfkl4,1739786986,159170560
recommendationservice,recommendationservice-55c5b99985-pfkl4,1739787286,159387648
recommendationservice,recommendationservice-55c5b99985-pfkl4,1739787586,160165888
recommendationservice,recommendationservice-55c5b99985-pfkl4,1739787886,159461376
recommendationservice,recommendationservice-55c5b99985-pfkl4,1739788186,159010816
recommendationservice,recommendationservice-55c5b99985-pfkl4,1739788486,159928320
recommendationservice,recommendationservice-55c5b99985-pfkl4,1739788786,159580160
recommendationservice,recommendationservice-55c5b99985-pfkl4,1739789086,161542144
recommendationservice,recommendationservice-55c5b99985-pfkl4,1739789386,159191040
recommendationservice,recommendationservice-55c5b99985-pfkl4,1739789686,158461952
recommendationservice,recommendationservice-55c5b99985-pfkl4,1739789986,159109120
recommendationservice,recommendationservice-55c5b99985-pfkl4,1739790286,158834688
recommendationservice,recommendationservice-55c5b99985-pfkl4,1739790586,159453184
recommendationservice,recommendationservice-55c5b99985-pfkl4,1739790886,159019008
recommendationservice,recommendationservice-55c5b99985-pfkl4,1739791186,159207424
recommendationservice,recommendationservice-55c5b99985-pfkl4,1739791486,159285248
recommendationservice,recommendationservice-55c5b99985-pfkl4,1739791786,159084544
recommendationservice,recommendationservice-55c5b99985-pfkl4,1739792086,159240192
recommendationservice,recommendationservice-55c5b99985-pfkl4,1739792386,159576064
recommendationservice,recommendationservice-55c5b99985-pfkl4,1739792686,159834112
recommendationservice,recommendationservice-55c5b99985-pfkl4,1739792986,159154176
recommendationservice,recommendationservice-55c5b99985-pfkl4,1739793286,159383552
recommendationservice,recommendationservice-55c5b99985-pfkl4,1739793586,159383552
recommendationservice,recommendationservice-55c5b99985-pfkl4,1739793886,159219712
recommendationservice,recommendationservice-55c5b99985-pfkl4,1739794186,159391744
recommendationservice,recommendationservice-55c5b99985-pfkl4,1739794486,159371264
recommendationservice,recommendationservice-55c5b99985-pfkl4,1739794786,159416320
recommendationservice,recommendationservice-55c5b99985-pfkl4,1739795086,159694848
recommendationservice,recommendationservice-55c5b99985-pfkl4,1739795386,159694848
recommendationservice,recommendationservice-55c5b99985-pfkl4,1739795686,159252480
recommendationservice,recommendationservice-55c5b99985-pfkl4,1739795986,158564352
recommendationservice,recommendationservice-55c5b99985-pfkl4,1739796286,158564352
recommendationservice,recommendationservice-55c5b99985-pfkl4,1739796586,158564352
recommendationservice,recommendationservice-55c5b99985-pfkl4,1739796886,157204480
recommendationservice,recommendationservice-55c5b99985-pfkl4,1739797186,156999680
recommendationservice,recommendationservice-55c5b99985-pfkl4,1739797486,157872128
recommendationservice,recommendationservice-55c5b99985-pfkl4,1739797786,157339648
recommendationservice,recommendationservice-55c5b99985-pfkl4,1739798086,157732864
recommendationservice,recommendationservice-55c5b99985-pfkl4,1739798386,156667904
recommendationservice,recommendationservice-55c5b99985-pfkl4,1739798686,156311552
recommendationservice,recommendationservice-55c5b99985-pfkl4,1739798986,157016064
recommendationservice,recommendationservice-55c5b99985-pfkl4,1739799286,157413376
recommendationservice,recommendationservice-55c5b99985-pfkl4,1739799586,157569024
recommendationservice,recommendationservice-55c5b99985-pfkl4,1739799886,157372416
recommendationservice,recommendationservice-55c5b99985-pfkl4,1739800186,158089216
recommendationservice,recommendationservice-55c5b99985-pfkl4,1739800486,158097408
recommendationservice,recommendationservice-55c5b99985-pfkl4,1739800786,158208000
recommendationservice,recommendationservice-55c5b99985-pfkl4,1739801086,157732864
recommendationservice,recommendationservice-55c5b99985-pfkl4,1739801386,158195712
recommendationservice,recommendationservice-55c5b99985-pfkl4,1739801686,158003200
recommendationservice,recommendationservice-55c5b99985-pfkl4,1739801986,157474816
recommendationservice,recommendationservice-55c5b99985-pfkl4,1739802286,157601792
recommendationservice,recommendationservice-55c5b99985-pfkl4,1739802586,157175808
recommendationservice,recommendationservice-55c5b99985-pfkl4,1739802886,157794304
recommendationservice,recommendationservice-55c5b99985-pfkl4,1739803186,157597696
recommendationservice,recommendationservice-55c5b99985-pfkl4,1739803486,157827072
recommendationservice,recommendationservice-55c5b99985-pfkl4,1739803786,157892608
recommendationservice,recommendationservice-55c5b99985-pfkl4,1739804086,157552640
recommendationservice,recommendationservice-55c5b99985-pfkl4,1739804386,157683712
recommendationservice,recommendationservice-55c5b99985-pfkl4,1739804686,157175808
recommendationservice,recommendationservice-55c5b99985-pfkl4,1739804986,157519872
recommendationservice,recommendationservice-55c5b99985-pfkl4,1739805286,157491200
recommendationservice,recommendationservice-55c5b99985-pfkl4,1739805586,157556736
recommendationservice,recommendationservice-55c5b99985-pfkl4,1739805886,157708288
recommendationservice,recommendationservice-55c5b99985-pfkl4,1739806186,158367744
recommendationservice,recommendationservice-55c5b99985-pfkl4,1739806486,158109696
recommendationservice,recommendationservice-55c5b99985-pfkl4,1739806786,158695424
recommendationservice,recommendationservice-55c5b99985-pfkl4,1739807086,157736960
recommendationservice,recommendationservice-55c5b99985-pfkl4,1739807386,157962240
recommendationservice,recommendationservice-55c5b99985-pfkl4,1739807686,158003200
recommendationservice,recommendationservice-55c5b99985-pfkl4,1739807986,157949952
recommendationservice,recommendationservice-55c5b99985-pfkl4,1739808286,158515200
recommendationservice,recommendationservice-55c5b99985-pfkl4,1739808586,157822976
recommendationservice,recommendationservice-55c5b99985-pfkl4,1739808886,158720000
recommendationservice,recommendationservice-55c5b99985-pfkl4,1739809186,158355456
recommendationservice,recommendationservice-55c5b99985-pfkl4,1739809486,158777344
recommendationservice,recommendationservice-55c5b99985-pfkl4,1739809786,158617600
recommendationservice,recommendationservice-55c5b99985-pfkl4,1739810086,157872128
recommendationservice,recommendationservice-55c5b99985-pfkl4,1739810386,157921280
recommendationservice,recommendationservice-55c5b99985-pfkl4,1739810686,157884416
recommendationservice,recommendationservice-55c5b99985-pfkl4,1739810986,157880320
recommendationservice,recommendationservice-55c5b99985-pfkl4,1739811286,157888512
recommendationservice,recommendationservice-55c5b99985-pfkl4,1739811586,158154752
recommendationservice,recommendationservice-55c5b99985-pfkl4,1739811886,156864512
recommendationservice,recommendationservice-55c5b99985-pfkl4,1739812186,156868608
recommendationservice,recommendationservice-55c5b99985-pfkl4,1739812486,156868608
recommendationservice,recommendationservice-55c5b99985-pfkl4,1739812786,156864512
recommendationservice,recommendationservice-55c5b99985-pfkl4,1739813086,157126656
recommendationservice,recommendationservice-55c5b99985-pfkl4,1739813386,157278208
recommendationservice,recommendationservice-55c5b99985-pfkl4,1739813686,158044160
recommendationservice,recommendationservice-55c5b99985-pfkl4,1739813986,158773248
recommendationservice,recommendationservice-55c5b99985-pfkl4,1739814286,159285248
recommendationservice,recommendationservice-55c5b99985-pfkl4,1739814586,158642176
recommendationservice,recommendationservice-55c5b99985-pfkl4,1739814886,158859264
recommendationservice,recommendationservice-55c5b99985-pfkl4,1739815186,158658560
recommendationservice,recommendationservice-55c5b99985-pfkl4,1739815486,159301632
recommendationservice,recommendationservice-55c5b99985-pfkl4,1739815786,159313920
recommendationservice,recommendationservice-55c5b99985-pfkl4,1739816086,159350784
recommendationservice,recommendationservice-55c5b99985-pfkl4,1739816386,159350784
recommendationservice,recommendationservice-55c5b99985-pfkl4,1739816686,159203328
recommendationservice,recommendationservice-55c5b99985-pfkl4,1739816986,159240192
recommendationservice,recommendationservice-55c5b99985-pfkl4,1739817286,159232000
recommendationservice,recommendationservice-55c5b99985-pfkl4,1739817586,159232000
recommendationservice,recommendationservice-55c5b99985-pfkl4,1739817886,159236096
recommendationservice,recommendationservice-55c5b99985-pfkl4,1739818186,160047104
recommendationservice,recommendationservice-55c5b99985-pfkl4,1739818486,160182272
recommendationservice,recommendationservice-55c5b99985-pfkl4,1739818786,159690752
recommendationservice,recommendationservice-55c5b99985-pfkl4,1739819086,159543296
recommendationservice,recommendationservice-55c5b99985-pfkl4,1739819386,159715328
recommendationservice,recommendationservice-55c5b99985-pfkl4,1739819686,158490624
recommendationservice,recommendationservice-55c5b99985-pfkl4,1739819986,158498816
recommendationservice,recommendationservice-55c5b99985-pfkl4,1739820286,160292864
recommendationservice,recommendationservice-55c5b99985-pfkl4,1739820586,160309248
recommendationservice,recommendationservice-55c5b99985-pfkl4,1739820886,161386496
recommendationservice,recommendationservice-55c5b99985-pfkl4,1739821186,161386496
recommendationservice,recommendationservice-55c5b99985-pfkl4,1739821486,161386496
recommendationservice,recommendationservice-55c5b99985-pfkl4,1739821786,161292288
recommendationservice,recommendationservice-55c5b99985-pfkl4,1739822086,161288192
recommendationservice,recommendationservice-55c5b99985-pfkl4,1739822386,159838208
recommendationservice,recommendationservice-55c5b99985-pfkl4,1739822686,161251328
recommendationservice,recommendationservice-55c5b99985-pfkl4,1739822986,159801344
recommendationservice,recommendationservice-55c5b99985-pfkl4,1739823286,159793152
recommendationservice,recommendationservice-55c5b99985-pfkl4,1739823586,158330880
recommendationservice,recommendationservice-55c5b99985-pfkl4,1739823886,158642176
recommendationservice,recommendationservice-55c5b99985-pfkl4,1739824186,158261248
recommendationservice,recommendationservice-55c5b99985-pfkl4,1739824486,158814208
recommendationservice,recommendationservice-55c5b99985-pfkl4,1739824786,158818304
recommendationservice,recommendationservice-55c5b99985-pfkl4,1739825086,158851072
recommendationservice,recommendationservice-55c5b99985-pfkl4,1739825386,160133120
recommendationservice,recommendationservice-55c5b99985-pfkl4,1739825686,160190464
recommendationservice,recommendationservice-55c5b99985-pfkl4,1739825986,159268864
recommendationservice,recommendationservice-55c5b99985-pfkl4,1739826286,158838784
recommendationservice,recommendationservice-55c5b99985-pfkl4,1739826586,158789632
recommendationservice,recommendationservice-55c5b99985-pfkl4,1739826886,149245952
recommendationservice,recommendationservice-55c5b99985-pfkl4,1739827186,148959232
recommendationservice,recommendationservice-55c5b99985-pfkl4,1739827486,148889600
recommendationservice,recommendationservice-55c5b99985-pfkl4,1739827786,148930560
recommendationservice,recommendationservice-55c5b99985-pfkl4,1739828086,154402816
recommendationservice,recommendationservice-55c5b99985-pfkl4,1739828386,154349568
recommendationservice,recommendationservice-55c5b99985-pfkl4,1739828686,154882048
recommendationservice,recommendationservice-55c5b99985-pfkl4,1739828986,154550272
recommendationservice,recommendationservice-55c5b99985-pfkl4,1739829286,154767360
recommendationservice,recommendationservice-55c5b99985-pfkl4,1739829586,154968064
recommendationservice,recommendationservice-55c5b99985-pfkl4,1739829886,154927104
recommendationservice,recommendationservice-55c5b99985-pfkl4,1739830186,154624000
recommendationservice,recommendationservice-55c5b99985-pfkl4,1739830486,154673152
recommendationservice,recommendationservice-55c5b99985-pfkl4,1739830786,155234304
recommendationservice,recommendationservice-55c5b99985-pfkl4,1739831086,155385856
recommendationservice,recommendationservice-55c5b99985-pfkl4,1739831386,154984448
redis-cart,redis-cart-558f8d8d44-xshjp,1739487886,50065408
redis-cart,redis-cart-558f8d8d44-xshjp,1739488186,50188288
redis-cart,redis-cart-558f8d8d44-xshjp,1739488486,50188288
redis-cart,redis-cart-558f8d8d44-xshjp,1739488786,54292480
redis-cart,redis-cart-558f8d8d44-xshjp,1739489086,54034432
redis-cart,redis-cart-558f8d8d44-xshjp,1739489386,55349248
redis-cart,redis-cart-558f8d8d44-xshjp,1739489686,56283136
redis-cart,redis-cart-558f8d8d44-xshjp,1739489986,56950784
redis-cart,redis-cart-558f8d8d44-xshjp,1739490286,57913344
redis-cart,redis-cart-558f8d8d44-xshjp,1739490586,59113472
redis-cart,redis-cart-558f8d8d44-xshjp,1739490886,60383232
redis-cart,redis-cart-558f8d8d44-xshjp,1739491186,60342272
redis-cart,redis-cart-558f8d8d44-xshjp,1739491486,62263296
redis-cart,redis-cart-558f8d8d44-xshjp,1739491786,61833216
redis-cart,redis-cart-558f8d8d44-xshjp,1739492086,63598592
redis-cart,redis-cart-558f8d8d44-xshjp,1739492386,64282624
redis-cart,redis-cart-558f8d8d44-xshjp,1739492686,65404928
redis-cart,redis-cart-558f8d8d44-xshjp,1739492986,66580480
redis-cart,redis-cart-558f8d8d44-xshjp,1739493286,67489792
redis-cart,redis-cart-558f8d8d44-xshjp,1739493586,68186112
redis-cart,redis-cart-558f8d8d44-xshjp,1739493886,68988928
redis-cart,redis-cart-558f8d8d44-xshjp,1739494186,69808128
redis-cart,redis-cart-558f8d8d44-xshjp,1739494486,70619136
redis-cart,redis-cart-558f8d8d44-xshjp,1739494786,71307264
redis-cart,redis-cart-558f8d8d44-xshjp,1739495086,72744960
redis-cart,redis-cart-558f8d8d44-xshjp,1739495386,73134080
redis-cart,redis-cart-558f8d8d44-xshjp,1739495686,73846784
redis-cart,redis-cart-558f8d8d44-xshjp,1739495986,74960896
redis-cart,redis-cart-558f8d8d44-xshjp,1739496286,75423744
redis-cart,redis-cart-558f8d8d44-xshjp,1739496586,75927552
redis-cart,redis-cart-558f8d8d44-xshjp,1739496886,76472320
redis-cart,redis-cart-558f8d8d44-xshjp,1739497186,76914688
redis-cart,redis-cart-558f8d8d44-xshjp,1739497486,77967360
redis-cart,redis-cart-558f8d8d44-xshjp,1739497786,79400960
redis-cart,redis-cart-558f8d8d44-xshjp,1739498086,79773696
redis-cart,redis-cart-558f8d8d44-xshjp,1739498386,79167488
redis-cart,redis-cart-558f8d8d44-xshjp,1739498686,79286272
redis-cart,redis-cart-558f8d8d44-xshjp,1739498986,79253504
redis-cart,redis-cart-558f8d8d44-xshjp,1739499286,79249408
redis-cart,redis-cart-558f8d8d44-xshjp,1739499586,79253504
redis-cart,redis-cart-558f8d8d44-xshjp,1739499886,79781888
redis-cart,redis-cart-558f8d8d44-xshjp,1739500186,79769600
redis-cart,redis-cart-558f8d8d44-xshjp,1739500486,81596416
redis-cart,redis-cart-558f8d8d44-xshjp,1739500786,80007168
redis-cart,redis-cart-558f8d8d44-xshjp,1739501086,80027648
redis-cart,redis-cart-558f8d8d44-xshjp,1739501386,80130048
redis-cart,redis-cart-558f8d8d44-xshjp,1739501686,80027648
redis-cart,redis-cart-558f8d8d44-xshjp,1739501986,80097280
redis-cart,redis-cart-558f8d8d44-xshjp,1739502286,80125952
redis-cart,redis-cart-558f8d8d44-xshjp,1739502586,80142336
redis-cart,redis-cart-558f8d8d44-xshjp,1739502886,80216064
redis-cart,redis-cart-558f8d8d44-xshjp,1739503186,80515072
redis-cart,redis-cart-558f8d8d44-xshjp,1739503486,80785408
redis-cart,redis-cart-558f8d8d44-xshjp,1739503786,81539072
redis-cart,redis-cart-558f8d8d44-xshjp,1739504086,82743296
redis-cart,redis-cart-558f8d8d44-xshjp,1739504386,82817024
redis-cart,redis-cart-558f8d8d44-xshjp,1739504686,83701760
redis-cart,redis-cart-558f8d8d44-xshjp,1739504986,84115456
redis-cart,redis-cart-558f8d8d44-xshjp,1739505286,85336064
redis-cart,redis-cart-558f8d8d44-xshjp,1739505586,85549056
redis-cart,redis-cart-558f8d8d44-xshjp,1739505886,86863872
redis-cart,redis-cart-558f8d8d44-xshjp,1739506186,87195648
redis-cart,redis-cart-558f8d8d44-xshjp,1739506486,87293952
redis-cart,redis-cart-558f8d8d44-xshjp,1739506786,87142400
redis-cart,redis-cart-558f8d8d44-xshjp,1739507086,87232512
redis-cart,redis-cart-558f8d8d44-xshjp,1739507386,87183360
redis-cart,redis-cart-558f8d8d44-xshjp,1739507686,89554944
redis-cart,redis-cart-558f8d8d44-xshjp,1739507986,88461312
redis-cart,redis-cart-558f8d8d44-xshjp,1739508286,88862720
redis-cart,redis-cart-558f8d8d44-xshjp,1739508586,89034752
redis-cart,redis-cart-558f8d8d44-xshjp,1739508886,89030656
redis-cart,redis-cart-558f8d8d44-xshjp,1739509186,89034752
redis-cart,redis-cart-558f8d8d44-xshjp,1739509486,91004928
redis-cart,redis-cart-558f8d8d44-xshjp,1739509786,89260032
redis-cart,redis-cart-558f8d8d44-xshjp,1739510086,89079808
redis-cart,redis-cart-558f8d8d44-xshjp,1739510386,89063424
redis-cart,redis-cart-558f8d8d44-xshjp,1739510686,89051136
redis-cart,redis-cart-558f8d8d44-xshjp,1739510986,89157632
redis-cart,redis-cart-558f8d8d44-xshjp,1739511286,89636864
redis-cart,redis-cart-558f8d8d44-xshjp,1739511586,90550272
redis-cart,redis-cart-558f8d8d44-xshjp,1739511886,91926528
redis-cart,redis-cart-558f8d8d44-xshjp,1739512186,93290496
redis-cart,redis-cart-558f8d8d44-xshjp,1739512486,94035968
redis-cart,redis-cart-558f8d8d44-xshjp,1739512786,93782016
redis-cart,redis-cart-558f8d8d44-xshjp,1739513086,93790208
redis-cart,redis-cart-558f8d8d44-xshjp,1739513386,93982720
redis-cart,redis-cart-558f8d8d44-xshjp,1739513686,95129600
redis-cart,redis-cart-558f8d8d44-xshjp,1739513986,96387072
redis-cart,redis-cart-558f8d8d44-xshjp,1739514286,97423360
redis-cart,redis-cart-558f8d8d44-xshjp,1739514586,98643968
redis-cart,redis-cart-558f8d8d44-xshjp,1739514886,104239104
redis-cart,redis-cart-558f8d8d44-xshjp,1739515186,105082880
redis-cart,redis-cart-558f8d8d44-xshjp,1739515486,104484864
redis-cart,redis-cart-558f8d8d44-xshjp,1739515786,105639936
redis-cart,redis-cart-558f8d8d44-xshjp,1739516086,107134976
redis-cart,redis-cart-558f8d8d44-xshjp,1739516386,107823104
redis-cart,redis-cart-558f8d8d44-xshjp,1739516686,108953600
redis-cart,redis-cart-558f8d8d44-xshjp,1739516986,110030848
redis-cart,redis-cart-558f8d8d44-xshjp,1739517286,111017984
redis-cart,redis-cart-558f8d8d44-xshjp,1739517586,110227456
redis-cart,redis-cart-558f8d8d44-xshjp,1739517886,110227456
redis-cart,redis-cart-558f8d8d44-xshjp,1739518186,110231552
redis-cart,redis-cart-558f8d8d44-xshjp,1739518486,110239744
redis-cart,redis-cart-558f8d8d44-xshjp,1739518786,109662208
redis-cart,redis-cart-558f8d8d44-xshjp,1739519086,109842432
redis-cart,redis-cart-558f8d8d44-xshjp,1739519386,109748224
redis-cart,redis-cart-558f8d8d44-xshjp,1739519686,110112768
redis-cart,redis-cart-558f8d8d44-xshjp,1739519986,109969408
redis-cart,redis-cart-558f8d8d44-xshjp,1739520286,110010368
redis-cart,redis-cart-558f8d8d44-xshjp,1739520586,110006272
redis-cart,redis-cart-558f8d8d44-xshjp,1739520886,110493696
redis-cart,redis-cart-558f8d8d44-xshjp,1739521186,110272512
redis-cart,redis-cart-558f8d8d44-xshjp,1739521486,110522368
redis-cart,redis-cart-558f8d8d44-xshjp,1739521786,110518272
redis-cart,redis-cart-558f8d8d44-xshjp,1739522086,110567424
redis-cart,redis-cart-558f8d8d44-xshjp,1739522386,110395392
redis-cart,redis-cart-558f8d8d44-xshjp,1739522686,112623616
redis-cart,redis-cart-558f8d8d44-xshjp,1739522986,110858240
redis-cart,redis-cart-558f8d8d44-xshjp,1739523286,110665728
redis-cart,redis-cart-558f8d8d44-xshjp,1739523586,111181824
redis-cart,redis-cart-558f8d8d44-xshjp,1739523886,111730688
redis-cart,redis-cart-558f8d8d44-xshjp,1739524186,112787456
redis-cart,redis-cart-558f8d8d44-xshjp,1739524486,114814976
redis-cart,redis-cart-558f8d8d44-xshjp,1739524786,112848896
redis-cart,redis-cart-558f8d8d44-xshjp,1739525086,112939008
redis-cart,redis-cart-558f8d8d44-xshjp,1739525386,113065984
redis-cart,redis-cart-558f8d8d44-xshjp,1739525686,112574464
redis-cart,redis-cart-558f8d8d44-xshjp,1739525986,112619520
redis-cart,redis-cart-558f8d8d44-xshjp,1739526286,112717824
redis-cart,redis-cart-558f8d8d44-xshjp,1739526586,114794496
redis-cart,redis-cart-558f8d8d44-xshjp,1739526886,114794496
redis-cart,redis-cart-558f8d8d44-xshjp,1739527186,114909184
redis-cart,redis-cart-558f8d8d44-xshjp,1739527486,115101696
redis-cart,redis-cart-558f8d8d44-xshjp,1739527786,115044352
redis-cart,redis-cart-558f8d8d44-xshjp,1739528086,117182464
redis-cart,redis-cart-558f8d8d44-xshjp,1739528386,115490816
redis-cart,redis-cart-558f8d8d44-xshjp,1739528686,115605504
redis-cart,redis-cart-558f8d8d44-xshjp,1739528986,115617792
redis-cart,redis-cart-558f8d8d44-xshjp,1739529286,115449856
redis-cart,redis-cart-558f8d8d44-xshjp,1739529586,115466240
redis-cart,redis-cart-558f8d8d44-xshjp,1739529886,115494912
redis-cart,redis-cart-558f8d8d44-xshjp,1739530186,115761152
redis-cart,redis-cart-558f8d8d44-xshjp,1739530486,115679232
redis-cart,redis-cart-558f8d8d44-xshjp,1739530786,115679232
redis-cart,redis-cart-558f8d8d44-xshjp,1739531086,116457472
redis-cart,redis-cart-558f8d8d44-xshjp,1739531386,116215808
redis-cart,redis-cart-558f8d8d44-xshjp,1739531686,116035584
redis-cart,redis-cart-558f8d8d44-xshjp,1739531986,115994624
redis-cart,redis-cart-558f8d8d44-xshjp,1739532286,116125696
redis-cart,redis-cart-558f8d8d44-xshjp,1739532586,115458048
redis-cart,redis-cart-558f8d8d44-xshjp,1739532886,115449856
redis-cart,redis-cart-558f8d8d44-xshjp,1739533186,115449856
redis-cart,redis-cart-558f8d8d44-xshjp,1739533486,115769344
redis-cart,redis-cart-558f8d8d44-xshjp,1739533786,115621888
redis-cart,redis-cart-558f8d8d44-xshjp,1739534086,115793920
redis-cart,redis-cart-558f8d8d44-xshjp,1739534386,115806208
redis-cart,redis-cart-558f8d8d44-xshjp,1739534686,116129792
redis-cart,redis-cart-558f8d8d44-xshjp,1739534986,116121600
redis-cart,redis-cart-558f8d8d44-xshjp,1739535286,116248576
redis-cart,redis-cart-558f8d8d44-xshjp,1739535586,116269056
redis-cart,redis-cart-558f8d8d44-xshjp,1739535886,116269056
redis-cart,redis-cart-558f8d8d44-xshjp,1739536186,116322304
redis-cart,redis-cart-558f8d8d44-xshjp,1739536486,116441088
redis-cart,redis-cart-558f8d8d44-xshjp,1739536786,116789248
redis-cart,redis-cart-558f8d8d44-xshjp,1739537086,116912128
redis-cart,redis-cart-558f8d8d44-xshjp,1739537386,119894016
redis-cart,redis-cart-558f8d8d44-xshjp,1739537686,119898112
redis-cart,redis-cart-558f8d8d44-xshjp,1739537986,119660544
redis-cart,redis-cart-558f8d8d44-xshjp,1739538286,119787520
redis-cart,redis-cart-558f8d8d44-xshjp,1739538586,120172544
redis-cart,redis-cart-558f8d8d44-xshjp,1739538886,119902208
redis-cart,redis-cart-558f8d8d44-xshjp,1739539186,119009280
redis-cart,redis-cart-558f8d8d44-xshjp,1739539486,119128064
redis-cart,redis-cart-558f8d8d44-xshjp,1739539786,119111680
redis-cart,redis-cart-558f8d8d44-xshjp,1739540086,119140352
redis-cart,redis-cart-558f8d8d44-xshjp,1739540386,119078912
redis-cart,redis-cart-558f8d8d44-xshjp,1739540686,119894016
redis-cart,redis-cart-558f8d8d44-xshjp,1739540986,119160832
redis-cart,redis-cart-558f8d8d44-xshjp,1739541286,119341056
redis-cart,redis-cart-558f8d8d44-xshjp,1739541586,120135680
redis-cart,redis-cart-558f8d8d44-xshjp,1739541886,120639488
redis-cart,redis-cart-558f8d8d44-xshjp,1739542186,120635392
redis-cart,redis-cart-558f8d8d44-xshjp,1739542486,120848384
redis-cart,redis-cart-558f8d8d44-xshjp,1739542786,121016320
redis-cart,redis-cart-558f8d8d44-xshjp,1739543086,120852480
redis-cart,redis-cart-558f8d8d44-xshjp,1739543386,120852480
redis-cart,redis-cart-558f8d8d44-xshjp,1739543686,120856576
redis-cart,redis-cart-558f8d8d44-xshjp,1739543986,121032704
redis-cart,redis-cart-558f8d8d44-xshjp,1739544286,124407808
redis-cart,redis-cart-558f8d8d44-xshjp,1739544586,121462784
redis-cart,redis-cart-558f8d8d44-xshjp,1739544886,121204736
redis-cart,redis-cart-558f8d8d44-xshjp,1739545186,127643648
redis-cart,redis-cart-558f8d8d44-xshjp,1739545486,122765312
redis-cart,redis-cart-558f8d8d44-xshjp,1739545786,121225216
redis-cart,redis-cart-558f8d8d44-xshjp,1739546086,123461632
redis-cart,redis-cart-558f8d8d44-xshjp,1739546386,121540608
redis-cart,redis-cart-558f8d8d44-xshjp,1739546686,120877056
redis-cart,redis-cart-558f8d8d44-xshjp,1739546986,120877056
redis-cart,redis-cart-558f8d8d44-xshjp,1739547286,120889344
redis-cart,redis-cart-558f8d8d44-xshjp,1739547586,120967168
redis-cart,redis-cart-558f8d8d44-xshjp,1739547886,120942592
redis-cart,redis-cart-558f8d8d44-xshjp,1739548186,120958976
redis-cart,redis-cart-558f8d8d44-xshjp,1739548486,121118720
redis-cart,redis-cart-558f8d8d44-xshjp,1739548786,121110528
redis-cart,redis-cart-558f8d8d44-xshjp,1739549086,121286656
redis-cart,redis-cart-558f8d8d44-xshjp,1739549386,121643008
redis-cart,redis-cart-558f8d8d44-xshjp,1739549686,121286656
redis-cart,redis-cart-558f8d8d44-xshjp,1739549986,121430016
redis-cart,redis-cart-558f8d8d44-xshjp,1739550286,121720832
redis-cart,redis-cart-558f8d8d44-xshjp,1739550586,122052608
redis-cart,redis-cart-558f8d8d44-xshjp,1739550886,121905152
redis-cart,redis-cart-558f8d8d44-xshjp,1739551186,122068992
redis-cart,redis-cart-558f8d8d44-xshjp,1739551486,122032128
redis-cart,redis-cart-558f8d8d44-xshjp,1739551786,122703872
redis-cart,redis-cart-558f8d8d44-xshjp,1739552086,122097664
redis-cart,redis-cart-558f8d8d44-xshjp,1739552386,122101760
redis-cart,redis-cart-558f8d8d44-xshjp,1739552686,122175488
redis-cart,redis-cart-558f8d8d44-xshjp,1739552986,123043840
redis-cart,redis-cart-558f8d8d44-xshjp,1739553286,126386176
redis-cart,redis-cart-558f8d8d44-xshjp,1739553586,125255680
redis-cart,redis-cart-558f8d8d44-xshjp,1739553886,125034496
redis-cart,redis-cart-558f8d8d44-xshjp,1739554186,124506112
redis-cart,redis-cart-558f8d8d44-xshjp,1739554486,124502016
redis-cart,redis-cart-558f8d8d44-xshjp,1739554786,124645376
redis-cart,redis-cart-558f8d8d44-xshjp,1739555086,124989440
redis-cart,redis-cart-558f8d8d44-xshjp,1739555386,124739584
redis-cart,redis-cart-558f8d8d44-xshjp,1739555686,124739584
redis-cart,redis-cart-558f8d8d44-xshjp,1739555986,124751872
redis-cart,redis-cart-558f8d8d44-xshjp,1739556286,124755968
redis-cart,redis-cart-558f8d8d44-xshjp,1739556586,124874752
redis-cart,redis-cart-558f8d8d44-xshjp,1739556886,127442944
redis-cart,redis-cart-558f8d8d44-xshjp,1739557186,125415424
redis-cart,redis-cart-558f8d8d44-xshjp,1739557486,125460480
redis-cart,redis-cart-558f8d8d44-xshjp,1739557786,125550592
redis-cart,redis-cart-558f8d8d44-xshjp,1739558086,125652992
redis-cart,redis-cart-558f8d8d44-xshjp,1739558386,125407232
redis-cart,redis-cart-558f8d8d44-xshjp,1739558686,127746048
redis-cart,redis-cart-558f8d8d44-xshjp,1739558986,126758912
redis-cart,redis-cart-558f8d8d44-xshjp,1739559286,127774720
redis-cart,redis-cart-558f8d8d44-xshjp,1739559586,127815680
redis-cart,redis-cart-558f8d8d44-xshjp,1739559886,127754240
redis-cart,redis-cart-558f8d8d44-xshjp,1739560186,127672320
redis-cart,redis-cart-558f8d8d44-xshjp,1739560486,129740800
redis-cart,redis-cart-558f8d8d44-xshjp,1739560786,129359872
redis-cart,redis-cart-558f8d8d44-xshjp,1739561086,130056192
redis-cart,redis-cart-558f8d8d44-xshjp,1739561386,130342912
redis-cart,redis-cart-558f8d8d44-xshjp,1739561686,129540096
redis-cart,redis-cart-558f8d8d44-xshjp,1739561986,130408448
redis-cart,redis-cart-558f8d8d44-xshjp,1739562286,130486272
redis-cart,redis-cart-558f8d8d44-xshjp,1739562586,131280896
redis-cart,redis-cart-558f8d8d44-xshjp,1739562886,132194304
redis-cart,redis-cart-558f8d8d44-xshjp,1739563186,132026368
redis-cart,redis-cart-558f8d8d44-xshjp,1739563486,132026368
redis-cart,redis-cart-558f8d8d44-xshjp,1739563786,132030464
redis-cart,redis-cart-558f8d8d44-xshjp,1739564086,132042752
redis-cart,redis-cart-558f8d8d44-xshjp,1739564386,132300800
redis-cart,redis-cart-558f8d8d44-xshjp,1739564686,132308992
redis-cart,redis-cart-558f8d8d44-xshjp,1739564986,128237568
redis-cart,redis-cart-558f8d8d44-xshjp,1739565286,128540672
redis-cart,redis-cart-558f8d8d44-xshjp,1739565586,129490944
redis-cart,redis-cart-558f8d8d44-xshjp,1739565886,130236416
redis-cart,redis-cart-558f8d8d44-xshjp,1739566186,131207168
redis-cart,redis-cart-558f8d8d44-xshjp,1739566486,142159872
redis-cart,redis-cart-558f8d8d44-xshjp,1739566786,132657152
redis-cart,redis-cart-558f8d8d44-xshjp,1739567086,136069120
redis-cart,redis-cart-558f8d8d44-xshjp,1739567386,136843264
redis-cart,redis-cart-558f8d8d44-xshjp,1739567686,137814016
redis-cart,redis-cart-558f8d8d44-xshjp,1739567986,138604544
redis-cart,redis-cart-558f8d8d44-xshjp,1739568286,139542528
redis-cart,redis-cart-558f8d8d44-xshjp,1739568586,140435456
redis-cart,redis-cart-558f8d8d44-xshjp,1739568886,141172736
redis-cart,redis-cart-558f8d8d44-xshjp,1739569186,141512704
redis-cart,redis-cart-558f8d8d44-xshjp,1739569486,142315520
redis-cart,redis-cart-558f8d8d44-xshjp,1739569786,143380480
redis-cart,redis-cart-558f8d8d44-xshjp,1739570086,143998976
redis-cart,redis-cart-558f8d8d44-xshjp,1739570386,144695296
redis-cart,redis-cart-558f8d8d44-xshjp,1739570686,145436672
redis-cart,redis-cart-558f8d8d44-xshjp,1739570986,145850368
redis-cart,redis-cart-558f8d8d44-xshjp,1739571286,148197376
redis-cart,redis-cart-558f8d8d44-xshjp,1739571586,147230720
redis-cart,redis-cart-558f8d8d44-xshjp,1739571886,148037632
redis-cart,redis-cart-558f8d8d44-xshjp,1739572186,153083904
redis-cart,redis-cart-558f8d8d44-xshjp,1739572486,153735168
redis-cart,redis-cart-558f8d8d44-xshjp,1739572786,153612288
redis-cart,redis-cart-558f8d8d44-xshjp,1739573086,154542080
redis-cart,redis-cart-558f8d8d44-xshjp,1739573386,155025408
redis-cart,redis-cart-558f8d8d44-xshjp,1739573686,155766784
redis-cart,redis-cart-558f8d8d44-xshjp,1739573986,156475392
redis-cart,redis-cart-558f8d8d44-xshjp,1739574286,159592448
redis-cart,redis-cart-558f8d8d44-xshjp,1739574586,158273536
redis-cart,redis-cart-558f8d8d44-xshjp,1739574886,160837632
redis-cart,redis-cart-558f8d8d44-xshjp,1739575186,159744000
redis-cart,redis-cart-558f8d8d44-xshjp,1739575486,160600064
redis-cart,redis-cart-558f8d8d44-xshjp,1739575786,161443840
redis-cart,redis-cart-558f8d8d44-xshjp,1739576086,162209792
redis-cart,redis-cart-558f8d8d44-xshjp,1739576386,162918400
redis-cart,redis-cart-558f8d8d44-xshjp,1739576686,173502464
redis-cart,redis-cart-558f8d8d44-xshjp,1739576986,164413440
redis-cart,redis-cart-558f8d8d44-xshjp,1739577286,165253120
redis-cart,redis-cart-558f8d8d44-xshjp,1739577586,165408768
redis-cart,redis-cart-558f8d8d44-xshjp,1739577886,166375424
redis-cart,redis-cart-558f8d8d44-xshjp,1739578186,166891520
redis-cart,redis-cart-558f8d8d44-xshjp,1739578486,167718912
redis-cart,redis-cart-558f8d8d44-xshjp,1739578786,168595456
redis-cart,redis-cart-558f8d8d44-xshjp,1739579086,169394176
redis-cart,redis-cart-558f8d8d44-xshjp,1739579386,170127360
redis-cart,redis-cart-558f8d8d44-xshjp,1739579686,170901504
redis-cart,redis-cart-558f8d8d44-xshjp,1739579986,173551616
redis-cart,redis-cart-558f8d8d44-xshjp,1739580286,172531712
redis-cart,redis-cart-558f8d8d44-xshjp,1739580586,173408256
redis-cart,redis-cart-558f8d8d44-xshjp,1739580886,174166016
redis-cart,redis-cart-558f8d8d44-xshjp,1739581186,174977024
redis-cart,redis-cart-558f8d8d44-xshjp,1739581486,175734784
redis-cart,redis-cart-558f8d8d44-xshjp,1739581786,178601984
redis-cart,redis-cart-558f8d8d44-xshjp,1739582086,177672192
redis-cart,redis-cart-558f8d8d44-xshjp,1739582386,178630656
redis-cart,redis-cart-558f8d8d44-xshjp,1739582686,178733056
redis-cart,redis-cart-558f8d8d44-xshjp,1739582986,179269632
redis-cart,redis-cart-558f8d8d44-xshjp,1739583286,180060160
redis-cart,redis-cart-558f8d8d44-xshjp,1739583586,180805632
redis-cart,redis-cart-558f8d8d44-xshjp,1739583886,181579776
redis-cart,redis-cart-558f8d8d44-xshjp,1739584186,182337536
redis-cart,redis-cart-558f8d8d44-xshjp,1739584486,183087104
redis-cart,redis-cart-558f8d8d44-xshjp,1739584786,183865344
redis-cart,redis-cart-558f8d8d44-xshjp,1739585086,184627200
redis-cart,redis-cart-558f8d8d44-xshjp,1739585386,185364480
redis-cart,redis-cart-558f8d8d44-xshjp,1739585686,185888768
redis-cart,redis-cart-558f8d8d44-xshjp,1739585986,185880576
redis-cart,redis-cart-558f8d8d44-xshjp,1739586286,186576896
redis-cart,redis-cart-558f8d8d44-xshjp,1739586586,187609088
redis-cart,redis-cart-558f8d8d44-xshjp,1739586886,188137472
redis-cart,redis-cart-558f8d8d44-xshjp,1739587186,189001728
redis-cart,redis-cart-558f8d8d44-xshjp,1739587486,190296064
redis-cart,redis-cart-558f8d8d44-xshjp,1739587786,190750720
redis-cart,redis-cart-558f8d8d44-xshjp,1739588086,191672320
redis-cart,redis-cart-558f8d8d44-xshjp,1739588386,192626688
redis-cart,redis-cart-558f8d8d44-xshjp,1739588686,192892928
redis-cart,redis-cart-558f8d8d44-xshjp,1739588986,192880640
redis-cart,redis-cart-558f8d8d44-xshjp,1739589286,200839168
redis-cart,redis-cart-558f8d8d44-xshjp,1739589586,194715648
redis-cart,redis-cart-558f8d8d44-xshjp,1739589886,195878912
redis-cart,redis-cart-558f8d8d44-xshjp,1739590186,196587520
redis-cart,redis-cart-558f8d8d44-xshjp,1739590486,197296128
redis-cart,redis-cart-558f8d8d44-xshjp,1739590786,197181440
redis-cart,redis-cart-558f8d8d44-xshjp,1739591086,197287936
redis-cart,redis-cart-558f8d8d44-xshjp,1739591386,198307840
redis-cart,redis-cart-558f8d8d44-xshjp,1739591686,198422528
redis-cart,redis-cart-558f8d8d44-xshjp,1739591986,208003072
redis-cart,redis-cart-558f8d8d44-xshjp,1739592286,200728576
redis-cart,redis-cart-558f8d8d44-xshjp,1739592586,201613312
redis-cart,redis-cart-558f8d8d44-xshjp,1739592886,202928128
redis-cart,redis-cart-558f8d8d44-xshjp,1739593186,204140544
redis-cart,redis-cart-558f8d8d44-xshjp,1739593486,205217792
redis-cart,redis-cart-558f8d8d44-xshjp,1739593786,205889536
redis-cart,redis-cart-558f8d8d44-xshjp,1739594086,207130624
redis-cart,redis-cart-558f8d8d44-xshjp,1739594386,208388096
redis-cart,redis-cart-558f8d8d44-xshjp,1739594686,209551360
redis-cart,redis-cart-558f8d8d44-xshjp,1739594986,214355968
redis-cart,redis-cart-558f8d8d44-xshjp,1739595286,212131840
redis-cart,redis-cart-558f8d8d44-xshjp,1739595586,213245952
redis-cart,redis-cart-558f8d8d44-xshjp,1739595886,213504000
redis-cart,redis-cart-558f8d8d44-xshjp,1739596186,222367744
redis-cart,redis-cart-558f8d8d44-xshjp,1739596486,216588288
redis-cart,redis-cart-558f8d8d44-xshjp,1739596786,214970368
redis-cart,redis-cart-558f8d8d44-xshjp,1739597086,215937024
redis-cart,redis-cart-558f8d8d44-xshjp,1739597386,216342528
redis-cart,redis-cart-558f8d8d44-xshjp,1739597686,217534464
redis-cart,redis-cart-558f8d8d44-xshjp,1739597986,218710016
redis-cart,redis-cart-558f8d8d44-xshjp,1739598286,229453824
redis-cart,redis-cart-558f8d8d44-xshjp,1739598586,224247808
redis-cart,redis-cart-558f8d8d44-xshjp,1739598886,222273536
redis-cart,redis-cart-558f8d8d44-xshjp,1739599186,223485952
redis-cart,redis-cart-558f8d8d44-xshjp,1739599486,223932416
redis-cart,redis-cart-558f8d8d44-xshjp,1739599786,230825984
redis-cart,redis-cart-558f8d8d44-xshjp,1739600086,226668544
redis-cart,redis-cart-558f8d8d44-xshjp,1739600386,227844096
redis-cart,redis-cart-558f8d8d44-xshjp,1739600686,229228544
redis-cart,redis-cart-558f8d8d44-xshjp,1739600986,230305792
redis-cart,redis-cart-558f8d8d44-xshjp,1739601286,239562752
redis-cart,redis-cart-558f8d8d44-xshjp,1739601586,230846464
redis-cart,redis-cart-558f8d8d44-xshjp,1739601886,230567936
redis-cart,redis-cart-558f8d8d44-xshjp,1739602186,232255488
redis-cart,redis-cart-558f8d8d44-xshjp,1739602486,232812544
redis-cart,redis-cart-558f8d8d44-xshjp,1739602786,233431040
redis-cart,redis-cart-558f8d8d44-xshjp,1739603086,233418752
redis-cart,redis-cart-558f8d8d44-xshjp,1739603386,233779200
redis-cart,redis-cart-558f8d8d44-xshjp,1739603686,235376640
redis-cart,redis-cart-558f8d8d44-xshjp,1739603986,233697280
redis-cart,redis-cart-558f8d8d44-xshjp,1739604286,233656320
redis-cart,redis-cart-558f8d8d44-xshjp,1739604586,233852928
redis-cart,redis-cart-558f8d8d44-xshjp,1739604886,233037824
redis-cart,redis-cart-558f8d8d44-xshjp,1739605186,233037824
redis-cart,redis-cart-558f8d8d44-xshjp,1739605486,233046016
redis-cart,redis-cart-558f8d8d44-xshjp,1739605786,233046016
redis-cart,redis-cart-558f8d8d44-xshjp,1739606086,233312256
redis-cart,redis-cart-558f8d8d44-xshjp,1739606386,233046016
redis-cart,redis-cart-558f8d8d44-xshjp,1739606686,233046016
redis-cart,redis-cart-558f8d8d44-xshjp,1739606986,233058304
redis-cart,redis-cart-558f8d8d44-xshjp,1739607286,235016192
redis-cart,redis-cart-558f8d8d44-xshjp,1739607586,233574400
redis-cart,redis-cart-558f8d8d44-xshjp,1739607886,233324544
redis-cart,redis-cart-558f8d8d44-xshjp,1739608186,233582592
redis-cart,redis-cart-558f8d8d44-xshjp,1739608486,237375488
redis-cart,redis-cart-558f8d8d44-xshjp,1739608786,235503616
redis-cart,redis-cart-558f8d8d44-xshjp,1739609086,235905024
redis-cart,redis-cart-558f8d8d44-xshjp,1739609386,235417600
redis-cart,redis-cart-558f8d8d44-xshjp,1739609686,235409408
redis-cart,redis-cart-558f8d8d44-xshjp,1739609986,235708416
redis-cart,redis-cart-558f8d8d44-xshjp,1739610286,235421696
redis-cart,redis-cart-558f8d8d44-xshjp,1739610586,235683840
redis-cart,redis-cart-558f8d8d44-xshjp,1739610886,235524096
redis-cart,redis-cart-558f8d8d44-xshjp,1739611186,235503616
redis-cart,redis-cart-558f8d8d44-xshjp,1739611486,235692032
redis-cart,redis-cart-558f8d8d44-xshjp,1739611786,235814912
redis-cart,redis-cart-558f8d8d44-xshjp,1739612086,235814912
redis-cart,redis-cart-558f8d8d44-xshjp,1739612386,235814912
redis-cart,redis-cart-558f8d8d44-xshjp,1739612686,235741184
redis-cart,redis-cart-558f8d8d44-xshjp,1739612986,235892736
redis-cart,redis-cart-558f8d8d44-xshjp,1739613286,236011520
redis-cart,redis-cart-558f8d8d44-xshjp,1739613586,236072960
redis-cart,redis-cart-558f8d8d44-xshjp,1739613886,236101632
redis-cart,redis-cart-558f8d8d44-xshjp,1739614186,236376064
redis-cart,redis-cart-558f8d8d44-xshjp,1739614486,238014464
redis-cart,redis-cart-558f8d8d44-xshjp,1739614786,236875776
redis-cart,redis-cart-558f8d8d44-xshjp,1739615086,237252608
redis-cart,redis-cart-558f8d8d44-xshjp,1739615386,237211648
redis-cart,redis-cart-558f8d8d44-xshjp,1739615686,236744704
redis-cart,redis-cart-558f8d8d44-xshjp,1739615986,236740608
redis-cart,redis-cart-558f8d8d44-xshjp,1739616286,236740608
redis-cart,redis-cart-558f8d8d44-xshjp,1739616586,236752896
redis-cart,redis-cart-558f8d8d44-xshjp,1739616886,236740608
redis-cart,redis-cart-558f8d8d44-xshjp,1739617186,236777472
redis-cart,redis-cart-558f8d8d44-xshjp,1739617486,238542848
redis-cart,redis-cart-558f8d8d44-xshjp,1739617786,237010944
redis-cart,redis-cart-558f8d8d44-xshjp,1739618086,238956544
redis-cart,redis-cart-558f8d8d44-xshjp,1739618386,237498368
redis-cart,redis-cart-558f8d8d44-xshjp,1739618686,237522944
redis-cart,redis-cart-558f8d8d44-xshjp,1739618986,237346816
redis-cart,redis-cart-558f8d8d44-xshjp,1739619286,237219840
redis-cart,redis-cart-558f8d8d44-xshjp,1739619586,237105152
redis-cart,redis-cart-558f8d8d44-xshjp,1739619886,237109248
redis-cart,redis-cart-558f8d8d44-xshjp,1739620186,249217024
redis-cart,redis-cart-558f8d8d44-xshjp,1739620486,237416448
redis-cart,redis-cart-558f8d8d44-xshjp,1739620786,237416448
redis-cart,redis-cart-558f8d8d44-xshjp,1739621086,237285376
redis-cart,redis-cart-558f8d8d44-xshjp,1739621386,237768704
redis-cart,redis-cart-558f8d8d44-xshjp,1739621686,237113344
redis-cart,redis-cart-558f8d8d44-xshjp,1739621986,237109248
redis-cart,redis-cart-558f8d8d44-xshjp,1739622286,237228032
redis-cart,redis-cart-558f8d8d44-xshjp,1739622586,237649920
redis-cart,redis-cart-558f8d8d44-xshjp,1739622886,237727744
redis-cart,redis-cart-558f8d8d44-xshjp,1739623186,237744128
redis-cart,redis-cart-558f8d8d44-xshjp,1739623486,239779840
redis-cart,redis-cart-558f8d8d44-xshjp,1739623786,238063616
redis-cart,redis-cart-558f8d8d44-xshjp,1739624086,238157824
redis-cart,redis-cart-558f8d8d44-xshjp,1739624386,238149632
redis-cart,redis-cart-558f8d8d44-xshjp,1739624686,238559232
redis-cart,redis-cart-558f8d8d44-xshjp,1739624986,238141440
redis-cart,redis-cart-558f8d8d44-xshjp,1739625286,238219264
redis-cart,redis-cart-558f8d8d44-xshjp,1739625586,238792704
redis-cart,redis-cart-558f8d8d44-xshjp,1739625886,246132736
redis-cart,redis-cart-558f8d8d44-xshjp,1739626186,238538752
redis-cart,redis-cart-558f8d8d44-xshjp,1739626486,238759936
redis-cart,redis-cart-558f8d8d44-xshjp,1739626786,238751744
redis-cart,redis-cart-558f8d8d44-xshjp,1739627086,239108096
redis-cart,redis-cart-558f8d8d44-xshjp,1739627386,237993984
redis-cart,redis-cart-558f8d8d44-xshjp,1739627686,237993984
redis-cart,redis-cart-558f8d8d44-xshjp,1739627986,237993984
redis-cart,redis-cart-558f8d8d44-xshjp,1739628286,238133248
redis-cart,redis-cart-558f8d8d44-xshjp,1739628586,238497792
redis-cart,redis-cart-558f8d8d44-xshjp,1739628886,240001024
redis-cart,redis-cart-558f8d8d44-xshjp,1739629186,245293056
redis-cart,redis-cart-558f8d8d44-xshjp,1739629486,238522368
redis-cart,redis-cart-558f8d8d44-xshjp,1739629786,239173632
redis-cart,redis-cart-558f8d8d44-xshjp,1739630086,238911488
redis-cart,redis-cart-558f8d8d44-xshjp,1739630386,239218688
redis-cart,redis-cart-558f8d8d44-xshjp,1739630686,244953088
redis-cart,redis-cart-558f8d8d44-xshjp,1739630986,247476224
redis-cart,redis-cart-558f8d8d44-xshjp,1739631286,247345152
redis-cart,redis-cart-558f8d8d44-xshjp,1739631586,247349248
redis-cart,redis-cart-558f8d8d44-xshjp,1739631886,247349248
redis-cart,redis-cart-558f8d8d44-xshjp,1739632186,247533568
redis-cart,redis-cart-558f8d8d44-xshjp,1739632486,247549952
redis-cart,redis-cart-558f8d8d44-xshjp,1739632786,247586816
redis-cart,redis-cart-558f8d8d44-xshjp,1739633086,247459840
redis-cart,redis-cart-558f8d8d44-xshjp,1739633386,247197696
redis-cart,redis-cart-558f8d8d44-xshjp,1739633686,247308288
redis-cart,redis-cart-558f8d8d44-xshjp,1739633986,247283712
redis-cart,redis-cart-558f8d8d44-xshjp,1739634286,247328768
redis-cart,redis-cart-558f8d8d44-xshjp,1739634586,247615488
redis-cart,redis-cart-558f8d8d44-xshjp,1739634886,247697408
redis-cart,redis-cart-558f8d8d44-xshjp,1739635186,247750656
redis-cart,redis-cart-558f8d8d44-xshjp,1739635486,248995840
redis-cart,redis-cart-558f8d8d44-xshjp,1739635786,251412480
redis-cart,redis-cart-558f8d8d44-xshjp,1739636086,249675776
redis-cart,redis-cart-558f8d8d44-xshjp,1739636386,249982976
redis-cart,redis-cart-558f8d8d44-xshjp,1739636686,249810944
redis-cart,redis-cart-558f8d8d44-xshjp,1739636986,250085376
redis-cart,redis-cart-558f8d8d44-xshjp,1739637286,249921536
redis-cart,redis-cart-558f8d8d44-xshjp,1739637586,250290176
redis-cart,redis-cart-558f8d8d44-xshjp,1739637886,250134528
redis-cart,redis-cart-558f8d8d44-xshjp,1739638186,250122240
redis-cart,redis-cart-558f8d8d44-xshjp,1739638486,250134528
redis-cart,redis-cart-558f8d8d44-xshjp,1739638786,249962496
redis-cart,redis-cart-558f8d8d44-xshjp,1739639086,250175488
redis-cart,redis-cart-558f8d8d44-xshjp,1739639386,250171392
redis-cart,redis-cart-558f8d8d44-xshjp,1739639686,249155584
redis-cart,redis-cart-558f8d8d44-xshjp,1739639986,249253888
redis-cart,redis-cart-558f8d8d44-xshjp,1739640286,249262080
redis-cart,redis-cart-558f8d8d44-xshjp,1739640586,249282560
redis-cart,redis-cart-558f8d8d44-xshjp,1739640886,249528320
redis-cart,redis-cart-558f8d8d44-xshjp,1739641186,249528320
redis-cart,redis-cart-558f8d8d44-xshjp,1739641486,249995264
redis-cart,redis-cart-558f8d8d44-xshjp,1739641786,249896960
redis-cart,redis-cart-558f8d8d44-xshjp,1739642086,249982976
redis-cart,redis-cart-558f8d8d44-xshjp,1739642386,249978880
redis-cart,redis-cart-558f8d8d44-xshjp,1739642686,249729024
redis-cart,redis-cart-558f8d8d44-xshjp,1739642986,252030976
redis-cart,redis-cart-558f8d8d44-xshjp,1739643286,250212352
redis-cart,redis-cart-558f8d8d44-xshjp,1739643586,250204160
redis-cart,redis-cart-558f8d8d44-xshjp,1739643886,250204160
redis-cart,redis-cart-558f8d8d44-xshjp,1739644186,250204160
redis-cart,redis-cart-558f8d8d44-xshjp,1739644486,250261504
redis-cart,redis-cart-558f8d8d44-xshjp,1739644786,252239872
redis-cart,redis-cart-558f8d8d44-xshjp,1739645086,250822656
redis-cart,redis-cart-558f8d8d44-xshjp,1739645386,251043840
redis-cart,redis-cart-558f8d8d44-xshjp,1739645686,251056128
redis-cart,redis-cart-558f8d8d44-xshjp,1739645986,250396672
redis-cart,redis-cart-558f8d8d44-xshjp,1739646286,250408960
redis-cart,redis-cart-558f8d8d44-xshjp,1739646586,250404864
redis-cart,redis-cart-558f8d8d44-xshjp,1739646886,250404864
redis-cart,redis-cart-558f8d8d44-xshjp,1739647186,250548224
redis-cart,redis-cart-558f8d8d44-xshjp,1739647486,250806272
redis-cart,redis-cart-558f8d8d44-xshjp,1739647786,250679296
redis-cart,redis-cart-558f8d8d44-xshjp,1739648086,254750720
redis-cart,redis-cart-558f8d8d44-xshjp,1739648386,250753024
redis-cart,redis-cart-558f8d8d44-xshjp,1739648686,251097088
redis-cart,redis-cart-558f8d8d44-xshjp,1739648986,251129856
redis-cart,redis-cart-558f8d8d44-xshjp,1739649286,250916864
redis-cart,redis-cart-558f8d8d44-xshjp,1739649586,270544896
redis-cart,redis-cart-558f8d8d44-xshjp,1739649886,268054528
redis-cart,redis-cart-558f8d8d44-xshjp,1739650186,260825088
redis-cart,redis-cart-558f8d8d44-xshjp,1739650486,260644864
redis-cart,redis-cart-558f8d8d44-xshjp,1739650786,260689920
redis-cart,redis-cart-558f8d8d44-xshjp,1739651086,260579328
redis-cart,redis-cart-558f8d8d44-xshjp,1739651386,264876032
redis-cart,redis-cart-558f8d8d44-xshjp,1739651686,261447680
redis-cart,redis-cart-558f8d8d44-xshjp,1739651986,261488640
redis-cart,redis-cart-558f8d8d44-xshjp,1739652286,261484544
redis-cart,redis-cart-558f8d8d44-xshjp,1739652586,261488640
redis-cart,redis-cart-558f8d8d44-xshjp,1739652886,261484544
redis-cart,redis-cart-558f8d8d44-xshjp,1739653186,261750784
redis-cart,redis-cart-558f8d8d44-xshjp,1739653486,261750784
redis-cart,redis-cart-558f8d8d44-xshjp,1739653786,261611520
redis-cart,redis-cart-558f8d8d44-xshjp,1739654086,261763072
redis-cart,redis-cart-558f8d8d44-xshjp,1739654386,261840896
redis-cart,redis-cart-558f8d8d44-xshjp,1739654686,261754880
redis-cart,redis-cart-558f8d8d44-xshjp,1739654986,261640192
redis-cart,redis-cart-558f8d8d44-xshjp,1739655286,261644288
redis-cart,redis-cart-558f8d8d44-xshjp,1739655586,261648384
redis-cart,redis-cart-558f8d8d44-xshjp,1739655886,261840896
redis-cart,redis-cart-558f8d8d44-xshjp,1739656186,261869568
redis-cart,redis-cart-558f8d8d44-xshjp,1739656486,262795264
redis-cart,redis-cart-558f8d8d44-xshjp,1739656786,268611584
redis-cart,redis-cart-558f8d8d44-xshjp,1739657086,262225920
redis-cart,redis-cart-558f8d8d44-xshjp,1739657386,262070272
redis-cart,redis-cart-558f8d8d44-xshjp,1739657686,262451200
redis-cart,redis-cart-558f8d8d44-xshjp,1739657986,261758976
redis-cart,redis-cart-558f8d8d44-xshjp,1739658286,262778880
redis-cart,redis-cart-558f8d8d44-xshjp,1739658586,263065600
redis-cart,redis-cart-558f8d8d44-xshjp,1739658886,263065600
redis-cart,redis-cart-558f8d8d44-xshjp,1739659186,263155712
redis-cart,redis-cart-558f8d8d44-xshjp,1739659486,263147520
redis-cart,redis-cart-558f8d8d44-xshjp,1739659786,270888960
redis-cart,redis-cart-558f8d8d44-xshjp,1739660086,263266304
redis-cart,redis-cart-558f8d8d44-xshjp,1739660386,263311360
redis-cart,redis-cart-558f8d8d44-xshjp,1739660686,266084352
redis-cart,redis-cart-558f8d8d44-xshjp,1739660986,261824512
redis-cart,redis-cart-558f8d8d44-xshjp,1739661286,261967872
redis-cart,redis-cart-558f8d8d44-xshjp,1739661586,261963776
redis-cart,redis-cart-558f8d8d44-xshjp,1739661886,261963776
redis-cart,redis-cart-558f8d8d44-xshjp,1739662186,261963776
redis-cart,redis-cart-558f8d8d44-xshjp,1739662486,261910528
redis-cart,redis-cart-558f8d8d44-xshjp,1739662786,264343552
redis-cart,redis-cart-558f8d8d44-xshjp,1739663086,263270400
redis-cart,redis-cart-558f8d8d44-xshjp,1739663386,269090816
redis-cart,redis-cart-558f8d8d44-xshjp,1739663686,265408512
redis-cart,redis-cart-558f8d8d44-xshjp,1739663986,266059776
redis-cart,redis-cart-558f8d8d44-xshjp,1739664286,267153408
redis-cart,redis-cart-558f8d8d44-xshjp,1739664586,268111872
redis-cart,redis-cart-558f8d8d44-xshjp,1739664886,268435456
redis-cart,redis-cart-558f8d8d44-xshjp,1739665186,269221888
redis-cart,redis-cart-558f8d8d44-xshjp,1739665486,269836288
redis-cart,redis-cart-558f8d8d44-xshjp,1739665786,275132416
redis-cart,redis-cart-558f8d8d44-xshjp,1739666086,271769600
redis-cart,redis-cart-558f8d8d44-xshjp,1739666386,273035264
redis-cart,redis-cart-558f8d8d44-xshjp,1739666686,274051072
redis-cart,redis-cart-558f8d8d44-xshjp,1739666986,287191040
redis-cart,redis-cart-558f8d8d44-xshjp,1739667286,275968000
redis-cart,redis-cart-558f8d8d44-xshjp,1739667586,276717568
redis-cart,redis-cart-558f8d8d44-xshjp,1739667886,286654464
redis-cart,redis-cart-558f8d8d44-xshjp,1739668186,280653824
redis-cart,redis-cart-558f8d8d44-xshjp,1739668486,279400448
redis-cart,redis-cart-558f8d8d44-xshjp,1739668786,279760896
redis-cart,redis-cart-558f8d8d44-xshjp,1739669086,285376512
redis-cart,redis-cart-558f8d8d44-xshjp,1739669386,280698880
redis-cart,redis-cart-558f8d8d44-xshjp,1739669686,280711168
redis-cart,redis-cart-558f8d8d44-xshjp,1739669986,280735744
redis-cart,redis-cart-558f8d8d44-xshjp,1739670286,280793088
redis-cart,redis-cart-558f8d8d44-xshjp,1739670586,281845760
redis-cart,redis-cart-558f8d8d44-xshjp,1739670886,281980928
redis-cart,redis-cart-558f8d8d44-xshjp,1739671186,282816512
redis-cart,redis-cart-558f8d8d44-xshjp,1739671486,283660288
redis-cart,redis-cart-558f8d8d44-xshjp,1739671786,284254208
redis-cart,redis-cart-558f8d8d44-xshjp,1739672086,285020160
redis-cart,redis-cart-558f8d8d44-xshjp,1739672386,285843456
redis-cart,redis-cart-558f8d8d44-xshjp,1739672686,286572544
redis-cart,redis-cart-558f8d8d44-xshjp,1739672986,287330304
redis-cart,redis-cart-558f8d8d44-xshjp,1739673286,287956992
redis-cart,redis-cart-558f8d8d44-xshjp,1739673586,299143168
redis-cart,redis-cart-558f8d8d44-xshjp,1739673886,289619968
redis-cart,redis-cart-558f8d8d44-xshjp,1739674186,291016704
redis-cart,redis-cart-558f8d8d44-xshjp,1739674486,291078144
redis-cart,redis-cart-558f8d8d44-xshjp,1739674786,292167680
redis-cart,redis-cart-558f8d8d44-xshjp,1739675086,292675584
redis-cart,redis-cart-558f8d8d44-xshjp,1739675386,293564416
redis-cart,redis-cart-558f8d8d44-xshjp,1739675686,294465536
redis-cart,redis-cart-558f8d8d44-xshjp,1739675986,294989824
redis-cart,redis-cart-558f8d8d44-xshjp,1739676286,295632896
redis-cart,redis-cart-558f8d8d44-xshjp,1739676586,296181760
redis-cart,redis-cart-558f8d8d44-xshjp,1739676886,296439808
redis-cart,redis-cart-558f8d8d44-xshjp,1739677186,296177664
redis-cart,redis-cart-558f8d8d44-xshjp,1739677486,296685568
redis-cart,redis-cart-558f8d8d44-xshjp,1739677786,296820736
redis-cart,redis-cart-558f8d8d44-xshjp,1739678086,296202240
redis-cart,redis-cart-558f8d8d44-xshjp,1739678386,296206336
redis-cart,redis-cart-558f8d8d44-xshjp,1739678686,296206336
redis-cart,redis-cart-558f8d8d44-xshjp,1739678986,296202240
redis-cart,redis-cart-558f8d8d44-xshjp,1739679286,296579072
redis-cart,redis-cart-558f8d8d44-xshjp,1739679586,296611840
redis-cart,redis-cart-558f8d8d44-xshjp,1739679886,296611840
redis-cart,redis-cart-558f8d8d44-xshjp,1739680186,296972288
redis-cart,redis-cart-558f8d8d44-xshjp,1739680486,296873984
redis-cart,redis-cart-558f8d8d44-xshjp,1739680786,296685568
redis-cart,redis-cart-558f8d8d44-xshjp,1739681086,298356736
redis-cart,redis-cart-558f8d8d44-xshjp,1739681386,296853504
redis-cart,redis-cart-558f8d8d44-xshjp,1739681686,296906752
redis-cart,redis-cart-558f8d8d44-xshjp,1739681986,297086976
redis-cart,redis-cart-558f8d8d44-xshjp,1739682286,296898560
redis-cart,redis-cart-558f8d8d44-xshjp,1739682586,296636416
redis-cart,redis-cart-558f8d8d44-xshjp,1739682886,296710144
redis-cart,redis-cart-558f8d8d44-xshjp,1739683186,296706048
redis-cart,redis-cart-558f8d8d44-xshjp,1739683486,296697856
redis-cart,redis-cart-558f8d8d44-xshjp,1739683786,296845312
redis-cart,redis-cart-558f8d8d44-xshjp,1739684086,296845312
redis-cart,redis-cart-558f8d8d44-xshjp,1739684386,296341504
redis-cart,redis-cart-558f8d8d44-xshjp,1739684686,296374272
redis-cart,redis-cart-558f8d8d44-xshjp,1739684986,295972864
redis-cart,redis-cart-558f8d8d44-xshjp,1739685286,295579648
redis-cart,redis-cart-558f8d8d44-xshjp,1739685586,295579648
redis-cart,redis-cart-558f8d8d44-xshjp,1739685886,295591936
redis-cart,redis-cart-558f8d8d44-xshjp,1739686186,295686144
redis-cart,redis-cart-558f8d8d44-xshjp,1739686486,295763968
redis-cart,redis-cart-558f8d8d44-xshjp,1739686786,304386048
redis-cart,redis-cart-558f8d8d44-xshjp,1739687086,296677376
redis-cart,redis-cart-558f8d8d44-xshjp,1739687386,300486656
redis-cart,redis-cart-558f8d8d44-xshjp,1739687686,297201664
redis-cart,redis-cart-558f8d8d44-xshjp,1739687986,297078784
redis-cart,redis-cart-558f8d8d44-xshjp,1739688286,297078784
redis-cart,redis-cart-558f8d8d44-xshjp,1739688586,297598976
redis-cart,redis-cart-558f8d8d44-xshjp,1739688886,297041920
redis-cart,redis-cart-558f8d8d44-xshjp,1739689186,314142720
redis-cart,redis-cart-558f8d8d44-xshjp,1739689486,297369600
redis-cart,redis-cart-558f8d8d44-xshjp,1739689786,308948992
redis-cart,redis-cart-558f8d8d44-xshjp,1739690086,299393024
redis-cart,redis-cart-558f8d8d44-xshjp,1739690386,300482560
redis-cart,redis-cart-558f8d8d44-xshjp,1739690686,302731264
redis-cart,redis-cart-558f8d8d44-xshjp,1739690986,300961792
redis-cart,redis-cart-558f8d8d44-xshjp,1739691286,300965888
redis-cart,redis-cart-558f8d8d44-xshjp,1739691586,300761088
redis-cart,redis-cart-558f8d8d44-xshjp,1739691886,300761088
redis-cart,redis-cart-558f8d8d44-xshjp,1739692186,300396544
redis-cart,redis-cart-558f8d8d44-xshjp,1739692486,300843008
redis-cart,redis-cart-558f8d8d44-xshjp,1739692786,300867584
redis-cart,redis-cart-558f8d8d44-xshjp,1739693086,301326336
redis-cart,redis-cart-558f8d8d44-xshjp,1739693386,301096960
redis-cart,redis-cart-558f8d8d44-xshjp,1739693686,300965888
redis-cart,redis-cart-558f8d8d44-xshjp,1739693986,301248512
redis-cart,redis-cart-558f8d8d44-xshjp,1739694286,305225728
redis-cart,redis-cart-558f8d8d44-xshjp,1739694586,301547520
redis-cart,redis-cart-558f8d8d44-xshjp,1739694886,301862912
redis-cart,redis-cart-558f8d8d44-xshjp,1739695186,295518208
redis-cart,redis-cart-558f8d8d44-xshjp,1739695486,295645184
redis-cart,redis-cart-558f8d8d44-xshjp,1739695786,296210432
redis-cart,redis-cart-558f8d8d44-xshjp,1739696086,302886912
redis-cart,redis-cart-558f8d8d44-xshjp,1739696386,297521152
redis-cart,redis-cart-558f8d8d44-xshjp,1739696686,297996288
redis-cart,redis-cart-558f8d8d44-xshjp,1739696986,298397696
redis-cart,redis-cart-558f8d8d44-xshjp,1739697286,298717184
redis-cart,redis-cart-558f8d8d44-xshjp,1739697586,298717184
redis-cart,redis-cart-558f8d8d44-xshjp,1739697886,298795008
redis-cart,redis-cart-558f8d8d44-xshjp,1739698186,298905600
redis-cart,redis-cart-558f8d8d44-xshjp,1739698486,298606592
redis-cart,redis-cart-558f8d8d44-xshjp,1739698786,306167808
redis-cart,redis-cart-558f8d8d44-xshjp,1739699086,302116864
redis-cart,redis-cart-558f8d8d44-xshjp,1739699386,303042560
redis-cart,redis-cart-558f8d8d44-xshjp,1739699686,303812608
redis-cart,redis-cart-558f8d8d44-xshjp,1739699986,304427008
redis-cart,redis-cart-558f8d8d44-xshjp,1739700286,305283072
redis-cart,redis-cart-558f8d8d44-xshjp,1739700586,305639424
redis-cart,redis-cart-558f8d8d44-xshjp,1739700886,306089984
redis-cart,redis-cart-558f8d8d44-xshjp,1739701186,306601984
redis-cart,redis-cart-558f8d8d44-xshjp,1739701486,306946048
redis-cart,redis-cart-558f8d8d44-xshjp,1739701786,315269120
redis-cart,redis-cart-558f8d8d44-xshjp,1739702086,308588544
redis-cart,redis-cart-558f8d8d44-xshjp,1739702386,309542912
redis-cart,redis-cart-558f8d8d44-xshjp,1739702686,308903936
redis-cart,redis-cart-558f8d8d44-xshjp,1739702986,315424768
redis-cart,redis-cart-558f8d8d44-xshjp,1739703286,310706176
redis-cart,redis-cart-558f8d8d44-xshjp,1739703586,311177216
redis-cart,redis-cart-558f8d8d44-xshjp,1739703886,311312384
vanilla-scaler,vanilla-scaler-7b968db4f-pbv54,1739716486,459964416
vanilla-scaler,vanilla-scaler-7b968db4f-pbv54,1739716786,462266368
vanilla-scaler,vanilla-scaler-7b968db4f-pbv54,1739717086,464326656
vanilla-scaler,vanilla-scaler-7b968db4f-pbv54,1739717386,467443712
vanilla-scaler,vanilla-scaler-7b968db4f-pbv54,1739717686,467619840
vanilla-scaler,vanilla-scaler-7b968db4f-pbv54,1739717986,472846336
vanilla-scaler,vanilla-scaler-7b968db4f-pbv54,1739718286,473497600
vanilla-scaler,vanilla-scaler-7b968db4f-pbv54,1739718586,472748032
vanilla-scaler,vanilla-scaler-7b968db4f-pbv54,1739718886,472748032
vanilla-scaler,vanilla-scaler-7b968db4f-pbv54,1739719186,472756224
vanilla-scaler,vanilla-scaler-7b968db4f-pbv54,1739719486,472764416
vanilla-scaler,vanilla-scaler-7b968db4f-pbv54,1739719786,472788992
vanilla-scaler,vanilla-scaler-7b968db4f-pbv54,1739720086,474517504
vanilla-scaler,vanilla-scaler-7b968db4f-pbv54,1739720386,472981504
vanilla-scaler,vanilla-scaler-7b968db4f-pbv54,1739720686,472870912
vanilla-scaler,vanilla-scaler-7b968db4f-pbv54,1739720986,472870912
vanilla-scaler,vanilla-scaler-7b968db4f-pbv54,1739721286,472879104
vanilla-scaler,vanilla-scaler-7b968db4f-pbv54,1739721586,472903680
vanilla-scaler,vanilla-scaler-7b968db4f-pbv54,1739721886,472973312
vanilla-scaler,vanilla-scaler-7b968db4f-pbv54,1739722186,473083904
vanilla-scaler,vanilla-scaler-7b968db4f-pbv54,1739722486,473096192
vanilla-scaler,vanilla-scaler-7b968db4f-pbv54,1739722786,472690688
vanilla-scaler,vanilla-scaler-7b968db4f-pbv54,1739723086,472690688
vanilla-scaler,vanilla-scaler-7b968db4f-pbv54,1739723386,472690688
vanilla-scaler,vanilla-scaler-7b968db4f-pbv54,1739723686,472739840
vanilla-scaler,vanilla-scaler-7b968db4f-pbv54,1739723986,472879104
vanilla-scaler,vanilla-scaler-7b968db4f-pbv54,1739724286,472891392
vanilla-scaler,vanilla-scaler-7b968db4f-pbv54,1739724586,473108480
vanilla-scaler,vanilla-scaler-7b968db4f-pbv54,1739724886,473153536
vanilla-scaler,vanilla-scaler-7b968db4f-pbv54,1739725186,473231360
vanilla-scaler,vanilla-scaler-7b968db4f-pbv54,1739725486,474849280
vanilla-scaler,vanilla-scaler-7b968db4f-pbv54,1739725786,473075712
vanilla-scaler,vanilla-scaler-7b968db4f-pbv54,1739726086,473137152
vanilla-scaler,vanilla-scaler-7b968db4f-pbv54,1739726386,473260032
vanilla-scaler,vanilla-scaler-7b968db4f-pbv54,1739726686,473260032
vanilla-scaler,vanilla-scaler-7b968db4f-pbv54,1739726986,473223168
vanilla-scaler,vanilla-scaler-7b968db4f-pbv54,1739727286,473223168
vanilla-scaler,vanilla-scaler-7b968db4f-pbv54,1739727586,473526272
vanilla-scaler,vanilla-scaler-7b968db4f-pbv54,1739727886,473169920
vanilla-scaler,vanilla-scaler-7b968db4f-pbv54,1739728186,473174016
vanilla-scaler,vanilla-scaler-7b968db4f-pbv54,1739728486,473174016
vanilla-scaler,vanilla-scaler-7b968db4f-pbv54,1739728786,472797184
vanilla-scaler,vanilla-scaler-7b968db4f-pbv54,1739729086,472801280
vanilla-scaler,vanilla-scaler-7b968db4f-pbv54,1739729386,472866816
vanilla-scaler,vanilla-scaler-7b968db4f-pbv54,1739729686,472858624
vanilla-scaler,vanilla-scaler-7b968db4f-pbv54,1739729986,472858624
vanilla-scaler,vanilla-scaler-7b968db4f-pbv54,1739730286,472965120
vanilla-scaler,vanilla-scaler-7b968db4f-pbv54,1739730586,473026560
vanilla-scaler,vanilla-scaler-7b968db4f-pbv54,1739730886,473116672
vanilla-scaler,vanilla-scaler-7b968db4f-pbv54,1739731186,472989696
vanilla-scaler,vanilla-scaler-7b968db4f-pbv54,1739731486,473100288
vanilla-scaler,vanilla-scaler-7b968db4f-pbv54,1739731786,472993792
vanilla-scaler,vanilla-scaler-7b968db4f-pbv54,1739732086,472997888
vanilla-scaler,vanilla-scaler-7b968db4f-pbv54,1739732386,473067520
vanilla-scaler,vanilla-scaler-7b968db4f-pbv54,1739732686,473075712
vanilla-scaler,vanilla-scaler-7b968db4f-pbv54,1739732986,473108480
vanilla-scaler,vanilla-scaler-7b968db4f-pbv54,1739733286,473251840
vanilla-scaler,vanilla-scaler-7b968db4f-pbv54,1739733586,473350144
vanilla-scaler,vanilla-scaler-7b968db4f-pbv54,1739733886,473194496
vanilla-scaler,vanilla-scaler-7b968db4f-pbv54,1739734186,473227264
vanilla-scaler,vanilla-scaler-7b968db4f-pbv54,1739734486,473362432
vanilla-scaler,vanilla-scaler-7b968db4f-pbv54,1739734786,473378816
vanilla-scaler,vanilla-scaler-7b968db4f-pbv54,1739735086,473358336
vanilla-scaler,vanilla-scaler-7b968db4f-pbv54,1739735386,473358336
vanilla-scaler,vanilla-scaler-7b968db4f-pbv54,1739735686,471461888
vanilla-scaler,vanilla-scaler-7b968db4f-pbv54,1739735986,470872064
vanilla-scaler,vanilla-scaler-7b968db4f-pbv54,1739736286,470872064
vanilla-scaler,vanilla-scaler-7b968db4f-pbv54,1739736586,470872064
vanilla-scaler,vanilla-scaler-7b968db4f-pbv54,1739736886,471187456
vanilla-scaler,vanilla-scaler-7b968db4f-pbv54,1739737186,471019520
vanilla-scaler,vanilla-scaler-7b968db4f-pbv54,1739737486,471027712
vanilla-scaler,vanilla-scaler-7b968db4f-pbv54,1739737786,471064576
vanilla-scaler,vanilla-scaler-7b968db4f-pbv54,1739738086,471072768
vanilla-scaler,vanilla-scaler-7b968db4f-pbv54,1739738386,471072768
vanilla-scaler,vanilla-scaler-7b968db4f-pbv54,1739738686,472973312
vanilla-scaler,vanilla-scaler-7b968db4f-pbv54,1739738986,471343104
vanilla-scaler,vanilla-scaler-7b968db4f-pbv54,1739739286,471310336
vanilla-scaler,vanilla-scaler-7b968db4f-pbv54,1739739586,471388160
vanilla-scaler,vanilla-scaler-7b968db4f-pbv54,1739739886,471261184
vanilla-scaler,vanilla-scaler-7b968db4f-pbv54,1739740186,471265280
vanilla-scaler,vanilla-scaler-7b968db4f-pbv54,1739740486,471322624
vanilla-scaler,vanilla-scaler-7b968db4f-pbv54,1739740786,471425024
vanilla-scaler,vanilla-scaler-7b968db4f-pbv54,1739741086,471162880
vanilla-scaler,vanilla-scaler-7b968db4f-pbv54,1739741386,471162880
vanilla-scaler,vanilla-scaler-7b968db4f-pbv54,1739741686,471404544
vanilla-scaler,vanilla-scaler-7b968db4f-pbv54,1739741986,471257088
vanilla-scaler,vanilla-scaler-7b968db4f-pbv54,1739742286,471339008
vanilla-scaler,vanilla-scaler-7b968db4f-pbv54,1739742586,470908928
vanilla-scaler,vanilla-scaler-7b968db4f-pbv54,1739742886,470913024
vanilla-scaler,vanilla-scaler-7b968db4f-pbv54,1739743186,420356096
vanilla-scaler,vanilla-scaler-7b968db4f-pbv54,1739743486,419983360
vanilla-scaler,vanilla-scaler-7b968db4f-pbv54,1739743786,418275328
vanilla-scaler,vanilla-scaler-7b968db4f-pbv54,1739744086,418476032
vanilla-scaler,vanilla-scaler-7b968db4f-pbv54,1739744386,418594816
vanilla-scaler,vanilla-scaler-7b968db4f-pbv54,1739744686,418426880
vanilla-scaler,vanilla-scaler-7b968db4f-pbv54,1739744986,418484224
vanilla-scaler,vanilla-scaler-7b968db4f-pbv54,1739745286,418652160
vanilla-scaler,vanilla-scaler-7b968db4f-pbv54,1739745586,418512896
vanilla-scaler,vanilla-scaler-7b968db4f-pbv54,1739745886,418689024
vanilla-scaler,vanilla-scaler-7b968db4f-pbv54,1739746186,416104448
vanilla-scaler,vanilla-scaler-7b968db4f-pbv54,1739746486,416104448
vanilla-scaler,vanilla-scaler-7b968db4f-pbv54,1739746786,411959296
vanilla-scaler,vanilla-scaler-7b968db4f-pbv54,1739747086,410685440
vanilla-scaler,vanilla-scaler-7b968db4f-pbv54,1739747386,410886144
vanilla-scaler,vanilla-scaler-7b968db4f-pbv54,1739747686,410865664
vanilla-scaler,vanilla-scaler-7b968db4f-pbv54,1739747986,408748032
vanilla-scaler,vanilla-scaler-7b968db4f-pbv54,1739748286,408727552
vanilla-scaler,vanilla-scaler-7b968db4f-pbv54,1739748586,408727552
vanilla-scaler,vanilla-scaler-7b968db4f-pbv54,1739748886,408727552
vanilla-scaler,vanilla-scaler-7b968db4f-pbv54,1739749186,408727552
vanilla-scaler,vanilla-scaler-7b968db4f-pbv54,1739749486,392368128
vanilla-scaler,vanilla-scaler-7b968db4f-pbv54,1739749786,383094784
vanilla-scaler,vanilla-scaler-7b968db4f-pbv54,1739750086,382906368
vanilla-scaler,vanilla-scaler-7b968db4f-pbv54,1739750386,382709760
vanilla-scaler,vanilla-scaler-7b968db4f-pbv54,1739750686,380354560
vanilla-scaler,vanilla-scaler-7b968db4f-pbv54,1739750986,380354560
vanilla-scaler,vanilla-scaler-7b968db4f-pbv54,1739751286,380379136
vanilla-scaler,vanilla-scaler-7b968db4f-pbv54,1739751586,380383232
vanilla-scaler,vanilla-scaler-7b968db4f-pbv54,1739751886,380383232
vanilla-scaler,vanilla-scaler-7b968db4f-pbv54,1739752186,380424192
vanilla-scaler,vanilla-scaler-7b968db4f-pbv54,1739752486,380424192
vanilla-scaler,vanilla-scaler-7b968db4f-pbv54,1739752786,380428288
vanilla-scaler,vanilla-scaler-7b968db4f-pbv54,1739753086,382181376
vanilla-scaler,vanilla-scaler-7b968db4f-pbv54,1739753386,380665856
vanilla-scaler,vanilla-scaler-7b968db4f-pbv54,1739753686,380579840
vanilla-scaler,vanilla-scaler-7b968db4f-pbv54,1739753986,380579840
vanilla-scaler,vanilla-scaler-7b968db4f-pbv54,1739754286,380641280
vanilla-scaler,vanilla-scaler-7b968db4f-pbv54,1739754586,380538880
vanilla-scaler,vanilla-scaler-7b968db4f-pbv54,1739754886,382816256
vanilla-scaler,vanilla-scaler-7b968db4f-pbv54,1739755186,381190144
vanilla-scaler,vanilla-scaler-7b968db4f-pbv54,1739755486,381198336
vanilla-scaler,vanilla-scaler-7b968db4f-pbv54,1739755786,381026304
vanilla-scaler,vanilla-scaler-7b968db4f-pbv54,1739756086,381046784
vanilla-scaler,vanilla-scaler-7b968db4f-pbv54,1739756386,381054976
vanilla-scaler,vanilla-scaler-7b968db4f-pbv54,1739756686,381132800
vanilla-scaler,vanilla-scaler-7b968db4f-pbv54,1739756986,381206528
vanilla-scaler,vanilla-scaler-7b968db4f-pbv54,1739757286,381210624
vanilla-scaler,vanilla-scaler-7b968db4f-pbv54,1739757586,380428288
vanilla-scaler,vanilla-scaler-7b968db4f-pbv54,1739757886,380428288
vanilla-scaler,vanilla-scaler-7b968db4f-pbv54,1739758186,380428288
vanilla-scaler,vanilla-scaler-7b968db4f-pbv54,1739758486,380444672
vanilla-scaler,vanilla-scaler-7b968db4f-pbv54,1739758786,380489728
vanilla-scaler,vanilla-scaler-7b968db4f-pbv54,1739759086,380502016
vanilla-scaler,vanilla-scaler-7b968db4f-pbv54,1739759386,380510208
vanilla-scaler,vanilla-scaler-7b968db4f-pbv54,1739759686,381419520
vanilla-scaler,vanilla-scaler-7b968db4f-pbv54,1739759986,381005824
vanilla-scaler,vanilla-scaler-7b968db4f-pbv54,1739760286,382320640
vanilla-scaler,vanilla-scaler-7b968db4f-pbv54,1739760586,381112320
vanilla-scaler,vanilla-scaler-7b968db4f-pbv54,1739760886,381042688
vanilla-scaler,vanilla-scaler-7b968db4f-pbv54,1739761186,381042688
vanilla-scaler,vanilla-scaler-7b968db4f-pbv54,1739761486,380833792
vanilla-scaler,vanilla-scaler-7b968db4f-pbv54,1739761786,380833792
vanilla-scaler,vanilla-scaler-7b968db4f-pbv54,1739762086,380948480
vanilla-scaler,vanilla-scaler-7b968db4f-pbv54,1739762386,381444096
vanilla-scaler,vanilla-scaler-7b968db4f-pbv54,1739762686,381648896
vanilla-scaler,vanilla-scaler-7b968db4f-pbv54,1739762986,381190144
vanilla-scaler,vanilla-scaler-7b968db4f-pbv54,1739763286,381247488
vanilla-scaler,vanilla-scaler-7b968db4f-pbv54,1739763586,381267968
vanilla-scaler,vanilla-scaler-7b968db4f-pbv54,1739763886,381280256
vanilla-scaler,vanilla-scaler-7b968db4f-pbv54,1739764186,382332928
vanilla-scaler,vanilla-scaler-7b968db4f-pbv54,1739764486,381214720
vanilla-scaler,vanilla-scaler-7b968db4f-pbv54,1739764786,381317120
vanilla-scaler,vanilla-scaler-7b968db4f-pbv54,1739765086,381091840
vanilla-scaler,vanilla-scaler-7b968db4f-pbv54,1739765386,381091840
vanilla-scaler,vanilla-scaler-7b968db4f-pbv54,1739765686,380510208
vanilla-scaler,vanilla-scaler-7b968db4f-pbv54,1739765986,380510208
vanilla-scaler,vanilla-scaler-7b968db4f-pbv54,1739766286,380669952
vanilla-scaler,vanilla-scaler-7b968db4f-pbv54,1739766586,380719104
vanilla-scaler,vanilla-scaler-7b968db4f-pbv54,1739766886,380510208
vanilla-scaler,vanilla-scaler-7b968db4f-pbv54,1739767186,379281408
vanilla-scaler,vanilla-scaler-7b968db4f-pbv54,1739767486,379326464
vanilla-scaler,vanilla-scaler-7b968db4f-pbv54,1739767786,379539456
vanilla-scaler,vanilla-scaler-7b968db4f-pbv54,1739768086,379555840
vanilla-scaler,vanilla-scaler-7b968db4f-pbv54,1739768386,372498432
vanilla-scaler,vanilla-scaler-7b968db4f-pbv54,1739768686,343261184
vanilla-scaler,vanilla-scaler-7b968db4f-pbv54,1739768986,343289856
vanilla-scaler,vanilla-scaler-7b968db4f-pbv54,1739769286,344064000
vanilla-scaler,vanilla-scaler-7b968db4f-pbv54,1739769586,343490560
vanilla-scaler,vanilla-scaler-7b968db4f-pbv54,1739769886,343330816
vanilla-scaler,vanilla-scaler-7b968db4f-pbv54,1739770186,343334912
vanilla-scaler,vanilla-scaler-7b968db4f-pbv54,1739770486,343334912
vanilla-scaler,vanilla-scaler-7b968db4f-pbv54,1739770786,343334912
vanilla-scaler,vanilla-scaler-7b968db4f-pbv54,1739771086,343416832
vanilla-scaler,vanilla-scaler-7b968db4f-pbv54,1739771386,343351296
vanilla-scaler,vanilla-scaler-7b968db4f-pbv54,1739771686,343351296
vanilla-scaler,vanilla-scaler-7b968db4f-pbv54,1739771986,338415616
vanilla-scaler,vanilla-scaler-7b968db4f-pbv54,1739772286,338001920
vanilla-scaler,vanilla-scaler-7b968db4f-pbv54,1739772586,339128320
vanilla-scaler,vanilla-scaler-7b968db4f-pbv54,1739772886,337403904
vanilla-scaler,vanilla-scaler-7b968db4f-pbv54,1739773186,337293312
vanilla-scaler,vanilla-scaler-7b968db4f-pbv54,1739773486,337293312
vanilla-scaler,vanilla-scaler-7b968db4f-pbv54,1739773786,337293312
vanilla-scaler,vanilla-scaler-7b968db4f-pbv54,1739774086,337231872
vanilla-scaler,vanilla-scaler-7b968db4f-pbv54,1739774386,337231872
vanilla-scaler,vanilla-scaler-7b968db4f-pbv54,1739774686,278683648
vanilla-scaler,vanilla-scaler-7b968db4f-pbv54,1739774986,278802432
vanilla-scaler,vanilla-scaler-7b968db4f-pbv54,1739775286,278839296
vanilla-scaler,vanilla-scaler-7b968db4f-pbv54,1739775586,278732800
vanilla-scaler,vanilla-scaler-7b968db4f-pbv54,1739775886,278831104
vanilla-scaler,vanilla-scaler-7b968db4f-pbv54,1739776186,280838144
vanilla-scaler,vanilla-scaler-7b968db4f-pbv54,1739776486,279519232
vanilla-scaler,vanilla-scaler-7b968db4f-pbv54,1739776786,279236608
vanilla-scaler,vanilla-scaler-7b968db4f-pbv54,1739777086,279330816
vanilla-scaler,vanilla-scaler-7b968db4f-pbv54,1739777386,277135360
vanilla-scaler,vanilla-scaler-7b968db4f-pbv54,1739777686,277139456
vanilla-scaler,vanilla-scaler-7b968db4f-pbv54,1739777986,277000192
vanilla-scaler,vanilla-scaler-7b968db4f-pbv54,1739778286,277069824
vanilla-scaler,vanilla-scaler-7b968db4f-pbv54,1739778586,277106688
vanilla-scaler,vanilla-scaler-7b968db4f-pbv54,1739778886,277196800
vanilla-scaler,vanilla-scaler-7b968db4f-pbv54,1739779186,277049344
vanilla-scaler,vanilla-scaler-7b968db4f-pbv54,1739779486,277049344
vanilla-scaler,vanilla-scaler-7b968db4f-pbv54,1739779786,279035904
vanilla-scaler,vanilla-scaler-7b968db4f-pbv54,1739780086,277004288
vanilla-scaler,vanilla-scaler-7b968db4f-pbv54,1739780386,277057536
vanilla-scaler,vanilla-scaler-7b968db4f-pbv54,1739780686,277024768
vanilla-scaler,vanilla-scaler-7b968db4f-pbv54,1739780986,277028864
vanilla-scaler,vanilla-scaler-7b968db4f-pbv54,1739781286,277028864
vanilla-scaler,vanilla-scaler-7b968db4f-pbv54,1739781586,277147648
vanilla-scaler,vanilla-scaler-7b968db4f-pbv54,1739781886,277336064
vanilla-scaler,vanilla-scaler-7b968db4f-pbv54,1739782186,277032960
vanilla-scaler,vanilla-scaler-7b968db4f-pbv54,1739782486,277155840
vanilla-scaler,vanilla-scaler-7b968db4f-pbv54,1739782786,277155840
vanilla-scaler,vanilla-scaler-7b968db4f-pbv54,1739783086,277155840
vanilla-scaler,vanilla-scaler-7b968db4f-pbv54,1739783386,278876160
vanilla-scaler,vanilla-scaler-7b968db4f-pbv54,1739783686,276545536
vanilla-scaler,vanilla-scaler-7b968db4f-pbv54,1739783986,276611072
vanilla-scaler,vanilla-scaler-7b968db4f-pbv54,1739784286,276631552
vanilla-scaler,vanilla-scaler-7b968db4f-pbv54,1739784586,276631552
vanilla-scaler,vanilla-scaler-7b968db4f-pbv54,1739784886,276938752
vanilla-scaler,vanilla-scaler-7b968db4f-pbv54,1739785186,278040576
vanilla-scaler,vanilla-scaler-7b968db4f-pbv54,1739785486,275652608
vanilla-scaler,vanilla-scaler-7b968db4f-pbv54,1739785786,275185664
vanilla-scaler,vanilla-scaler-7b968db4f-pbv54,1739786086,275185664
vanilla-scaler,vanilla-scaler-7b968db4f-pbv54,1739786386,275185664
vanilla-scaler,vanilla-scaler-7b968db4f-pbv54,1739786686,275189760
vanilla-scaler,vanilla-scaler-7b968db4f-pbv54,1739786986,275259392
vanilla-scaler,vanilla-scaler-7b968db4f-pbv54,1739787286,275210240
vanilla-scaler,vanilla-scaler-7b968db4f-pbv54,1739787586,275210240
vanilla-scaler,vanilla-scaler-7b968db4f-pbv54,1739787886,275247104
vanilla-scaler,vanilla-scaler-7b968db4f-pbv54,1739788186,275296256
vanilla-scaler,vanilla-scaler-7b968db4f-pbv54,1739788486,275349504
vanilla-scaler,vanilla-scaler-7b968db4f-pbv54,1739788786,275128320
vanilla-scaler,vanilla-scaler-7b968db4f-pbv54,1739789086,275296256
vanilla-scaler,vanilla-scaler-7b968db4f-pbv54,1739789386,275025920
vanilla-scaler,vanilla-scaler-7b968db4f-pbv54,1739789686,275042304
vanilla-scaler,vanilla-scaler-7b968db4f-pbv54,1739789986,275042304
vanilla-scaler,vanilla-scaler-7b968db4f-pbv54,1739790286,276602880
vanilla-scaler,vanilla-scaler-7b968db4f-pbv54,1739790586,274804736
vanilla-scaler,vanilla-scaler-7b968db4f-pbv54,1739790886,274563072
vanilla-scaler,vanilla-scaler-7b968db4f-pbv54,1739791186,274571264
vanilla-scaler,vanilla-scaler-7b968db4f-pbv54,1739791486,274628608
vanilla-scaler,vanilla-scaler-7b968db4f-pbv54,1739791786,274452480
vanilla-scaler,vanilla-scaler-7b968db4f-pbv54,1739792086,274452480
vanilla-scaler,vanilla-scaler-7b968db4f-pbv54,1739792386,275255296
vanilla-scaler,vanilla-scaler-7b968db4f-pbv54,1739792686,274472960
vanilla-scaler,vanilla-scaler-7b968db4f-pbv54,1739792986,274759680
vanilla-scaler,vanilla-scaler-7b968db4f-pbv54,1739793286,274546688
vanilla-scaler,vanilla-scaler-7b968db4f-pbv54,1739793586,274546688
vanilla-scaler,vanilla-scaler-7b968db4f-pbv54,1739793886,274612224
vanilla-scaler,vanilla-scaler-7b968db4f-pbv54,1739794186,274714624
vanilla-scaler,vanilla-scaler-7b968db4f-pbv54,1739794486,274952192
vanilla-scaler,vanilla-scaler-7b968db4f-pbv54,1739794786,275030016
vanilla-scaler,vanilla-scaler-7b968db4f-pbv54,1739795086,274890752
vanilla-scaler,vanilla-scaler-7b968db4f-pbv54,1739795386,274006016
vanilla-scaler,vanilla-scaler-7b968db4f-pbv54,1739795686,274006016
vanilla-scaler,vanilla-scaler-7b968db4f-pbv54,1739795986,274030592
vanilla-scaler,vanilla-scaler-7b968db4f-pbv54,1739796286,274120704
vanilla-scaler,vanilla-scaler-7b968db4f-pbv54,1739796586,274313216
vanilla-scaler,vanilla-scaler-7b968db4f-pbv54,1739796886,250560512
vanilla-scaler,vanilla-scaler-7b968db4f-pbv54,1739797186,250601472
vanilla-scaler,vanilla-scaler-7b968db4f-pbv54,1739797486,250650624
vanilla-scaler,vanilla-scaler-7b968db4f-pbv54,1739797786,252403712
vanilla-scaler,vanilla-scaler-7b968db4f-pbv54,1739798086,251252736
vanilla-scaler,vanilla-scaler-7b968db4f-pbv54,1739798386,251285504
vanilla-scaler,vanilla-scaler-7b968db4f-pbv54,1739798686,251101184
vanilla-scaler,vanilla-scaler-7b968db4f-pbv54,1739798986,251105280
vanilla-scaler,vanilla-scaler-7b968db4f-pbv54,1739799286,250859520
vanilla-scaler,vanilla-scaler-7b968db4f-pbv54,1739799586,252641280
vanilla-scaler,vanilla-scaler-7b968db4f-pbv54,1739799886,251203584
vanilla-scaler,vanilla-scaler-7b968db4f-pbv54,1739800186,251011072
vanilla-scaler,vanilla-scaler-7b968db4f-pbv54,1739800486,251035648
vanilla-scaler,vanilla-scaler-7b968db4f-pbv54,1739800786,251035648
vanilla-scaler,vanilla-scaler-7b968db4f-pbv54,1739801086,251080704
vanilla-scaler,vanilla-scaler-7b968db4f-pbv54,1739801386,252981248
vanilla-scaler,vanilla-scaler-7b968db4f-pbv54,1739801686,250851328
vanilla-scaler,vanilla-scaler-7b968db4f-pbv54,1739801986,251121664
vanilla-scaler,vanilla-scaler-7b968db4f-pbv54,1739802286,251183104
vanilla-scaler,vanilla-scaler-7b968db4f-pbv54,1739802586,251035648
vanilla-scaler,vanilla-scaler-7b968db4f-pbv54,1739802886,254865408
vanilla-scaler,vanilla-scaler-7b968db4f-pbv54,1739803186,253706240
vanilla-scaler,vanilla-scaler-7b968db4f-pbv54,1739803486,251961344
vanilla-scaler,vanilla-scaler-7b968db4f-pbv54,1739803786,251961344
vanilla-scaler,vanilla-scaler-7b968db4f-pbv54,1739804086,251961344
vanilla-scaler,vanilla-scaler-7b968db4f-pbv54,1739804386,251764736
vanilla-scaler,vanilla-scaler-7b968db4f-pbv54,1739804686,251760640
vanilla-scaler,vanilla-scaler-7b968db4f-pbv54,1739804986,251760640
vanilla-scaler,vanilla-scaler-7b968db4f-pbv54,1739805286,251822080
vanilla-scaler,vanilla-scaler-7b968db4f-pbv54,1739805586,251834368
vanilla-scaler,vanilla-scaler-7b968db4f-pbv54,1739805886,251842560
vanilla-scaler,vanilla-scaler-7b968db4f-pbv54,1739806186,251842560
vanilla-scaler,vanilla-scaler-7b968db4f-pbv54,1739806486,251645952
vanilla-scaler,vanilla-scaler-7b968db4f-pbv54,1739806786,251670528
vanilla-scaler,vanilla-scaler-7b968db4f-pbv54,1739807086,253485056
vanilla-scaler,vanilla-scaler-7b968db4f-pbv54,1739807386,251830272
vanilla-scaler,vanilla-scaler-7b968db4f-pbv54,1739807686,250855424
vanilla-scaler,vanilla-scaler-7b968db4f-pbv54,1739807986,250855424
vanilla-scaler,vanilla-scaler-7b968db4f-pbv54,1739808286,250970112
vanilla-scaler,vanilla-scaler-7b968db4f-pbv54,1739808586,250855424
vanilla-scaler,vanilla-scaler-7b968db4f-pbv54,1739808886,251109376
vanilla-scaler,vanilla-scaler-7b968db4f-pbv54,1739809186,250880000
vanilla-scaler,vanilla-scaler-7b968db4f-pbv54,1739809486,250961920
vanilla-scaler,vanilla-scaler-7b968db4f-pbv54,1739809786,251043840
vanilla-scaler,vanilla-scaler-7b968db4f-pbv54,1739810086,251097088
vanilla-scaler,vanilla-scaler-7b968db4f-pbv54,1739810386,251097088
vanilla-scaler,vanilla-scaler-7b968db4f-pbv54,1739810686,251097088
vanilla-scaler,vanilla-scaler-7b968db4f-pbv54,1739810986,251084800
vanilla-scaler,vanilla-scaler-7b968db4f-pbv54,1739811286,251269120
vanilla-scaler,vanilla-scaler-7b968db4f-pbv54,1739811586,251318272
vanilla-scaler,vanilla-scaler-7b968db4f-pbv54,1739811886,251109376
vanilla-scaler,vanilla-scaler-7b968db4f-pbv54,1739812186,251117568
vanilla-scaler,vanilla-scaler-7b968db4f-pbv54,1739812486,252891136
vanilla-scaler,vanilla-scaler-7b968db4f-pbv54,1739812786,251113472
vanilla-scaler,vanilla-scaler-7b968db4f-pbv54,1739813086,251129856
vanilla-scaler,vanilla-scaler-7b968db4f-pbv54,1739813386,251166720
vanilla-scaler,vanilla-scaler-7b968db4f-pbv54,1739813686,251277312
vanilla-scaler,vanilla-scaler-7b968db4f-pbv54,1739813986,251301888
vanilla-scaler,vanilla-scaler-7b968db4f-pbv54,1739814286,253116416
vanilla-scaler,vanilla-scaler-7b968db4f-pbv54,1739814586,251400192
vanilla-scaler,vanilla-scaler-7b968db4f-pbv54,1739814886,251400192
vanilla-scaler,vanilla-scaler-7b968db4f-pbv54,1739815186,251400192
vanilla-scaler,vanilla-scaler-7b968db4f-pbv54,1739815486,251215872
vanilla-scaler,vanilla-scaler-7b968db4f-pbv54,1739815786,251334656
vanilla-scaler,vanilla-scaler-7b968db4f-pbv54,1739816086,251408384
vanilla-scaler,vanilla-scaler-7b968db4f-pbv54,1739816386,251293696
vanilla-scaler,vanilla-scaler-7b968db4f-pbv54,1739816686,251420672
vanilla-scaler,vanilla-scaler-7b968db4f-pbv54,1739816986,251461632
vanilla-scaler,vanilla-scaler-7b968db4f-pbv54,1739817286,251650048
vanilla-scaler,vanilla-scaler-7b968db4f-pbv54,1739817586,251449344
vanilla-scaler,vanilla-scaler-7b968db4f-pbv54,1739817886,251453440
vanilla-scaler,vanilla-scaler-7b968db4f-pbv54,1739818186,251813888
vanilla-scaler,vanilla-scaler-7b968db4f-pbv54,1739818486,251686912
vanilla-scaler,vanilla-scaler-7b968db4f-pbv54,1739818786,251686912
vanilla-scaler,vanilla-scaler-7b968db4f-pbv54,1739819086,251752448
vanilla-scaler,vanilla-scaler-7b968db4f-pbv54,1739819386,251498496
vanilla-scaler,vanilla-scaler-7b968db4f-pbv54,1739819686,251564032
vanilla-scaler,vanilla-scaler-7b968db4f-pbv54,1739819986,252092416
vanilla-scaler,vanilla-scaler-7b968db4f-pbv54,1739820286,250867712
vanilla-scaler,vanilla-scaler-7b968db4f-pbv54,1739820586,250867712
vanilla-scaler,vanilla-scaler-7b968db4f-pbv54,1739820886,250892288
vanilla-scaler,vanilla-scaler-7b968db4f-pbv54,1739821186,250892288
vanilla-scaler,vanilla-scaler-7b968db4f-pbv54,1739821486,250892288
vanilla-scaler,vanilla-scaler-7b968db4f-pbv54,1739821786,250892288
vanilla-scaler,vanilla-scaler-7b968db4f-pbv54,1739822086,251047936
vanilla-scaler,vanilla-scaler-7b968db4f-pbv54,1739822386,251039744
vanilla-scaler,vanilla-scaler-7b968db4f-pbv54,1739822686,251260928
vanilla-scaler,vanilla-scaler-7b968db4f-pbv54,1739822986,251146240
vanilla-scaler,vanilla-scaler-7b968db4f-pbv54,1739823286,251146240
vanilla-scaler,vanilla-scaler-7b968db4f-pbv54,1739823586,251146240
vanilla-scaler,vanilla-scaler-7b968db4f-pbv54,1739823886,252616704
vanilla-scaler,vanilla-scaler-7b968db4f-pbv54,1739824186,251228160
vanilla-scaler,vanilla-scaler-7b968db4f-pbv54,1739824486,251039744
vanilla-scaler,vanilla-scaler-7b968db4f-pbv54,1739824786,251039744
vanilla-scaler,vanilla-scaler-7b968db4f-pbv54,1739825086,251150336
vanilla-scaler,vanilla-scaler-7b968db4f-pbv54,1739825386,251150336
vanilla-scaler,vanilla-scaler-7b968db4f-pbv54,1739825686,251166720
vanilla-scaler,vanilla-scaler-7b968db4f-pbv54,1739825986,251174912
vanilla-scaler,vanilla-scaler-7b968db4f-pbv54,1739826286,251056128
vanilla-scaler,vanilla-scaler-7b968db4f-pbv54,1739826586,251056128
vanilla-scaler,vanilla-scaler-7b968db4f-pbv54,1739826886,244371456
vanilla-scaler,vanilla-scaler-7b968db4f-pbv54,1739827186,244375552
vanilla-scaler,vanilla-scaler-7b968db4f-pbv54,1739827486,246411264
vanilla-scaler,vanilla-scaler-7b968db4f-pbv54,1739827786,244592640
vanilla-scaler,vanilla-scaler-7b968db4f-pbv54,1739828086,244592640
vanilla-scaler,vanilla-scaler-7b968db4f-pbv54,1739828386,244404224
vanilla-scaler,vanilla-scaler-7b968db4f-pbv54,1739828686,246775808
vanilla-scaler,vanilla-scaler-7b968db4f-pbv54,1739828986,246779904
vanilla-scaler,vanilla-scaler-7b968db4f-pbv54,1739829286,246775808
vanilla-scaler,vanilla-scaler-7b968db4f-pbv54,1739829586,246775808
vanilla-scaler,vanilla-scaler-7b968db4f-pbv54,1739829886,246951936
vanilla-scaler,vanilla-scaler-7b968db4f-pbv54,1739830186,246951936
vanilla-scaler,vanilla-scaler-7b968db4f-pbv54,1739830486,246968320
vanilla-scaler,vanilla-scaler-7b968db4f-pbv54,1739830786,248291328
vanilla-scaler,vanilla-scaler-7b968db4f-pbv54,1739831086,247201792
vanilla-scaler,vanilla-scaler-7b968db4f-pbv54,1739831386,247169024
adservice,adservice-55968cd5dc-zqdck,1739226586,309723136
adservice,adservice-55968cd5dc-zqdck,1739226886,310640640
adservice,adservice-55968cd5dc-zqdck,1739227186,310894592
adservice,adservice-55968cd5dc-zqdck,1739227486,311074816
adservice,adservice-55968cd5dc-zqdck,1739227786,311132160
adservice,adservice-55968cd5dc-zqdck,1739228086,311406592
adservice,adservice-55968cd5dc-zqdck,1739228386,311259136
adservice,adservice-55968cd5dc-zqdck,1739228686,311779328
adservice,adservice-55968cd5dc-zqdck,1739228986,311676928
adservice,adservice-55968cd5dc-zqdck,1739229286,311418880
adservice,adservice-55968cd5dc-zqdck,1739229586,311955456
adservice,adservice-55968cd5dc-zqdck,1739229886,311832576
adservice,adservice-55968cd5dc-zqdck,1739230186,312385536
adservice,adservice-55968cd5dc-zqdck,1739230486,312610816
adservice,adservice-55968cd5dc-zqdck,1739230786,312496128
adservice,adservice-55968cd5dc-zqdck,1739231086,315969536
adservice,adservice-55968cd5dc-zqdck,1739231386,314744832
adservice,adservice-55968cd5dc-zqdck,1739231686,314789888
adservice,adservice-55968cd5dc-zqdck,1739231986,314634240
adservice,adservice-55968cd5dc-zqdck,1739232286,315088896
adservice,adservice-55968cd5dc-zqdck,1739232586,314638336
adservice,adservice-55968cd5dc-zqdck,1739232886,315023360
adservice,adservice-55968cd5dc-zqdck,1739233186,315068416
adservice,adservice-55968cd5dc-zqdck,1739233486,315527168
adservice,adservice-55968cd5dc-zqdck,1739233786,315240448
adservice,adservice-55968cd5dc-zqdck,1739234086,315502592
adservice,adservice-55968cd5dc-zqdck,1739234386,315211776
adservice,adservice-55968cd5dc-zqdck,1739234686,316030976
adservice,adservice-55968cd5dc-zqdck,1739234986,315117568
adservice,adservice-55968cd5dc-zqdck,1739235286,315379712
adservice,adservice-55968cd5dc-zqdck,1739235586,315846656
adservice,adservice-55968cd5dc-zqdck,1739235886,315539456
adservice,adservice-55968cd5dc-zqdck,1739236186,315596800
adservice,adservice-55968cd5dc-zqdck,1739236486,315969536
adservice,adservice-55968cd5dc-zqdck,1739236786,317624320
adservice,adservice-55968cd5dc-zqdck,1739237086,317661184
adservice,adservice-55968cd5dc-zqdck,1739237386,318193664
adservice,adservice-55968cd5dc-zqdck,1739237686,333864960
adservice,adservice-55968cd5dc-zqdck,1739237986,317132800
adservice,adservice-55968cd5dc-zqdck,1739238286,317239296
adservice,adservice-55968cd5dc-zqdck,1739238586,317194240
adservice,adservice-55968cd5dc-zqdck,1739238886,318226432
adservice,adservice-55968cd5dc-zqdck,1739239186,318799872
adservice,adservice-55968cd5dc-zqdck,1739239486,318595072
adservice,adservice-55968cd5dc-zqdck,1739239786,319901696
adservice,adservice-55968cd5dc-zqdck,1739240086,318676992
adservice,adservice-55968cd5dc-zqdck,1739240386,319266816
adservice,adservice-55968cd5dc-zqdck,1739240686,318423040
adservice,adservice-55968cd5dc-zqdck,1739240986,318304256
adservice,adservice-55968cd5dc-zqdck,1739241286,318734336
adservice,adservice-55968cd5dc-zqdck,1739241586,318947328
adservice,adservice-55968cd5dc-zqdck,1739241886,318742528
adservice,adservice-55968cd5dc-zqdck,1739242186,318455808
adservice,adservice-55968cd5dc-zqdck,1739242486,318275584
adservice,adservice-55968cd5dc-zqdck,1739242786,318488576
adservice,adservice-55968cd5dc-zqdck,1739243086,318439424
adservice,adservice-55968cd5dc-zqdck,1739243386,318345216
adservice,adservice-55968cd5dc-zqdck,1739243686,318324736
adservice,adservice-55968cd5dc-zqdck,1739243986,319676416
adservice,adservice-55968cd5dc-zqdck,1739244286,319123456
adservice,adservice-55968cd5dc-zqdck,1739244586,318824448
adservice,adservice-55968cd5dc-zqdck,1739244886,319041536
adservice,adservice-55968cd5dc-zqdck,1739245186,321282048
adservice,adservice-55968cd5dc-zqdck,1739245486,331956224
adservice,adservice-55968cd5dc-zqdck,1739245786,345509888
adservice,adservice-55968cd5dc-zqdck,1739246086,355782656
adservice,adservice-55968cd5dc-zqdck,1739246386,303112192
adservice,adservice-55968cd5dc-zqdck,1739246686,305692672
adservice,adservice-55968cd5dc-zqdck,1739246986,308473856
adservice,adservice-55968cd5dc-zqdck,1739247286,308846592
adservice,adservice-55968cd5dc-zqdck,1739247586,308813824
adservice,adservice-55968cd5dc-zqdck,1739247886,309551104
adservice,adservice-55968cd5dc-zqdck,1739248186,311799808
adservice,adservice-55968cd5dc-zqdck,1739248486,311115776
adservice,adservice-55968cd5dc-zqdck,1739248786,311439360
adservice,adservice-55968cd5dc-zqdck,1739249086,311975936
adservice,adservice-55968cd5dc-zqdck,1739249386,313548800
adservice,adservice-55968cd5dc-zqdck,1739249686,312422400
adservice,adservice-55968cd5dc-zqdck,1739249986,312655872
adservice,adservice-55968cd5dc-zqdck,1739250286,313270272
adservice,adservice-55968cd5dc-zqdck,1739250586,313368576
adservice,adservice-55968cd5dc-zqdck,1739250886,314105856
adservice,adservice-55968cd5dc-zqdck,1739251186,313335808
adservice,adservice-55968cd5dc-zqdck,1739251486,314896384
adservice,adservice-55968cd5dc-zqdck,1739251786,313393152
adservice,adservice-55968cd5dc-zqdck,1739252086,314691584
adservice,adservice-55968cd5dc-zqdck,1739252386,313864192
adservice,adservice-55968cd5dc-zqdck,1739252686,314376192
adservice,adservice-55968cd5dc-zqdck,1739252986,318976000
adservice,adservice-55968cd5dc-zqdck,1739253286,340398080
adservice,adservice-55968cd5dc-zqdck,1739253586,276754432
adservice,adservice-55968cd5dc-zqdck,1739253886,310525952
adservice,adservice-55968cd5dc-zqdck,1739254186,311103488
adservice,adservice-55968cd5dc-zqdck,1739254486,311746560
adservice,adservice-55968cd5dc-zqdck,1739254786,312614912
adservice,adservice-55968cd5dc-zqdck,1739255086,310706176
adservice,adservice-55968cd5dc-zqdck,1739255386,311148544
adservice,adservice-55968cd5dc-zqdck,1739255686,311656448
adservice,adservice-55968cd5dc-zqdck,1739255986,311410688
adservice,adservice-55968cd5dc-zqdck,1739256286,311513088
adservice,adservice-55968cd5dc-zqdck,1739256586,324497408
adservice,adservice-55968cd5dc-zqdck,1739256886,314470400
adservice,adservice-55968cd5dc-zqdck,1739257186,314331136
adservice,adservice-55968cd5dc-zqdck,1739257486,312692736
adservice,adservice-55968cd5dc-zqdck,1739257786,314724352
adservice,adservice-55968cd5dc-zqdck,1739258086,312852480
adservice,adservice-55968cd5dc-zqdck,1739258386,312700928
adservice,adservice-55968cd5dc-zqdck,1739258686,312844288
adservice,adservice-55968cd5dc-zqdck,1739258986,312930304
adservice,adservice-55968cd5dc-zqdck,1739259286,317952000
adservice,adservice-55968cd5dc-zqdck,1739259586,321228800
adservice,adservice-55968cd5dc-zqdck,1739259886,321531904
adservice,adservice-55968cd5dc-zqdck,1739260186,328175616
adservice,adservice-55968cd5dc-zqdck,1739260486,327696384
adservice,adservice-55968cd5dc-zqdck,1739260786,327983104
adservice,adservice-55968cd5dc-zqdck,1739261086,342876160
adservice,adservice-55968cd5dc-zqdck,1739261386,313184256
adservice,adservice-55968cd5dc-zqdck,1739261686,316276736
adservice,adservice-55968cd5dc-zqdck,1739261986,316694528
adservice,adservice-55968cd5dc-zqdck,1739262286,322887680
adservice,adservice-55968cd5dc-zqdck,1739262586,361029632
adservice,adservice-55968cd5dc-zqdck,1739262886,316092416
adservice,adservice-55968cd5dc-zqdck,1739263186,316030976
adservice,adservice-55968cd5dc-zqdck,1739263486,314499072
adservice,adservice-55968cd5dc-zqdck,1739263786,314187776
adservice,adservice-55968cd5dc-zqdck,1739264086,315957248
adservice,adservice-55968cd5dc-zqdck,1739264386,314834944
adservice,adservice-55968cd5dc-zqdck,1739264686,316997632
adservice,adservice-55968cd5dc-zqdck,1739264986,317624320
adservice,adservice-55968cd5dc-zqdck,1739265286,337506304
adservice,adservice-55968cd5dc-zqdck,1739265586,259284992
adservice,adservice-55968cd5dc-zqdck,1739265886,316948480
adservice,adservice-55968cd5dc-zqdck,1739266186,316727296
adservice,adservice-55968cd5dc-zqdck,1739266486,318611456
adservice,adservice-55968cd5dc-zqdck,1739266786,321089536
adservice,adservice-55968cd5dc-zqdck,1739267086,321110016
adservice,adservice-55968cd5dc-zqdck,1739267386,321298432
adservice,adservice-55968cd5dc-zqdck,1739267686,323530752
adservice,adservice-55968cd5dc-zqdck,1739267986,324145152
adservice,adservice-55968cd5dc-zqdck,1739268286,324399104
adservice,adservice-55968cd5dc-zqdck,1739268586,325775360
adservice,adservice-55968cd5dc-zqdck,1739268886,325853184
adservice,adservice-55968cd5dc-zqdck,1739269186,326078464
adservice,adservice-55968cd5dc-zqdck,1739269486,326340608
adservice,adservice-55968cd5dc-zqdck,1739269786,351268864
adservice,adservice-55968cd5dc-zqdck,1739270086,218091520
adservice,adservice-55968cd5dc-zqdck,1739270386,316407808
adservice,adservice-55968cd5dc-zqdck,1739270686,319270912
adservice,adservice-55968cd5dc-zqdck,1739270986,317947904
adservice,adservice-55968cd5dc-zqdck,1739271286,316133376
adservice,adservice-55968cd5dc-zqdck,1739271586,316678144
adservice,adservice-55968cd5dc-zqdck,1739271886,316272640
adservice,adservice-55968cd5dc-zqdck,1739272186,316755968
adservice,adservice-55968cd5dc-zqdck,1739272486,319037440
adservice,adservice-55968cd5dc-zqdck,1739272786,327868416
adservice,adservice-55968cd5dc-zqdck,1739273086,331878400
adservice,adservice-55968cd5dc-zqdck,1739273386,342208512
adservice,adservice-55968cd5dc-zqdck,1739273686,343379968
adservice,adservice-55968cd5dc-zqdck,1739273986,343695360
adservice,adservice-55968cd5dc-zqdck,1739274286,349437952
adservice,adservice-55968cd5dc-zqdck,1739274586,319684608
adservice,adservice-55968cd5dc-zqdck,1739274886,311369728
adservice,adservice-55968cd5dc-zqdck,1739275186,313851904
adservice,adservice-55968cd5dc-zqdck,1739275486,312303616
adservice,adservice-55968cd5dc-zqdck,1739275786,312696832
adservice,adservice-55968cd5dc-zqdck,1739276086,313118720
adservice,adservice-55968cd5dc-zqdck,1739276386,314941440
adservice,adservice-55968cd5dc-zqdck,1739276686,315228160
adservice,adservice-55968cd5dc-zqdck,1739276986,315355136
adservice,adservice-55968cd5dc-zqdck,1739277286,316174336
adservice,adservice-55968cd5dc-zqdck,1739277586,316481536
adservice,adservice-55968cd5dc-zqdck,1739277886,316981248
adservice,adservice-55968cd5dc-zqdck,1739278186,319291392
adservice,adservice-55968cd5dc-zqdck,1739278486,317681664
adservice,adservice-55968cd5dc-zqdck,1739278786,317743104
adservice,adservice-55968cd5dc-zqdck,1739279086,317648896
adservice,adservice-55968cd5dc-zqdck,1739279386,320323584
adservice,adservice-55968cd5dc-zqdck,1739279686,320864256
adservice,adservice-55968cd5dc-zqdck,1739279986,327917568
adservice,adservice-55968cd5dc-zqdck,1739280286,324460544
adservice,adservice-55968cd5dc-zqdck,1739280586,326787072
adservice,adservice-55968cd5dc-zqdck,1739280886,326717440
adservice,adservice-55968cd5dc-zqdck,1739281186,327000064
adservice,adservice-55968cd5dc-zqdck,1739281486,326733824
adservice,adservice-55968cd5dc-zqdck,1739281786,330194944
adservice,adservice-55968cd5dc-zqdck,1739282086,328990720
adservice,adservice-55968cd5dc-zqdck,1739282386,329465856
adservice,adservice-55968cd5dc-zqdck,1739282686,331075584
adservice,adservice-55968cd5dc-zqdck,1739282986,335953920
adservice,adservice-55968cd5dc-zqdck,1739283286,335908864
adservice,adservice-55968cd5dc-zqdck,1739283586,340959232
adservice,adservice-55968cd5dc-zqdck,1739283886,338120704
adservice,adservice-55968cd5dc-zqdck,1739284186,343158784
adservice,adservice-55968cd5dc-zqdck,1739284486,345010176
adservice,adservice-55968cd5dc-zqdck,1739284786,344956928
adservice,adservice-55968cd5dc-zqdck,1739285086,349679616
adservice,adservice-55968cd5dc-zqdck,1739285386,352964608
adservice,adservice-55968cd5dc-zqdck,1739285686,350498816
adservice,adservice-55968cd5dc-zqdck,1739285986,352268288
adservice,adservice-55968cd5dc-zqdck,1739286286,352780288
adservice,adservice-55968cd5dc-zqdck,1739286586,356278272
adservice,adservice-55968cd5dc-zqdck,1739286886,358195200
adservice,adservice-55968cd5dc-zqdck,1739287186,357457920
adservice,adservice-55968cd5dc-zqdck,1739287486,240656384
adservice,adservice-55968cd5dc-zqdck,1739287786,302440448
adservice,adservice-55968cd5dc-zqdck,1739288086,302862336
adservice,adservice-55968cd5dc-zqdck,1739288386,345341952
adservice,adservice-55968cd5dc-zqdck,1739288686,344924160
adservice,adservice-55968cd5dc-zqdck,1739288986,345051136
adservice,adservice-55968cd5dc-zqdck,1739289286,345980928
adservice,adservice-55968cd5dc-zqdck,1739289586,345477120
adservice,adservice-55968cd5dc-zqdck,1739289886,346488832
adservice,adservice-55968cd5dc-zqdck,1739290186,347779072
adservice,adservice-55968cd5dc-zqdck,1739290486,347369472
adservice,adservice-55968cd5dc-zqdck,1739290786,350412800
adservice,adservice-55968cd5dc-zqdck,1739291086,353984512
adservice,adservice-55968cd5dc-zqdck,1739291386,353918976
adservice,adservice-55968cd5dc-zqdck,1739291686,353931264
adservice,adservice-55968cd5dc-zqdck,1739291986,354123776
adservice,adservice-55968cd5dc-zqdck,1739292286,354136064
adservice,adservice-55968cd5dc-zqdck,1739292586,354381824
adservice,adservice-55968cd5dc-zqdck,1739292886,354922496
adservice,adservice-55968cd5dc-zqdck,1739293186,353976320
adservice,adservice-55968cd5dc-zqdck,1739293486,354992128
adservice,adservice-55968cd5dc-zqdck,1739293786,354889728
adservice,adservice-55968cd5dc-zqdck,1739294086,354918400
adservice,adservice-55968cd5dc-zqdck,1739294386,355123200
adservice,adservice-55968cd5dc-zqdck,1739294686,355069952
adservice,adservice-55968cd5dc-zqdck,1739294986,355434496
adservice,adservice-55968cd5dc-zqdck,1739295286,355209216
adservice,adservice-55968cd5dc-zqdck,1739295586,355139584
adservice,adservice-55968cd5dc-zqdck,1739295886,355233792
adservice,adservice-55968cd5dc-zqdck,1739296186,355151872
adservice,adservice-55968cd5dc-zqdck,1739296486,355082240
adservice,adservice-55968cd5dc-zqdck,1739296786,355299328
adservice,adservice-55968cd5dc-zqdck,1739297086,355860480
adservice,adservice-55968cd5dc-zqdck,1739297386,358715392
adservice,adservice-55968cd5dc-zqdck,1739297686,358268928
adservice,adservice-55968cd5dc-zqdck,1739297986,358350848
adservice,adservice-55968cd5dc-zqdck,1739298286,358494208
adservice,adservice-55968cd5dc-zqdck,1739298586,358785024
adservice,adservice-55968cd5dc-zqdck,1739298886,358649856
adservice,adservice-55968cd5dc-zqdck,1739299186,359096320
adservice,adservice-55968cd5dc-zqdck,1739299486,358535168
adservice,adservice-55968cd5dc-zqdck,1739299786,357703680
adservice,adservice-55968cd5dc-zqdck,1739300086,358264832
adservice,adservice-55968cd5dc-zqdck,1739300386,359895040
adservice,adservice-55968cd5dc-zqdck,1739300686,360275968
adservice,adservice-55968cd5dc-zqdck,1739300986,364179456
adservice,adservice-55968cd5dc-zqdck,1739301286,347840512
adservice,adservice-55968cd5dc-zqdck,1739301586,344543232
adservice,adservice-55968cd5dc-zqdck,1739301886,344006656
adservice,adservice-55968cd5dc-zqdck,1739302186,344313856
adservice,adservice-55968cd5dc-zqdck,1739302486,344272896
adservice,adservice-55968cd5dc-zqdck,1739302786,344416256
adservice,adservice-55968cd5dc-zqdck,1739303086,345427968
adservice,adservice-55968cd5dc-zqdck,1739303386,345370624
adservice,adservice-55968cd5dc-zqdck,1739303686,345182208
adservice,adservice-55968cd5dc-zqdck,1739303986,344801280
adservice,adservice-55968cd5dc-zqdck,1739304286,344526848
adservice,adservice-55968cd5dc-zqdck,1739304586,344330240
adservice,adservice-55968cd5dc-zqdck,1739304886,343642112
adservice,adservice-55968cd5dc-zqdck,1739305186,343638016
adservice,adservice-55968cd5dc-zqdck,1739305486,343670784
adservice,adservice-55968cd5dc-zqdck,1739305786,343678976
adservice,adservice-55968cd5dc-zqdck,1739306086,343674880
adservice,adservice-55968cd5dc-zqdck,1739306386,344088576
adservice,adservice-55968cd5dc-zqdck,1739306686,344051712
adservice,adservice-55968cd5dc-zqdck,1739306986,344387584
adservice,adservice-55968cd5dc-zqdck,1739307286,344272896
adservice,adservice-55968cd5dc-zqdck,1739307586,344424448
adservice,adservice-55968cd5dc-zqdck,1739307886,344231936
adservice,adservice-55968cd5dc-zqdck,1739308186,344154112
adservice,adservice-55968cd5dc-zqdck,1739308486,344309760
adservice,adservice-55968cd5dc-zqdck,1739308786,344227840
adservice,adservice-55968cd5dc-zqdck,1739309086,344035328
adservice,adservice-55968cd5dc-zqdck,1739309386,344875008
adservice,adservice-55968cd5dc-zqdck,1739309686,344653824
adservice,adservice-55968cd5dc-zqdck,1739309986,344928256
adservice,adservice-55968cd5dc-zqdck,1739310286,344907776
adservice,adservice-55968cd5dc-zqdck,1739310586,345018368
adservice,adservice-55968cd5dc-zqdck,1739310886,345006080
adservice,adservice-55968cd5dc-zqdck,1739311186,344784896
adservice,adservice-55968cd5dc-zqdck,1739311486,344989696
adservice,adservice-55968cd5dc-zqdck,1739311786,344948736
adservice,adservice-55968cd5dc-zqdck,1739312086,344797184
adservice,adservice-55968cd5dc-zqdck,1739312386,345083904
adservice,adservice-55968cd5dc-zqdck,1739312686,345153536
adservice,adservice-55968cd5dc-zqdck,1739312986,344928256
adservice,adservice-55968cd5dc-zqdck,1739313286,344817664
adservice,adservice-55968cd5dc-zqdck,1739313586,344887296
adservice,adservice-55968cd5dc-zqdck,1739313886,344903680
adservice,adservice-55968cd5dc-zqdck,1739314186,344932352
adservice,adservice-55968cd5dc-zqdck,1739314486,345288704
adservice,adservice-55968cd5dc-zqdck,1739314786,344260608
adservice,adservice-55968cd5dc-zqdck,1739315086,344559616
adservice,adservice-55968cd5dc-zqdck,1739315386,344125440
adservice,adservice-55968cd5dc-zqdck,1739315686,344432640
adservice,adservice-55968cd5dc-zqdck,1739315986,344895488
adservice,adservice-55968cd5dc-zqdck,1739316286,344711168
adservice,adservice-55968cd5dc-zqdck,1739316586,344600576
adservice,adservice-55968cd5dc-zqdck,1739316886,344596480
adservice,adservice-55968cd5dc-zqdck,1739317186,344588288
adservice,adservice-55968cd5dc-zqdck,1739317486,344231936
adservice,adservice-55968cd5dc-zqdck,1739317786,344412160
adservice,adservice-55968cd5dc-zqdck,1739318086,344326144
adservice,adservice-55968cd5dc-zqdck,1739318386,344723456
adservice,adservice-55968cd5dc-zqdck,1739318686,344707072
adservice,adservice-55968cd5dc-zqdck,1739318986,345014272
adservice,adservice-55968cd5dc-zqdck,1739319286,350765056
adservice,adservice-55968cd5dc-zqdck,1739319586,356356096
adservice,adservice-55968cd5dc-zqdck,1739319886,366641152
adservice,adservice-55968cd5dc-zqdck,1739320186,372322304
adservice,adservice-55968cd5dc-zqdck,1739320486,372256768
adservice,adservice-55968cd5dc-zqdck,1739320786,354607104
adservice,adservice-55968cd5dc-zqdck,1739321086,347611136
adservice,adservice-55968cd5dc-zqdck,1739321386,348356608
adservice,adservice-55968cd5dc-zqdck,1739321686,348901376
adservice,adservice-55968cd5dc-zqdck,1739321986,349773824
adservice,adservice-55968cd5dc-zqdck,1739322286,349548544
adservice,adservice-55968cd5dc-zqdck,1739322586,349769728
adservice,adservice-55968cd5dc-zqdck,1739322886,351092736
adservice,adservice-55968cd5dc-zqdck,1739323186,351735808
adservice,adservice-55968cd5dc-zqdck,1739323486,352428032
adservice,adservice-55968cd5dc-zqdck,1739323786,351875072
adservice,adservice-55968cd5dc-zqdck,1739324086,351694848
adservice,adservice-55968cd5dc-zqdck,1739324386,351830016
adservice,adservice-55968cd5dc-zqdck,1739324686,352034816
adservice,adservice-55968cd5dc-zqdck,1739324986,352702464
adservice,adservice-55968cd5dc-zqdck,1739325286,352194560
adservice,adservice-55968cd5dc-zqdck,1739325586,352686080
adservice,adservice-55968cd5dc-zqdck,1739325886,352538624
adservice,adservice-55968cd5dc-zqdck,1739326186,352829440
adservice,adservice-55968cd5dc-zqdck,1739326486,352874496
adservice,adservice-55968cd5dc-zqdck,1739326786,353161216
adservice,adservice-55968cd5dc-zqdck,1739327086,353128448
adservice,adservice-55968cd5dc-zqdck,1739327386,352907264
adservice,adservice-55968cd5dc-zqdck,1739327686,353165312
adservice,adservice-55968cd5dc-zqdck,1739327986,353751040
adservice,adservice-55968cd5dc-zqdck,1739328286,353492992
adservice,adservice-55968cd5dc-zqdck,1739328586,353243136
adservice,adservice-55968cd5dc-zqdck,1739328886,353177600
adservice,adservice-55968cd5dc-zqdck,1739329186,353095680
adservice,adservice-55968cd5dc-zqdck,1739329486,353394688
adservice,adservice-55968cd5dc-zqdck,1739329786,353906688
adservice,adservice-55968cd5dc-zqdck,1739330086,353619968
adservice,adservice-55968cd5dc-zqdck,1739330386,353501184
adservice,adservice-55968cd5dc-zqdck,1739330686,353886208
adservice,adservice-55968cd5dc-zqdck,1739330986,353677312
adservice,adservice-55968cd5dc-zqdck,1739331286,355319808
adservice,adservice-55968cd5dc-zqdck,1739331586,354398208
adservice,adservice-55968cd5dc-zqdck,1739331886,354856960
adservice,adservice-55968cd5dc-zqdck,1739332186,356511744
adservice,adservice-55968cd5dc-zqdck,1739332486,356675584
adservice,adservice-55968cd5dc-zqdck,1739332786,356495360
adservice,adservice-55968cd5dc-zqdck,1739333086,356515840
adservice,adservice-55968cd5dc-zqdck,1739333386,356515840
adservice,adservice-55968cd5dc-zqdck,1739333686,356413440
adservice,adservice-55968cd5dc-zqdck,1739333986,348057600
adservice,adservice-55968cd5dc-zqdck,1739334286,346497024
adservice,adservice-55968cd5dc-zqdck,1739334586,345661440
adservice,adservice-55968cd5dc-zqdck,1739334886,344932352
adservice,adservice-55968cd5dc-zqdck,1739335186,345247744
adservice,adservice-55968cd5dc-zqdck,1739335486,345178112
adservice,adservice-55968cd5dc-zqdck,1739335786,345444352
adservice,adservice-55968cd5dc-zqdck,1739336086,345657344
adservice,adservice-55968cd5dc-zqdck,1739336386,345333760
adservice,adservice-55968cd5dc-zqdck,1739336686,345755648
adservice,adservice-55968cd5dc-zqdck,1739336986,345116672
adservice,adservice-55968cd5dc-zqdck,1739337286,345886720
adservice,adservice-55968cd5dc-zqdck,1739337586,345194496
adservice,adservice-55968cd5dc-zqdck,1739337886,345739264
adservice,adservice-55968cd5dc-zqdck,1739338186,345128960
adservice,adservice-55968cd5dc-zqdck,1739338486,345747456
adservice,adservice-55968cd5dc-zqdck,1739338786,344977408
adservice,adservice-55968cd5dc-zqdck,1739339086,344977408
adservice,adservice-55968cd5dc-zqdck,1739339386,345268224
adservice,adservice-55968cd5dc-zqdck,1739339686,345239552
adservice,adservice-55968cd5dc-zqdck,1739339986,344903680
adservice,adservice-55968cd5dc-zqdck,1739340286,344924160
adservice,adservice-55968cd5dc-zqdck,1739340586,345456640
adservice,adservice-55968cd5dc-zqdck,1739340886,345219072
adservice,adservice-55968cd5dc-zqdck,1739341186,345030656
adservice,adservice-55968cd5dc-zqdck,1739341486,345387008
adservice,adservice-55968cd5dc-zqdck,1739341786,345407488
adservice,adservice-55968cd5dc-zqdck,1739342086,345325568
adservice,adservice-55968cd5dc-zqdck,1739342386,345382912
adservice,adservice-55968cd5dc-zqdck,1739342686,345436160
adservice,adservice-55968cd5dc-zqdck,1739342986,345280512
adservice,adservice-55968cd5dc-zqdck,1739343286,345247744
adservice,adservice-55968cd5dc-zqdck,1739343586,346439680
adservice,adservice-55968cd5dc-zqdck,1739343886,345915392
adservice,adservice-55968cd5dc-zqdck,1739344186,345804800
adservice,adservice-55968cd5dc-zqdck,1739344486,345186304
adservice,adservice-55968cd5dc-zqdck,1739344786,345272320
adservice,adservice-55968cd5dc-zqdck,1739345086,345759744
adservice,adservice-55968cd5dc-zqdck,1739345386,345210880
adservice,adservice-55968cd5dc-zqdck,1739345686,345501696
adservice,adservice-55968cd5dc-zqdck,1739345986,345247744
adservice,adservice-55968cd5dc-zqdck,1739346286,345436160
adservice,adservice-55968cd5dc-zqdck,1739346586,345223168
adservice,adservice-55968cd5dc-zqdck,1739346886,345227264
adservice,adservice-55968cd5dc-zqdck,1739347186,345477120
adservice,adservice-55968cd5dc-zqdck,1739347486,345251840
adservice,adservice-55968cd5dc-zqdck,1739347786,345726976
adservice,adservice-55968cd5dc-zqdck,1739348086,345800704
adservice,adservice-55968cd5dc-zqdck,1739348386,345792512
adservice,adservice-55968cd5dc-zqdck,1739348686,345919488
adservice,adservice-55968cd5dc-zqdck,1739348986,345645056
adservice,adservice-55968cd5dc-zqdck,1739349286,346374144
adservice,adservice-55968cd5dc-zqdck,1739349586,345563136
adservice,adservice-55968cd5dc-zqdck,1739349886,345575424
adservice,adservice-55968cd5dc-zqdck,1739350186,345686016
adservice,adservice-55968cd5dc-zqdck,1739350486,345645056
adservice,adservice-55968cd5dc-zqdck,1739350786,345591808
adservice,adservice-55968cd5dc-zqdck,1739351086,346832896
adservice,adservice-55968cd5dc-zqdck,1739351386,346001408
adservice,adservice-55968cd5dc-zqdck,1739351686,345616384
adservice,adservice-55968cd5dc-zqdck,1739351986,345616384
adservice,adservice-55968cd5dc-zqdck,1739352286,345669632
adservice,adservice-55968cd5dc-zqdck,1739352586,345686016
adservice,adservice-55968cd5dc-zqdck,1739352886,346640384
adservice,adservice-55968cd5dc-zqdck,1739353186,344543232
adservice,adservice-55968cd5dc-zqdck,1739353486,343093248
adservice,adservice-55968cd5dc-zqdck,1739353786,343126016
adservice,adservice-55968cd5dc-zqdck,1739354086,343068672
adservice,adservice-55968cd5dc-zqdck,1739354386,342900736
adservice,adservice-55968cd5dc-zqdck,1739354686,343134208
adservice,adservice-55968cd5dc-zqdck,1739354986,343638016
adservice,adservice-55968cd5dc-zqdck,1739355286,343023616
adservice,adservice-55968cd5dc-zqdck,1739355586,342306816
adservice,adservice-55968cd5dc-zqdck,1739355886,342364160
adservice,adservice-55968cd5dc-zqdck,1739356186,342360064
adservice,adservice-55968cd5dc-zqdck,1739356486,343281664
adservice,adservice-55968cd5dc-zqdck,1739356786,342470656
adservice,adservice-55968cd5dc-zqdck,1739357086,342691840
adservice,adservice-55968cd5dc-zqdck,1739357386,344375296
adservice,adservice-55968cd5dc-zqdck,1739357686,342925312
adservice,adservice-55968cd5dc-zqdck,1739357986,344784896
adservice,adservice-55968cd5dc-zqdck,1739358286,345927680
adservice,adservice-55968cd5dc-zqdck,1739358586,344973312
adservice,adservice-55968cd5dc-zqdck,1739358886,344920064
adservice,adservice-55968cd5dc-zqdck,1739359186,344973312
adservice,adservice-55968cd5dc-zqdck,1739359486,344588288
adservice,adservice-55968cd5dc-zqdck,1739359786,344596480
adservice,adservice-55968cd5dc-zqdck,1739360086,345042944
adservice,adservice-55968cd5dc-zqdck,1739360386,344993792
adservice,adservice-55968cd5dc-zqdck,1739360686,344924160
adservice,adservice-55968cd5dc-zqdck,1739360986,344891392
adservice,adservice-55968cd5dc-zqdck,1739361286,345063424
adservice,adservice-55968cd5dc-zqdck,1739361586,345227264
adservice,adservice-55968cd5dc-zqdck,1739361886,346075136
adservice,adservice-55968cd5dc-zqdck,1739362186,345616384
adservice,adservice-55968cd5dc-zqdck,1739362486,345362432
adservice,adservice-55968cd5dc-zqdck,1739362786,345370624
adservice,adservice-55968cd5dc-zqdck,1739363086,344502272
adservice,adservice-55968cd5dc-zqdck,1739363386,344674304
adservice,adservice-55968cd5dc-zqdck,1739363686,344834048
adservice,adservice-55968cd5dc-zqdck,1739363986,345010176
adservice,adservice-55968cd5dc-zqdck,1739364286,344735744
adservice,adservice-55968cd5dc-zqdck,1739364586,345264128
adservice,adservice-55968cd5dc-zqdck,1739364886,344580096
adservice,adservice-55968cd5dc-zqdck,1739365186,347340800
adservice,adservice-55968cd5dc-zqdck,1739365486,347336704
adservice,adservice-55968cd5dc-zqdck,1739365786,347336704
adservice,adservice-55968cd5dc-zqdck,1739366086,347262976
adservice,adservice-55968cd5dc-zqdck,1739366386,347267072
adservice,adservice-55968cd5dc-zqdck,1739366686,347271168
adservice,adservice-55968cd5dc-zqdck,1739366986,347369472
adservice,adservice-55968cd5dc-zqdck,1739367286,350040064
adservice,adservice-55968cd5dc-zqdck,1739367586,349986816
adservice,adservice-55968cd5dc-zqdck,1739367886,349720576
adservice,adservice-55968cd5dc-zqdck,1739368186,349925376
adservice,adservice-55968cd5dc-zqdck,1739368486,349937664
adservice,adservice-55968cd5dc-zqdck,1739368786,349827072
adservice,adservice-55968cd5dc-zqdck,1739369086,349773824
adservice,adservice-55968cd5dc-zqdck,1739369386,351854592
adservice,adservice-55968cd5dc-zqdck,1739369686,352055296
adservice,adservice-55968cd5dc-zqdck,1739369986,351690752
adservice,adservice-55968cd5dc-zqdck,1739370286,351694848
adservice,adservice-55968cd5dc-zqdck,1739370586,351719424
adservice,adservice-55968cd5dc-zqdck,1739370886,351604736
adservice,adservice-55968cd5dc-zqdck,1739371186,353689600
adservice,adservice-55968cd5dc-zqdck,1739371486,353689600
adservice,adservice-55968cd5dc-zqdck,1739371786,353710080
adservice,adservice-55968cd5dc-zqdck,1739372086,353931264
adservice,adservice-55968cd5dc-zqdck,1739372386,354799616
adservice,adservice-55968cd5dc-zqdck,1739372686,354717696
adservice,adservice-55968cd5dc-zqdck,1739372986,354004992
adservice,adservice-55968cd5dc-zqdck,1739373286,354004992
adservice,adservice-55968cd5dc-zqdck,1739373586,356065280
adservice,adservice-55968cd5dc-zqdck,1739373886,356106240
adservice,adservice-55968cd5dc-zqdck,1739374186,358318080
adservice,adservice-55968cd5dc-zqdck,1739374486,359104512
adservice,adservice-55968cd5dc-zqdck,1739374786,358227968
adservice,adservice-55968cd5dc-zqdck,1739375086,361398272
adservice,adservice-55968cd5dc-zqdck,1739375386,360415232
adservice,adservice-55968cd5dc-zqdck,1739375686,360161280
adservice,adservice-55968cd5dc-zqdck,1739375986,360161280
adservice,adservice-55968cd5dc-zqdck,1739376286,360648704
adservice,adservice-55968cd5dc-zqdck,1739376586,360259584
adservice,adservice-55968cd5dc-zqdck,1739376886,360304640
adservice,adservice-55968cd5dc-zqdck,1739377186,362409984
adservice,adservice-55968cd5dc-zqdck,1739377486,362389504
adservice,adservice-55968cd5dc-zqdck,1739377786,362389504
adservice,adservice-55968cd5dc-zqdck,1739378086,362496000
adservice,adservice-55968cd5dc-zqdck,1739378386,362352640
adservice,adservice-55968cd5dc-zqdck,1739378686,362352640
adservice,adservice-55968cd5dc-zqdck,1739378986,362323968
adservice,adservice-55968cd5dc-zqdck,1739379286,364519424
adservice,adservice-55968cd5dc-zqdck,1739379586,364584960
adservice,adservice-55968cd5dc-zqdck,1739379886,367263744
adservice,adservice-55968cd5dc-zqdck,1739380186,366301184
adservice,adservice-55968cd5dc-zqdck,1739380486,366305280
adservice,adservice-55968cd5dc-zqdck,1739380786,366366720
adservice,adservice-55968cd5dc-zqdck,1739381086,366407680
adservice,adservice-55968cd5dc-zqdck,1739381386,366096384
adservice,adservice-55968cd5dc-zqdck,1739381686,366927872
adservice,adservice-55968cd5dc-zqdck,1739381986,368250880
adservice,adservice-55968cd5dc-zqdck,1739382286,368254976
adservice,adservice-55968cd5dc-zqdck,1739382586,368410624
adservice,adservice-55968cd5dc-zqdck,1739382886,368259072
adservice,adservice-55968cd5dc-zqdck,1739383186,370634752
adservice,adservice-55968cd5dc-zqdck,1739383486,370638848
adservice,adservice-55968cd5dc-zqdck,1739383786,370872320
adservice,adservice-55968cd5dc-zqdck,1739384086,370688000
adservice,adservice-55968cd5dc-zqdck,1739384386,370761728
adservice,adservice-55968cd5dc-zqdck,1739384686,370761728
adservice,adservice-55968cd5dc-zqdck,1739384986,370761728
adservice,adservice-55968cd5dc-zqdck,1739385286,373653504
adservice,adservice-55968cd5dc-zqdck,1739385586,372617216
adservice,adservice-55968cd5dc-zqdck,1739385886,372944896
adservice,adservice-55968cd5dc-zqdck,1739386186,372936704
adservice,adservice-55968cd5dc-zqdck,1739386486,372637696
adservice,adservice-55968cd5dc-zqdck,1739386786,372695040
adservice,adservice-55968cd5dc-zqdck,1739387086,239374336
adservice,adservice-55968cd5dc-zqdck,1739387386,249044992
adservice,adservice-55968cd5dc-zqdck,1739387686,253181952
adservice,adservice-55968cd5dc-zqdck,1739387986,258801664
adservice,adservice-55968cd5dc-zqdck,1739388286,262111232
adservice,adservice-55968cd5dc-zqdck,1739388586,265330688
adservice,adservice-55968cd5dc-zqdck,1739388886,273526784
adservice,adservice-55968cd5dc-zqdck,1739389186,276586496
adservice,adservice-55968cd5dc-zqdck,1739389486,277684224
adservice,adservice-55968cd5dc-zqdck,1739389786,280268800
adservice,adservice-55968cd5dc-zqdck,1739390086,283406336
adservice,adservice-55968cd5dc-zqdck,1739390386,285761536
adservice,adservice-55968cd5dc-zqdck,1739390686,286404608
adservice,adservice-55968cd5dc-zqdck,1739390986,289914880
adservice,adservice-55968cd5dc-zqdck,1739391286,291037184
adservice,adservice-55968cd5dc-zqdck,1739391586,291885056
adservice,adservice-55968cd5dc-zqdck,1739391886,293355520
adservice,adservice-55968cd5dc-zqdck,1739392186,295997440
adservice,adservice-55968cd5dc-zqdck,1739392486,317009920
adservice,adservice-55968cd5dc-zqdck,1739392786,338051072
adservice,adservice-55968cd5dc-zqdck,1739393086,338259968
adservice,adservice-55968cd5dc-zqdck,1739393386,340099072
adservice,adservice-55968cd5dc-zqdck,1739393686,341118976
adservice,adservice-55968cd5dc-zqdck,1739393986,340078592
adservice,adservice-55968cd5dc-zqdck,1739394286,340443136
adservice,adservice-55968cd5dc-zqdck,1739394586,340905984
adservice,adservice-55968cd5dc-zqdck,1739394886,341053440
adservice,adservice-55968cd5dc-zqdck,1739395186,341106688
adservice,adservice-55968cd5dc-zqdck,1739395486,342118400
adservice,adservice-55968cd5dc-zqdck,1739395786,341401600
adservice,adservice-55968cd5dc-zqdck,1739396086,341237760
adservice,adservice-55968cd5dc-zqdck,1739396386,344186880
adservice,adservice-55968cd5dc-zqdck,1739396686,344031232
adservice,adservice-55968cd5dc-zqdck,1739396986,343932928
adservice,adservice-55968cd5dc-zqdck,1739397286,344113152
adservice,adservice-55968cd5dc-zqdck,1739397586,343740416
adservice,adservice-55968cd5dc-zqdck,1739397886,343998464
adservice,adservice-55968cd5dc-zqdck,1739398186,344014848
adservice,adservice-55968cd5dc-zqdck,1739398486,343740416
adservice,adservice-55968cd5dc-zqdck,1739398786,344092672
adservice,adservice-55968cd5dc-zqdck,1739399086,343863296
adservice,adservice-55968cd5dc-zqdck,1739399386,343818240
adservice,adservice-55968cd5dc-zqdck,1739399686,343805952
adservice,adservice-55968cd5dc-zqdck,1739399986,343478272
adservice,adservice-55968cd5dc-zqdck,1739400286,344043520
adservice,adservice-55968cd5dc-zqdck,1739400586,336105472
adservice,adservice-55968cd5dc-zqdck,1739400886,336633856
adservice,adservice-55968cd5dc-zqdck,1739401186,336580608
adservice,adservice-55968cd5dc-zqdck,1739401486,336257024
adservice,adservice-55968cd5dc-zqdck,1739401786,336928768
adservice,adservice-55968cd5dc-zqdck,1739402086,336543744
adservice,adservice-55968cd5dc-zqdck,1739402386,336543744
adservice,adservice-55968cd5dc-zqdck,1739402686,336498688
adservice,adservice-55968cd5dc-zqdck,1739402986,336920576
adservice,adservice-55968cd5dc-zqdck,1739403286,337166336
adservice,adservice-55968cd5dc-zqdck,1739403586,336965632
adservice,adservice-55968cd5dc-zqdck,1739403886,336007168
adservice,adservice-55968cd5dc-zqdck,1739404186,336580608
adservice,adservice-55968cd5dc-zqdck,1739404486,337149952
adservice,adservice-55968cd5dc-zqdck,1739404786,339517440
adservice,adservice-55968cd5dc-zqdck,1739405086,339070976
adservice,adservice-55968cd5dc-zqdck,1739405386,339447808
adservice,adservice-55968cd5dc-zqdck,1739405686,339042304
adservice,adservice-55968cd5dc-zqdck,1739405986,339267584
adservice,adservice-55968cd5dc-zqdck,1739406286,339468288
adservice,adservice-55968cd5dc-zqdck,1739406586,339152896
adservice,adservice-55968cd5dc-zqdck,1739406886,339210240
adservice,adservice-55968cd5dc-zqdck,1739407186,339640320
adservice,adservice-55968cd5dc-zqdck,1739407486,338976768
adservice,adservice-55968cd5dc-zqdck,1739407786,338788352
adservice,adservice-55968cd5dc-zqdck,1739408086,339628032
adservice,adservice-55968cd5dc-zqdck,1739408386,339292160
adservice,adservice-55968cd5dc-zqdck,1739408686,339501056
adservice,adservice-55968cd5dc-zqdck,1739408986,339263488
adservice,adservice-55968cd5dc-zqdck,1739409286,339603456
adservice,adservice-55968cd5dc-zqdck,1739409586,339902464
adservice,adservice-55968cd5dc-zqdck,1739409886,340045824
adservice,adservice-55968cd5dc-zqdck,1739410186,340041728
adservice,adservice-55968cd5dc-zqdck,1739410486,340238336
adservice,adservice-55968cd5dc-zqdck,1739410786,339832832
adservice,adservice-55968cd5dc-zqdck,1739411086,340234240
adservice,adservice-55968cd5dc-zqdck,1739411386,340213760
adservice,adservice-55968cd5dc-zqdck,1739411686,340213760
adservice,adservice-55968cd5dc-zqdck,1739411986,339591168
adservice,adservice-55968cd5dc-zqdck,1739412286,345436160
adservice,adservice-55968cd5dc-zqdck,1739412586,362479616
adservice,adservice-55968cd5dc-zqdck,1739412886,362930176
adservice,adservice-55968cd5dc-zqdck,1739413186,296374272
adservice,adservice-55968cd5dc-zqdck,1739413486,299569152
adservice,adservice-55968cd5dc-zqdck,1739413786,312324096
adservice,adservice-55968cd5dc-zqdck,1739414086,343642112
adservice,adservice-55968cd5dc-zqdck,1739414386,340934656
adservice,adservice-55968cd5dc-zqdck,1739414686,340221952
adservice,adservice-55968cd5dc-zqdck,1739414986,341536768
adservice,adservice-55968cd5dc-zqdck,1739415286,340549632
adservice,adservice-55968cd5dc-zqdck,1739415586,341913600
adservice,adservice-55968cd5dc-zqdck,1739415886,344072192
adservice,adservice-55968cd5dc-zqdck,1739416186,343130112
adservice,adservice-55968cd5dc-zqdck,1739416486,343654400
adservice,adservice-55968cd5dc-zqdck,1739416786,343560192
adservice,adservice-55968cd5dc-zqdck,1739417086,345317376
adservice,adservice-55968cd5dc-zqdck,1739417386,345800704
adservice,adservice-55968cd5dc-zqdck,1739417686,344555520
adservice,adservice-55968cd5dc-zqdck,1739417986,344481792
adservice,adservice-55968cd5dc-zqdck,1739418286,346288128
adservice,adservice-55968cd5dc-zqdck,1739418586,345788416
adservice,adservice-55968cd5dc-zqdck,1739418886,346189824
adservice,adservice-55968cd5dc-zqdck,1739419186,346415104
adservice,adservice-55968cd5dc-zqdck,1739419486,346398720
adservice,adservice-55968cd5dc-zqdck,1739419786,352276480
adservice,adservice-55968cd5dc-zqdck,1739420086,363220992
adservice,adservice-55968cd5dc-zqdck,1739420386,362532864
adservice,adservice-55968cd5dc-zqdck,1739420686,248123392
adservice,adservice-55968cd5dc-zqdck,1739420986,258486272
adservice,adservice-55968cd5dc-zqdck,1739421286,264462336
adservice,adservice-55968cd5dc-zqdck,1739421586,268468224
adservice,adservice-55968cd5dc-zqdck,1739421886,348454912
adservice,adservice-55968cd5dc-zqdck,1739422186,350457856
adservice,adservice-55968cd5dc-zqdck,1739422486,347926528
adservice,adservice-55968cd5dc-zqdck,1739422786,351485952
adservice,adservice-55968cd5dc-zqdck,1739423086,351436800
adservice,adservice-55968cd5dc-zqdck,1739423386,351715328
adservice,adservice-55968cd5dc-zqdck,1739423686,352358400
adservice,adservice-55968cd5dc-zqdck,1739423986,351920128
adservice,adservice-55968cd5dc-zqdck,1739424286,352378880
adservice,adservice-55968cd5dc-zqdck,1739424586,358137856
adservice,adservice-55968cd5dc-zqdck,1739424886,354254848
adservice,adservice-55968cd5dc-zqdck,1739425186,354308096
adservice,adservice-55968cd5dc-zqdck,1739425486,355647488
adservice,adservice-55968cd5dc-zqdck,1739425786,354623488
adservice,adservice-55968cd5dc-zqdck,1739426086,355565568
adservice,adservice-55968cd5dc-zqdck,1739426386,357548032
adservice,adservice-55968cd5dc-zqdck,1739426686,356802560
adservice,adservice-55968cd5dc-zqdck,1739426986,356671488
adservice,adservice-55968cd5dc-zqdck,1739427286,357220352
adservice,adservice-55968cd5dc-zqdck,1739427586,358711296
adservice,adservice-55968cd5dc-zqdck,1739427886,357150720
adservice,adservice-55968cd5dc-zqdck,1739428186,357203968
adservice,adservice-55968cd5dc-zqdck,1739428486,357224448
adservice,adservice-55968cd5dc-zqdck,1739428786,357265408
adservice,adservice-55968cd5dc-zqdck,1739429086,357281792
adservice,adservice-55968cd5dc-zqdck,1739429386,359505920
adservice,adservice-55968cd5dc-zqdck,1739429686,357109760
adservice,adservice-55968cd5dc-zqdck,1739429986,357277696
adservice,adservice-55968cd5dc-zqdck,1739430286,359723008
adservice,adservice-55968cd5dc-zqdck,1739430586,359706624
adservice,adservice-55968cd5dc-zqdck,1739430886,360443904
adservice,adservice-55968cd5dc-zqdck,1739431186,391806976
adservice,adservice-55968cd5dc-zqdck,1739431486,352690176
adservice,adservice-55968cd5dc-zqdck,1739431786,351391744
adservice,adservice-55968cd5dc-zqdck,1739432086,351719424
adservice,adservice-55968cd5dc-zqdck,1739432386,352391168
adservice,adservice-55968cd5dc-zqdck,1739432686,352010240
adservice,adservice-55968cd5dc-zqdck,1739432986,356876288
adservice,adservice-55968cd5dc-zqdck,1739433286,355860480
adservice,adservice-55968cd5dc-zqdck,1739433586,357535744
adservice,adservice-55968cd5dc-zqdck,1739433886,386232320
adservice,adservice-55968cd5dc-zqdck,1739434186,351645696
adservice,adservice-55968cd5dc-zqdck,1739434486,347279360
adservice,adservice-55968cd5dc-zqdck,1739434786,349630464
adservice,adservice-55968cd5dc-zqdck,1739435086,348049408
adservice,adservice-55968cd5dc-zqdck,1739435386,348200960
adservice,adservice-55968cd5dc-zqdck,1739435686,351584256
adservice,adservice-55968cd5dc-zqdck,1739435986,351768576
adservice,adservice-55968cd5dc-zqdck,1739436286,352010240
adservice,adservice-55968cd5dc-zqdck,1739436586,352403456
adservice,adservice-55968cd5dc-zqdck,1739436886,352837632
adservice,adservice-55968cd5dc-zqdck,1739437186,355889152
adservice,adservice-55968cd5dc-zqdck,1739437486,359772160
adservice,adservice-55968cd5dc-zqdck,1739437786,358834176
adservice,adservice-55968cd5dc-zqdck,1739438086,357003264
adservice,adservice-55968cd5dc-zqdck,1739438386,357326848
adservice,adservice-55968cd5dc-zqdck,1739438686,357113856
adservice,adservice-55968cd5dc-zqdck,1739438986,357294080
adservice,adservice-55968cd5dc-zqdck,1739439286,360017920
adservice,adservice-55968cd5dc-zqdck,1739439586,361361408
adservice,adservice-55968cd5dc-zqdck,1739439886,359829504
adservice,adservice-55968cd5dc-zqdck,1739440186,360579072
adservice,adservice-55968cd5dc-zqdck,1739440486,388206592
adservice,adservice-55968cd5dc-zqdck,1739440786,400015360
adservice,adservice-55968cd5dc-zqdck,1739441086,399818752
adservice,adservice-55968cd5dc-zqdck,1739441386,399781888
adservice,adservice-55968cd5dc-zqdck,1739441686,399892480
adservice,adservice-55968cd5dc-zqdck,1739441986,400097280
adservice,adservice-55968cd5dc-zqdck,1739442286,254402560
adservice,adservice-55968cd5dc-zqdck,1739442586,261029888
adservice,adservice-55968cd5dc-zqdck,1739442886,268947456
adservice,adservice-55968cd5dc-zqdck,1739443186,347013120
adservice,adservice-55968cd5dc-zqdck,1739443486,343175168
adservice,adservice-55968cd5dc-zqdck,1739443786,344109056
adservice,adservice-55968cd5dc-zqdck,1739444086,350150656
adservice,adservice-55968cd5dc-zqdck,1739444386,353267712
adservice,adservice-55968cd5dc-zqdck,1739444686,353419264
adservice,adservice-55968cd5dc-zqdck,1739444986,357433344
adservice,adservice-55968cd5dc-zqdck,1739445286,354594816
adservice,adservice-55968cd5dc-zqdck,1739445586,355024896
adservice,adservice-55968cd5dc-zqdck,1739445886,355516416
adservice,adservice-55968cd5dc-zqdck,1739446186,355897344
adservice,adservice-55968cd5dc-zqdck,1739446486,358121472
adservice,adservice-55968cd5dc-zqdck,1739446786,357146624
adservice,adservice-55968cd5dc-zqdck,1739447086,357351424
adservice,adservice-55968cd5dc-zqdck,1739447386,357437440
adservice,adservice-55968cd5dc-zqdck,1739447686,357470208
adservice,adservice-55968cd5dc-zqdck,1739447986,357797888
adservice,adservice-55968cd5dc-zqdck,1739448286,357810176
adservice,adservice-55968cd5dc-zqdck,1739448586,359522304
adservice,adservice-55968cd5dc-zqdck,1739448886,360656896
adservice,adservice-55968cd5dc-zqdck,1739449186,359870464
adservice,adservice-55968cd5dc-zqdck,1739449486,359854080
adservice,adservice-55968cd5dc-zqdck,1739449786,359948288
adservice,adservice-55968cd5dc-zqdck,1739450086,360067072
adservice,adservice-55968cd5dc-zqdck,1739450386,361246720
adservice,adservice-55968cd5dc-zqdck,1739450686,364236800
adservice,adservice-55968cd5dc-zqdck,1739450986,361676800
adservice,adservice-55968cd5dc-zqdck,1739451286,363339776
adservice,adservice-55968cd5dc-zqdck,1739451586,361472000
adservice,adservice-55968cd5dc-zqdck,1739451886,361373696
adservice,adservice-55968cd5dc-zqdck,1739452186,361553920
adservice,adservice-55968cd5dc-zqdck,1739452486,361590784
adservice,adservice-55968cd5dc-zqdck,1739452786,361709568
adservice,adservice-55968cd5dc-zqdck,1739453086,361717760
adservice,adservice-55968cd5dc-zqdck,1739453386,361713664
adservice,adservice-55968cd5dc-zqdck,1739453686,361803776
adservice,adservice-55968cd5dc-zqdck,1739453986,363503616
adservice,adservice-55968cd5dc-zqdck,1739454286,361627648
adservice,adservice-55968cd5dc-zqdck,1739454586,361734144
adservice,adservice-55968cd5dc-zqdck,1739454886,361828352
adservice,adservice-55968cd5dc-zqdck,1739455186,361861120
adservice,adservice-55968cd5dc-zqdck,1739455486,362754048
adservice,adservice-55968cd5dc-zqdck,1739455786,362520576
adservice,adservice-55968cd5dc-zqdck,1739456086,362389504
adservice,adservice-55968cd5dc-zqdck,1739456386,362418176
adservice,adservice-55968cd5dc-zqdck,1739456686,362491904
adservice,adservice-55968cd5dc-zqdck,1739456986,362524672
adservice,adservice-55968cd5dc-zqdck,1739457286,362577920
adservice,adservice-55968cd5dc-zqdck,1739457586,362582016
adservice,adservice-55968cd5dc-zqdck,1739457886,362139648
adservice,adservice-55968cd5dc-zqdck,1739458186,362217472
adservice,adservice-55968cd5dc-zqdck,1739458486,362311680
adservice,adservice-55968cd5dc-zqdck,1739458786,362266624
adservice,adservice-55968cd5dc-zqdck,1739459086,362307584
adservice,adservice-55968cd5dc-zqdck,1739459386,362332160
adservice,adservice-55968cd5dc-zqdck,1739459686,362360832
adservice,adservice-55968cd5dc-zqdck,1739459986,362422272
adservice,adservice-55968cd5dc-zqdck,1739460286,362418176
adservice,adservice-55968cd5dc-zqdck,1739460586,363450368
adservice,adservice-55968cd5dc-zqdck,1739460886,362913792
adservice,adservice-55968cd5dc-zqdck,1739461186,362827776
adservice,adservice-55968cd5dc-zqdck,1739461486,362557440
adservice,adservice-55968cd5dc-zqdck,1739461786,362696704
adservice,adservice-55968cd5dc-zqdck,1739462086,362749952
adservice,adservice-55968cd5dc-zqdck,1739462386,363020288
adservice,adservice-55968cd5dc-zqdck,1739462686,362663936
adservice,adservice-55968cd5dc-zqdck,1739462986,362663936
adservice,adservice-55968cd5dc-zqdck,1739463286,365862912
adservice,adservice-55968cd5dc-zqdck,1739463586,397344768
adservice,adservice-55968cd5dc-zqdck,1739463886,394235904
adservice,adservice-55968cd5dc-zqdck,1739464186,397844480
adservice,adservice-55968cd5dc-zqdck,1739464486,395993088
adservice,adservice-55968cd5dc-zqdck,1739464786,396120064
adservice,adservice-55968cd5dc-zqdck,1739465086,396222464
adservice,adservice-55968cd5dc-zqdck,1739465386,247300096
adservice,adservice-55968cd5dc-zqdck,1739465686,255320064
adservice,adservice-55968cd5dc-zqdck,1739465986,260325376
adservice,adservice-55968cd5dc-zqdck,1739466286,263561216
adservice,adservice-55968cd5dc-zqdck,1739466586,268414976
adservice,adservice-55968cd5dc-zqdck,1739466886,271667200
adservice,adservice-55968cd5dc-zqdck,1739467186,274501632
adservice,adservice-55968cd5dc-zqdck,1739467486,350445568
adservice,adservice-55968cd5dc-zqdck,1739467786,351330304
adservice,adservice-55968cd5dc-zqdck,1739468086,352825344
adservice,adservice-55968cd5dc-zqdck,1739468386,350097408
adservice,adservice-55968cd5dc-zqdck,1739468686,350154752
adservice,adservice-55968cd5dc-zqdck,1739468986,350437376
adservice,adservice-55968cd5dc-zqdck,1739469286,353050624
adservice,adservice-55968cd5dc-zqdck,1739469586,351981568
adservice,adservice-55968cd5dc-zqdck,1739469886,352178176
adservice,adservice-55968cd5dc-zqdck,1739470186,357781504
adservice,adservice-55968cd5dc-zqdck,1739470486,357085184
adservice,adservice-55968cd5dc-zqdck,1739470786,357089280
adservice,adservice-55968cd5dc-zqdck,1739471086,357093376
adservice,adservice-55968cd5dc-zqdck,1739471386,357273600
adservice,adservice-55968cd5dc-zqdck,1739471686,359661568
adservice,adservice-55968cd5dc-zqdck,1739471986,357355520
adservice,adservice-55968cd5dc-zqdck,1739472286,359583744
adservice,adservice-55968cd5dc-zqdck,1739472586,359559168
adservice,adservice-55968cd5dc-zqdck,1739472886,360648704
adservice,adservice-55968cd5dc-zqdck,1739473186,359714816
adservice,adservice-55968cd5dc-zqdck,1739473486,365928448
adservice,adservice-55968cd5dc-zqdck,1739473786,364658688
adservice,adservice-55968cd5dc-zqdck,1739474086,385900544
adservice,adservice-55968cd5dc-zqdck,1739474386,389345280
adservice,adservice-55968cd5dc-zqdck,1739474686,394477568
adservice,adservice-55968cd5dc-zqdck,1739474986,393404416
adservice,adservice-55968cd5dc-zqdck,1739475286,393228288
adservice,adservice-55968cd5dc-zqdck,1739475586,393236480
adservice,adservice-55968cd5dc-zqdck,1739475886,394711040
adservice,adservice-55968cd5dc-zqdck,1739476186,393236480
adservice,adservice-55968cd5dc-zqdck,1739476486,396132352
adservice,adservice-55968cd5dc-zqdck,1739476786,395067392
adservice,adservice-55968cd5dc-zqdck,1739477086,395202560
adservice,adservice-55968cd5dc-zqdck,1739477386,397725696
adservice,adservice-55968cd5dc-zqdck,1739477686,398315520
adservice,adservice-55968cd5dc-zqdck,1739477986,400199680
adservice,adservice-55968cd5dc-zqdck,1739478286,396853248
adservice,adservice-55968cd5dc-zqdck,1739478586,396967936
adservice,adservice-55968cd5dc-zqdck,1739478886,229953536
adservice,adservice-55968cd5dc-zqdck,1739479186,255770624
adservice,adservice-55968cd5dc-zqdck,1739479486,261537792
adservice,adservice-55968cd5dc-zqdck,1739479786,265162752
adservice,adservice-55968cd5dc-zqdck,1739480086,253841408
adservice,adservice-55968cd5dc-zqdck,1739480386,261988352
adservice,adservice-55968cd5dc-zqdck,1739480686,347078656
adservice,adservice-55968cd5dc-zqdck,1739480986,345927680
adservice,adservice-55968cd5dc-zqdck,1739481286,346267648
adservice,adservice-55968cd5dc-zqdck,1739481586,346390528
adservice,adservice-55968cd5dc-zqdck,1739481886,353562624
adservice,adservice-55968cd5dc-zqdck,1739482186,352313344
adservice,adservice-55968cd5dc-zqdck,1739482486,352493568
adservice,adservice-55968cd5dc-zqdck,1739482786,353017856
adservice,adservice-55968cd5dc-zqdck,1739483086,352309248
adservice,adservice-55968cd5dc-zqdck,1739483386,352350208
adservice,adservice-55968cd5dc-zqdck,1739483686,352985088
adservice,adservice-55968cd5dc-zqdck,1739483986,353255424
adservice,adservice-55968cd5dc-zqdck,1739484286,354938880
adservice,adservice-55968cd5dc-zqdck,1739484586,355098624
adservice,adservice-55968cd5dc-zqdck,1739484886,355344384
adservice,adservice-55968cd5dc-zqdck,1739485186,355778560
adservice,adservice-55968cd5dc-zqdck,1739485486,356425728
adservice,adservice-55968cd5dc-zqdck,1739485786,356167680
adservice,adservice-55968cd5dc-zqdck,1739486086,356372480
adservice,adservice-55968cd5dc-zqdck,1739486386,356200448
adservice,adservice-55968cd5dc-zqdck,1739486686,356884480
adservice,adservice-55968cd5dc-zqdck,1739486986,361287680
adservice,adservice-55968cd5dc-zqdck,1739487286,361291776
adservice,adservice-55968cd5dc-zqdck,1739487586,361447424
adservice,adservice-55968cd5dc-zqdck,1739487886,375476224
adservice,adservice-55968cd5dc-zqdck,1739488186,374038528
adservice,adservice-55968cd5dc-zqdck,1739488486,373936128
adservice,adservice-55968cd5dc-zqdck,1739488786,394002432
adservice,adservice-55968cd5dc-zqdck,1739489086,393068544
adservice,adservice-55968cd5dc-zqdck,1739489386,346935296
adservice,adservice-55968cd5dc-zqdck,1739489686,348442624
adservice,adservice-55968cd5dc-zqdck,1739489986,349319168
adservice,adservice-55968cd5dc-zqdck,1739490286,350126080
adservice,adservice-55968cd5dc-zqdck,1739490586,350380032
adservice,adservice-55968cd5dc-zqdck,1739490886,350588928
adservice,adservice-55968cd5dc-zqdck,1739491186,351105024
adservice,adservice-55968cd5dc-zqdck,1739491486,351162368
adservice,adservice-55968cd5dc-zqdck,1739491786,351502336
adservice,adservice-55968cd5dc-zqdck,1739492086,352432128
adservice,adservice-55968cd5dc-zqdck,1739492386,352518144
adservice,adservice-55968cd5dc-zqdck,1739492686,352145408
adservice,adservice-55968cd5dc-zqdck,1739492986,352911360
adservice,adservice-55968cd5dc-zqdck,1739493286,353046528
adservice,adservice-55968cd5dc-zqdck,1739493586,352505856
adservice,adservice-55968cd5dc-zqdck,1739493886,353419264
adservice,adservice-55968cd5dc-zqdck,1739494186,353525760
adservice,adservice-55968cd5dc-zqdck,1739494486,353501184
adservice,adservice-55968cd5dc-zqdck,1739494786,353435648
adservice,adservice-55968cd5dc-zqdck,1739495086,353538048
adservice,adservice-55968cd5dc-zqdck,1739495386,353169408
adservice,adservice-55968cd5dc-zqdck,1739495686,353775616
adservice,adservice-55968cd5dc-zqdck,1739495986,354050048
adservice,adservice-55968cd5dc-zqdck,1739496286,353222656
adservice,adservice-55968cd5dc-zqdck,1739496586,353513472
adservice,adservice-55968cd5dc-zqdck,1739496886,352600064
adservice,adservice-55968cd5dc-zqdck,1739497186,353878016
adservice,adservice-55968cd5dc-zqdck,1739497486,354295808
adservice,adservice-55968cd5dc-zqdck,1739497786,353853440
adservice,adservice-55968cd5dc-zqdck,1739498086,354111488
adservice,adservice-55968cd5dc-zqdck,1739498386,353562624
adservice,adservice-55968cd5dc-zqdck,1739498686,353640448
adservice,adservice-55968cd5dc-zqdck,1739498986,353701888
adservice,adservice-55968cd5dc-zqdck,1739499286,353705984
adservice,adservice-55968cd5dc-zqdck,1739499586,353730560
adservice,adservice-55968cd5dc-zqdck,1739499886,362700800
adservice,adservice-55968cd5dc-zqdck,1739500186,361914368
adservice,adservice-55968cd5dc-zqdck,1739500486,362336256
adservice,adservice-55968cd5dc-zqdck,1739500786,362487808
adservice,adservice-55968cd5dc-zqdck,1739501086,362643456
adservice,adservice-55968cd5dc-zqdck,1739501386,362729472
adservice,adservice-55968cd5dc-zqdck,1739501686,362610688
adservice,adservice-55968cd5dc-zqdck,1739501986,362721280
adservice,adservice-55968cd5dc-zqdck,1739502286,362717184
adservice,adservice-55968cd5dc-zqdck,1739502586,364179456
adservice,adservice-55968cd5dc-zqdck,1739502886,364367872
adservice,adservice-55968cd5dc-zqdck,1739503186,370327552
adservice,adservice-55968cd5dc-zqdck,1739503486,377032704
adservice,adservice-55968cd5dc-zqdck,1739503786,386818048
adservice,adservice-55968cd5dc-zqdck,1739504086,386179072
adservice,adservice-55968cd5dc-zqdck,1739504386,351133696
adservice,adservice-55968cd5dc-zqdck,1739504686,350232576
adservice,adservice-55968cd5dc-zqdck,1739504986,351883264
adservice,adservice-55968cd5dc-zqdck,1739505286,351510528
adservice,adservice-55968cd5dc-zqdck,1739505586,354361344
adservice,adservice-55968cd5dc-zqdck,1739505886,353857536
adservice,adservice-55968cd5dc-zqdck,1739506186,352063488
adservice,adservice-55968cd5dc-zqdck,1739506486,352141312
adservice,adservice-55968cd5dc-zqdck,1739506786,352206848
adservice,adservice-55968cd5dc-zqdck,1739507086,352235520
adservice,adservice-55968cd5dc-zqdck,1739507386,352501760
adservice,adservice-55968cd5dc-zqdck,1739507686,355016704
adservice,adservice-55968cd5dc-zqdck,1739507986,353366016
adservice,adservice-55968cd5dc-zqdck,1739508286,353087488
adservice,adservice-55968cd5dc-zqdck,1739508586,354762752
adservice,adservice-55968cd5dc-zqdck,1739508886,353243136
adservice,adservice-55968cd5dc-zqdck,1739509186,353062912
adservice,adservice-55968cd5dc-zqdck,1739509486,353067008
adservice,adservice-55968cd5dc-zqdck,1739509786,353067008
adservice,adservice-55968cd5dc-zqdck,1739510086,353210368
adservice,adservice-55968cd5dc-zqdck,1739510386,353337344
adservice,adservice-55968cd5dc-zqdck,1739510686,353275904
adservice,adservice-55968cd5dc-zqdck,1739510986,354422784
adservice,adservice-55968cd5dc-zqdck,1739511286,356429824
adservice,adservice-55968cd5dc-zqdck,1739511586,386899968
adservice,adservice-55968cd5dc-zqdck,1739511886,336244736
adservice,adservice-55968cd5dc-zqdck,1739512186,337592320
adservice,adservice-55968cd5dc-zqdck,1739512486,336912384
adservice,adservice-55968cd5dc-zqdck,1739512786,337133568
adservice,adservice-55968cd5dc-zqdck,1739513086,337248256
adservice,adservice-55968cd5dc-zqdck,1739513386,337346560
adservice,adservice-55968cd5dc-zqdck,1739513686,340439040
adservice,adservice-55968cd5dc-zqdck,1739513986,352489472
adservice,adservice-55968cd5dc-zqdck,1739514286,386449408
adservice,adservice-55968cd5dc-zqdck,1739514586,358793216
adservice,adservice-55968cd5dc-zqdck,1739514886,356274176
adservice,adservice-55968cd5dc-zqdck,1739515186,359432192
adservice,adservice-55968cd5dc-zqdck,1739515486,256020480
adservice,adservice-55968cd5dc-zqdck,1739515786,350310400
adservice,adservice-55968cd5dc-zqdck,1739516086,352313344
adservice,adservice-55968cd5dc-zqdck,1739516386,349728768
adservice,adservice-55968cd5dc-zqdck,1739516686,352522240
adservice,adservice-55968cd5dc-zqdck,1739516986,350814208
adservice,adservice-55968cd5dc-zqdck,1739517286,352088064
adservice,adservice-55968cd5dc-zqdck,1739517586,352088064
adservice,adservice-55968cd5dc-zqdck,1739517886,353132544
adservice,adservice-55968cd5dc-zqdck,1739518186,352763904
adservice,adservice-55968cd5dc-zqdck,1739518486,355483648
adservice,adservice-55968cd5dc-zqdck,1739518786,358297600
adservice,adservice-55968cd5dc-zqdck,1739519086,358547456
adservice,adservice-55968cd5dc-zqdck,1739519386,358993920
adservice,adservice-55968cd5dc-zqdck,1739519686,363122688
adservice,adservice-55968cd5dc-zqdck,1739519986,365674496
adservice,adservice-55968cd5dc-zqdck,1739520286,367886336
adservice,adservice-55968cd5dc-zqdck,1739520586,367570944
adservice,adservice-55968cd5dc-zqdck,1739520886,371380224
adservice,adservice-55968cd5dc-zqdck,1739521186,371208192
adservice,adservice-55968cd5dc-zqdck,1739521486,370749440
adservice,adservice-55968cd5dc-zqdck,1739521786,370466816
adservice,adservice-55968cd5dc-zqdck,1739522086,370683904
adservice,adservice-55968cd5dc-zqdck,1739522386,370872320
adservice,adservice-55968cd5dc-zqdck,1739522686,373104640
adservice,adservice-55968cd5dc-zqdck,1739522986,372150272
adservice,adservice-55968cd5dc-zqdck,1739523286,371974144
adservice,adservice-55968cd5dc-zqdck,1739523586,370692096
adservice,adservice-55968cd5dc-zqdck,1739523886,355282944
adservice,adservice-55968cd5dc-zqdck,1739524186,348286976
adservice,adservice-55968cd5dc-zqdck,1739524486,346193920
adservice,adservice-55968cd5dc-zqdck,1739524786,346451968
adservice,adservice-55968cd5dc-zqdck,1739525086,347316224
adservice,adservice-55968cd5dc-zqdck,1739525386,347189248
adservice,adservice-55968cd5dc-zqdck,1739525686,347947008
adservice,adservice-55968cd5dc-zqdck,1739525986,350412800
adservice,adservice-55968cd5dc-zqdck,1739526286,352567296
adservice,adservice-55968cd5dc-zqdck,1739526586,350892032
adservice,adservice-55968cd5dc-zqdck,1739526886,351293440
adservice,adservice-55968cd5dc-zqdck,1739527186,352145408
adservice,adservice-55968cd5dc-zqdck,1739527486,351588352
adservice,adservice-55968cd5dc-zqdck,1739527786,352075776
adservice,adservice-55968cd5dc-zqdck,1739528086,352153600
adservice,adservice-55968cd5dc-zqdck,1739528386,354435072
adservice,adservice-55968cd5dc-zqdck,1739528686,353624064
adservice,adservice-55968cd5dc-zqdck,1739528986,352837632
adservice,adservice-55968cd5dc-zqdck,1739529286,352346112
adservice,adservice-55968cd5dc-zqdck,1739529586,352346112
adservice,adservice-55968cd5dc-zqdck,1739529886,352329728
adservice,adservice-55968cd5dc-zqdck,1739530186,352403456
adservice,adservice-55968cd5dc-zqdck,1739530486,351981568
adservice,adservice-55968cd5dc-zqdck,1739530786,352231424
adservice,adservice-55968cd5dc-zqdck,1739531086,354291712
adservice,adservice-55968cd5dc-zqdck,1739531386,352555008
adservice,adservice-55968cd5dc-zqdck,1739531686,352919552
adservice,adservice-55968cd5dc-zqdck,1739531986,352829440
adservice,adservice-55968cd5dc-zqdck,1739532286,352870400
adservice,adservice-55968cd5dc-zqdck,1739532586,353873920
adservice,adservice-55968cd5dc-zqdck,1739532886,353140736
adservice,adservice-55968cd5dc-zqdck,1739533186,352903168
adservice,adservice-55968cd5dc-zqdck,1739533486,353030144
adservice,adservice-55968cd5dc-zqdck,1739533786,353030144
adservice,adservice-55968cd5dc-zqdck,1739534086,353189888
adservice,adservice-55968cd5dc-zqdck,1739534386,354009088
adservice,adservice-55968cd5dc-zqdck,1739534686,353886208
adservice,adservice-55968cd5dc-zqdck,1739534986,353574912
adservice,adservice-55968cd5dc-zqdck,1739535286,355422208
adservice,adservice-55968cd5dc-zqdck,1739535586,353583104
adservice,adservice-55968cd5dc-zqdck,1739535886,353607680
adservice,adservice-55968cd5dc-zqdck,1739536186,353611776
adservice,adservice-55968cd5dc-zqdck,1739536486,354488320
adservice,adservice-55968cd5dc-zqdck,1739536786,353738752
adservice,adservice-55968cd5dc-zqdck,1739537086,353988608
adservice,adservice-55968cd5dc-zqdck,1739537386,322482176
adservice,adservice-55968cd5dc-zqdck,1739537686,327360512
adservice,adservice-55968cd5dc-zqdck,1739537986,325197824
adservice,adservice-55968cd5dc-zqdck,1739538286,327544832
adservice,adservice-55968cd5dc-zqdck,1739538586,330100736
adservice,adservice-55968cd5dc-zqdck,1739538886,330125312
adservice,adservice-55968cd5dc-zqdck,1739539186,329957376
adservice,adservice-55968cd5dc-zqdck,1739539486,331886592
adservice,adservice-55968cd5dc-zqdck,1739539786,331780096
adservice,adservice-55968cd5dc-zqdck,1739540086,331988992
adservice,adservice-55968cd5dc-zqdck,1739540386,332324864
adservice,adservice-55968cd5dc-zqdck,1739540686,331788288
adservice,adservice-55968cd5dc-zqdck,1739540986,331792384
adservice,adservice-55968cd5dc-zqdck,1739541286,334073856
adservice,adservice-55968cd5dc-zqdck,1739541586,356491264
adservice,adservice-55968cd5dc-zqdck,1739541886,253616128
adservice,adservice-55968cd5dc-zqdck,1739542186,263524352
adservice,adservice-55968cd5dc-zqdck,1739542486,265994240
adservice,adservice-55968cd5dc-zqdck,1739542786,269770752
adservice,adservice-55968cd5dc-zqdck,1739543086,272445440
adservice,adservice-55968cd5dc-zqdck,1739543386,275910656
adservice,adservice-55968cd5dc-zqdck,1739543686,278949888
adservice,adservice-55968cd5dc-zqdck,1739543986,283439104
adservice,adservice-55968cd5dc-zqdck,1739544286,352813056
adservice,adservice-55968cd5dc-zqdck,1739544586,344981504
adservice,adservice-55968cd5dc-zqdck,1739544886,345235456
adservice,adservice-55968cd5dc-zqdck,1739545186,350736384
adservice,adservice-55968cd5dc-zqdck,1739545486,348770304
adservice,adservice-55968cd5dc-zqdck,1739545786,343433216
adservice,adservice-55968cd5dc-zqdck,1739546086,343916544
adservice,adservice-55968cd5dc-zqdck,1739546386,344018944
adservice,adservice-55968cd5dc-zqdck,1739546686,344563712
adservice,adservice-55968cd5dc-zqdck,1739546986,347635712
adservice,adservice-55968cd5dc-zqdck,1739547286,347561984
adservice,adservice-55968cd5dc-zqdck,1739547586,347738112
adservice,adservice-55968cd5dc-zqdck,1739547886,348336128
adservice,adservice-55968cd5dc-zqdck,1739548186,347852800
adservice,adservice-55968cd5dc-zqdck,1739548486,348291072
adservice,adservice-55968cd5dc-zqdck,1739548786,347930624
adservice,adservice-55968cd5dc-zqdck,1739549086,353382400
adservice,adservice-55968cd5dc-zqdck,1739549386,346423296
adservice,adservice-55968cd5dc-zqdck,1739549686,343756800
adservice,adservice-55968cd5dc-zqdck,1739549986,343048192
adservice,adservice-55968cd5dc-zqdck,1739550286,342908928
adservice,adservice-55968cd5dc-zqdck,1739550586,343166976
adservice,adservice-55968cd5dc-zqdck,1739550886,343216128
adservice,adservice-55968cd5dc-zqdck,1739551186,346296320
adservice,adservice-55968cd5dc-zqdck,1739551486,343441408
adservice,adservice-55968cd5dc-zqdck,1739551786,343646208
adservice,adservice-55968cd5dc-zqdck,1739552086,343265280
adservice,adservice-55968cd5dc-zqdck,1739552386,343343104
adservice,adservice-55968cd5dc-zqdck,1739552686,343470080
adservice,adservice-55968cd5dc-zqdck,1739552986,342835200
adservice,adservice-55968cd5dc-zqdck,1739553286,349478912
adservice,adservice-55968cd5dc-zqdck,1739553586,360460288
adservice,adservice-55968cd5dc-zqdck,1739553886,358629376
adservice,adservice-55968cd5dc-zqdck,1739554186,360878080
adservice,adservice-55968cd5dc-zqdck,1739554486,360988672
adservice,adservice-55968cd5dc-zqdck,1739554786,342654976
adservice,adservice-55968cd5dc-zqdck,1739555086,344125440
adservice,adservice-55968cd5dc-zqdck,1739555386,257327104
adservice,adservice-55968cd5dc-zqdck,1739555686,263819264
adservice,adservice-55968cd5dc-zqdck,1739555986,269787136
adservice,adservice-55968cd5dc-zqdck,1739556286,273022976
adservice,adservice-55968cd5dc-zqdck,1739556586,323358720
adservice,adservice-55968cd5dc-zqdck,1739556886,342966272
adservice,adservice-55968cd5dc-zqdck,1739557186,342622208
adservice,adservice-55968cd5dc-zqdck,1739557486,342777856
adservice,adservice-55968cd5dc-zqdck,1739557786,342962176
adservice,adservice-55968cd5dc-zqdck,1739558086,343379968
adservice,adservice-55968cd5dc-zqdck,1739558386,343121920
adservice,adservice-55968cd5dc-zqdck,1739558686,335597568
adservice,adservice-55968cd5dc-zqdck,1739558986,340598784
adservice,adservice-55968cd5dc-zqdck,1739559286,338763776
adservice,adservice-55968cd5dc-zqdck,1739559586,338268160
adservice,adservice-55968cd5dc-zqdck,1739559886,338296832
adservice,adservice-55968cd5dc-zqdck,1739560186,338460672
adservice,adservice-55968cd5dc-zqdck,1739560486,338677760
adservice,adservice-55968cd5dc-zqdck,1739560786,341635072
adservice,adservice-55968cd5dc-zqdck,1739561086,339107840
adservice,adservice-55968cd5dc-zqdck,1739561386,339636224
adservice,adservice-55968cd5dc-zqdck,1739561686,341008384
adservice,adservice-55968cd5dc-zqdck,1739561986,341291008
adservice,adservice-55968cd5dc-zqdck,1739562286,340799488
adservice,adservice-55968cd5dc-zqdck,1739562586,345206784
adservice,adservice-55968cd5dc-zqdck,1739562886,362205184
adservice,adservice-55968cd5dc-zqdck,1739563186,362258432
adservice,adservice-55968cd5dc-zqdck,1739563486,362409984
adservice,adservice-55968cd5dc-zqdck,1739563786,363274240
adservice,adservice-55968cd5dc-zqdck,1739564086,362270720
adservice,adservice-55968cd5dc-zqdck,1739564386,362283008
adservice,adservice-55968cd5dc-zqdck,1739564686,362274816
adservice,adservice-55968cd5dc-zqdck,1739564986,343937024
adservice,adservice-55968cd5dc-zqdck,1739565286,356007936
adservice,adservice-55968cd5dc-zqdck,1739565586,356982784
adservice,adservice-55968cd5dc-zqdck,1739565886,342335488
adservice,adservice-55968cd5dc-zqdck,1739566186,344248320
adservice,adservice-55968cd5dc-zqdck,1739566486,344616960
adservice,adservice-55968cd5dc-zqdck,1739566786,345677824
adservice,adservice-55968cd5dc-zqdck,1739567086,346107904
adservice,adservice-55968cd5dc-zqdck,1739567386,346525696
adservice,adservice-55968cd5dc-zqdck,1739567686,346664960
adservice,adservice-55968cd5dc-zqdck,1739567986,346714112
adservice,adservice-55968cd5dc-zqdck,1739568286,347320320
adservice,adservice-55968cd5dc-zqdck,1739568586,348659712
adservice,adservice-55968cd5dc-zqdck,1739568886,348897280
adservice,adservice-55968cd5dc-zqdck,1739569186,349413376
adservice,adservice-55968cd5dc-zqdck,1739569486,348991488
adservice,adservice-55968cd5dc-zqdck,1739569786,348889088
adservice,adservice-55968cd5dc-zqdck,1739570086,348934144
adservice,adservice-55968cd5dc-zqdck,1739570386,349523968
adservice,adservice-55968cd5dc-zqdck,1739570686,348852224
adservice,adservice-55968cd5dc-zqdck,1739570986,348438528
adservice,adservice-55968cd5dc-zqdck,1739571286,349642752
adservice,adservice-55968cd5dc-zqdck,1739571586,349700096
adservice,adservice-55968cd5dc-zqdck,1739571886,349446144
adservice,adservice-55968cd5dc-zqdck,1739572186,349532160
adservice,adservice-55968cd5dc-zqdck,1739572486,350109696
adservice,adservice-55968cd5dc-zqdck,1739572786,350617600
adservice,adservice-55968cd5dc-zqdck,1739573086,350031872
adservice,adservice-55968cd5dc-zqdck,1739573386,350187520
adservice,adservice-55968cd5dc-zqdck,1739573686,350322688
adservice,adservice-55968cd5dc-zqdck,1739573986,350593024
adservice,adservice-55968cd5dc-zqdck,1739574286,350457856
adservice,adservice-55968cd5dc-zqdck,1739574586,351502336
adservice,adservice-55968cd5dc-zqdck,1739574886,350355456
adservice,adservice-55968cd5dc-zqdck,1739575186,352555008
adservice,adservice-55968cd5dc-zqdck,1739575486,353275904
adservice,adservice-55968cd5dc-zqdck,1739575786,352776192
adservice,adservice-55968cd5dc-zqdck,1739576086,352526336
adservice,adservice-55968cd5dc-zqdck,1739576386,352530432
adservice,adservice-55968cd5dc-zqdck,1739576686,352735232
adservice,adservice-55968cd5dc-zqdck,1739576986,352612352
adservice,adservice-55968cd5dc-zqdck,1739577286,352665600
adservice,adservice-55968cd5dc-zqdck,1739577586,352911360
adservice,adservice-55968cd5dc-zqdck,1739577886,352923648
adservice,adservice-55968cd5dc-zqdck,1739578186,352661504
adservice,adservice-55968cd5dc-zqdck,1739578486,342556672
adservice,adservice-55968cd5dc-zqdck,1739578786,342315008
adservice,adservice-55968cd5dc-zqdck,1739579086,338374656
adservice,adservice-55968cd5dc-zqdck,1739579386,338636800
adservice,adservice-55968cd5dc-zqdck,1739579686,338620416
adservice,adservice-55968cd5dc-zqdck,1739579986,339603456
adservice,adservice-55968cd5dc-zqdck,1739580286,338776064
adservice,adservice-55968cd5dc-zqdck,1739580586,339152896
adservice,adservice-55968cd5dc-zqdck,1739580886,338554880
adservice,adservice-55968cd5dc-zqdck,1739581186,338460672
adservice,adservice-55968cd5dc-zqdck,1739581486,338665472
adservice,adservice-55968cd5dc-zqdck,1739581786,338665472
adservice,adservice-55968cd5dc-zqdck,1739582086,338718720
adservice,adservice-55968cd5dc-zqdck,1739582386,339275776
adservice,adservice-55968cd5dc-zqdck,1739582686,343093248
adservice,adservice-55968cd5dc-zqdck,1739582986,353357824
adservice,adservice-55968cd5dc-zqdck,1739583286,367071232
adservice,adservice-55968cd5dc-zqdck,1739583586,364310528
adservice,adservice-55968cd5dc-zqdck,1739583886,309579776
adservice,adservice-55968cd5dc-zqdck,1739584186,347619328
adservice,adservice-55968cd5dc-zqdck,1739584486,348151808
adservice,adservice-55968cd5dc-zqdck,1739584786,348606464
adservice,adservice-55968cd5dc-zqdck,1739585086,351260672
adservice,adservice-55968cd5dc-zqdck,1739585386,351842304
adservice,adservice-55968cd5dc-zqdck,1739585686,352239616
adservice,adservice-55968cd5dc-zqdck,1739585986,352935936
adservice,adservice-55968cd5dc-zqdck,1739586286,352628736
adservice,adservice-55968cd5dc-zqdck,1739586586,352575488
adservice,adservice-55968cd5dc-zqdck,1739586886,353148928
adservice,adservice-55968cd5dc-zqdck,1739587186,353087488
adservice,adservice-55968cd5dc-zqdck,1739587486,353198080
adservice,adservice-55968cd5dc-zqdck,1739587786,353796096
adservice,adservice-55968cd5dc-zqdck,1739588086,353579008
adservice,adservice-55968cd5dc-zqdck,1739588386,354287616
adservice,adservice-55968cd5dc-zqdck,1739588686,353239040
adservice,adservice-55968cd5dc-zqdck,1739588986,353312768
adservice,adservice-55968cd5dc-zqdck,1739589286,354877440
adservice,adservice-55968cd5dc-zqdck,1739589586,355864576
adservice,adservice-55968cd5dc-zqdck,1739589886,355196928
adservice,adservice-55968cd5dc-zqdck,1739590186,354967552
adservice,adservice-55968cd5dc-zqdck,1739590486,354779136
adservice,adservice-55968cd5dc-zqdck,1739590786,353968128
adservice,adservice-55968cd5dc-zqdck,1739591086,353849344
adservice,adservice-55968cd5dc-zqdck,1739591386,355778560
adservice,adservice-55968cd5dc-zqdck,1739591686,354320384
adservice,adservice-55968cd5dc-zqdck,1739591986,355209216
adservice,adservice-55968cd5dc-zqdck,1739592286,355540992
adservice,adservice-55968cd5dc-zqdck,1739592586,355758080
adservice,adservice-55968cd5dc-zqdck,1739592886,355794944
adservice,adservice-55968cd5dc-zqdck,1739593186,356524032
adservice,adservice-55968cd5dc-zqdck,1739593486,356642816
adservice,adservice-55968cd5dc-zqdck,1739593786,356585472
adservice,adservice-55968cd5dc-zqdck,1739594086,367337472
adservice,adservice-55968cd5dc-zqdck,1739594386,367452160
adservice,adservice-55968cd5dc-zqdck,1739594686,344637440
adservice,adservice-55968cd5dc-zqdck,1739594986,346603520
adservice,adservice-55968cd5dc-zqdck,1739595286,346976256
adservice,adservice-55968cd5dc-zqdck,1739595586,347275264
adservice,adservice-55968cd5dc-zqdck,1739595886,347398144
adservice,adservice-55968cd5dc-zqdck,1739596186,348073984
adservice,adservice-55968cd5dc-zqdck,1739596486,346337280
adservice,adservice-55968cd5dc-zqdck,1739596786,349622272
adservice,adservice-55968cd5dc-zqdck,1739597086,346873856
adservice,adservice-55968cd5dc-zqdck,1739597386,348209152
adservice,adservice-55968cd5dc-zqdck,1739597686,357392384
adservice,adservice-55968cd5dc-zqdck,1739597986,367276032
adservice,adservice-55968cd5dc-zqdck,1739598286,359936000
adservice,adservice-55968cd5dc-zqdck,1739598586,348061696
adservice,adservice-55968cd5dc-zqdck,1739598886,347598848
adservice,adservice-55968cd5dc-zqdck,1739599186,347754496
adservice,adservice-55968cd5dc-zqdck,1739599486,348573696
adservice,adservice-55968cd5dc-zqdck,1739599786,361549824
adservice,adservice-55968cd5dc-zqdck,1739600086,216625152
adservice,adservice-55968cd5dc-zqdck,1739600386,346390528
adservice,adservice-55968cd5dc-zqdck,1739600686,344678400
adservice,adservice-55968cd5dc-zqdck,1739600986,347017216
adservice,adservice-55968cd5dc-zqdck,1739601286,345325568
adservice,adservice-55968cd5dc-zqdck,1739601586,345501696
adservice,adservice-55968cd5dc-zqdck,1739601886,347201536
adservice,adservice-55968cd5dc-zqdck,1739602186,348176384
adservice,adservice-55968cd5dc-zqdck,1739602486,350875648
adservice,adservice-55968cd5dc-zqdck,1739602786,346202112
adservice,adservice-55968cd5dc-zqdck,1739603086,349011968
adservice,adservice-55968cd5dc-zqdck,1739603386,346845184
adservice,adservice-55968cd5dc-zqdck,1739603686,347062272
adservice,adservice-55968cd5dc-zqdck,1739603986,347095040
adservice,adservice-55968cd5dc-zqdck,1739604286,348160000
adservice,adservice-55968cd5dc-zqdck,1739604586,347586560
adservice,adservice-55968cd5dc-zqdck,1739604886,347598848
adservice,adservice-55968cd5dc-zqdck,1739605186,347590656
adservice,adservice-55968cd5dc-zqdck,1739605486,347586560
adservice,adservice-55968cd5dc-zqdck,1739605786,347586560
adservice,adservice-55968cd5dc-zqdck,1739606086,347848704
adservice,adservice-55968cd5dc-zqdck,1739606386,347914240
adservice,adservice-55968cd5dc-zqdck,1739606686,347725824
adservice,adservice-55968cd5dc-zqdck,1739606986,348246016
adservice,adservice-55968cd5dc-zqdck,1739607286,348262400
adservice,adservice-55968cd5dc-zqdck,1739607586,348323840
adservice,adservice-55968cd5dc-zqdck,1739607886,348073984
adservice,adservice-55968cd5dc-zqdck,1739608186,355164160
adservice,adservice-55968cd5dc-zqdck,1739608486,366825472
adservice,adservice-55968cd5dc-zqdck,1739608786,340680704
adservice,adservice-55968cd5dc-zqdck,1739609086,341233664
adservice,adservice-55968cd5dc-zqdck,1739609386,341594112
adservice,adservice-55968cd5dc-zqdck,1739609686,342138880
adservice,adservice-55968cd5dc-zqdck,1739609986,342089728
adservice,adservice-55968cd5dc-zqdck,1739610286,342011904
adservice,adservice-55968cd5dc-zqdck,1739610586,342614016
adservice,adservice-55968cd5dc-zqdck,1739610886,345698304
adservice,adservice-55968cd5dc-zqdck,1739611186,344141824
adservice,adservice-55968cd5dc-zqdck,1739611486,346677248
adservice,adservice-55968cd5dc-zqdck,1739611786,344612864
adservice,adservice-55968cd5dc-zqdck,1739612086,347217920
adservice,adservice-55968cd5dc-zqdck,1739612386,347652096
adservice,adservice-55968cd5dc-zqdck,1739612686,347766784
adservice,adservice-55968cd5dc-zqdck,1739612986,347955200
adservice,adservice-55968cd5dc-zqdck,1739613286,351842304
adservice,adservice-55968cd5dc-zqdck,1739613586,358936576
adservice,adservice-55968cd5dc-zqdck,1739613886,348913664
adservice,adservice-55968cd5dc-zqdck,1739614186,348082176
adservice,adservice-55968cd5dc-zqdck,1739614486,348274688
adservice,adservice-55968cd5dc-zqdck,1739614786,350822400
adservice,adservice-55968cd5dc-zqdck,1739615086,349216768
adservice,adservice-55968cd5dc-zqdck,1739615386,349343744
adservice,adservice-55968cd5dc-zqdck,1739615686,349368320
adservice,adservice-55968cd5dc-zqdck,1739615986,349392896
adservice,adservice-55968cd5dc-zqdck,1739616286,349487104
adservice,adservice-55968cd5dc-zqdck,1739616586,349327360
adservice,adservice-55968cd5dc-zqdck,1739616886,349417472
adservice,adservice-55968cd5dc-zqdck,1739617186,349523968
adservice,adservice-55968cd5dc-zqdck,1739617486,349736960
adservice,adservice-55968cd5dc-zqdck,1739617786,349655040
adservice,adservice-55968cd5dc-zqdck,1739618086,349736960
adservice,adservice-55968cd5dc-zqdck,1739618386,349859840
adservice,adservice-55968cd5dc-zqdck,1739618686,350359552
adservice,adservice-55968cd5dc-zqdck,1739618986,349700096
adservice,adservice-55968cd5dc-zqdck,1739619286,349949952
adservice,adservice-55968cd5dc-zqdck,1739619586,350253056
adservice,adservice-55968cd5dc-zqdck,1739619886,349392896
adservice,adservice-55968cd5dc-zqdck,1739620186,352866304
adservice,adservice-55968cd5dc-zqdck,1739620486,350023680
adservice,adservice-55968cd5dc-zqdck,1739620786,350265344
adservice,adservice-55968cd5dc-zqdck,1739621086,350281728
adservice,adservice-55968cd5dc-zqdck,1739621386,350396416
adservice,adservice-55968cd5dc-zqdck,1739621686,350199808
adservice,adservice-55968cd5dc-zqdck,1739621986,340955136
adservice,adservice-55968cd5dc-zqdck,1739622286,341045248
adservice,adservice-55968cd5dc-zqdck,1739622586,342384640
adservice,adservice-55968cd5dc-zqdck,1739622886,341176320
adservice,adservice-55968cd5dc-zqdck,1739623186,341192704
adservice,adservice-55968cd5dc-zqdck,1739623486,341204992
adservice,adservice-55968cd5dc-zqdck,1739623786,341225472
adservice,adservice-55968cd5dc-zqdck,1739624086,342290432
adservice,adservice-55968cd5dc-zqdck,1739624386,341229568
adservice,adservice-55968cd5dc-zqdck,1739624686,343130112
adservice,adservice-55968cd5dc-zqdck,1739624986,342339584
adservice,adservice-55968cd5dc-zqdck,1739625286,341499904
adservice,adservice-55968cd5dc-zqdck,1739625586,340967424
adservice,adservice-55968cd5dc-zqdck,1739625886,341082112
adservice,adservice-55968cd5dc-zqdck,1739626186,341340160
adservice,adservice-55968cd5dc-zqdck,1739626486,342908928
adservice,adservice-55968cd5dc-zqdck,1739626786,341147648
adservice,adservice-55968cd5dc-zqdck,1739627086,341434368
adservice,adservice-55968cd5dc-zqdck,1739627386,341241856
adservice,adservice-55968cd5dc-zqdck,1739627686,341323776
adservice,adservice-55968cd5dc-zqdck,1739627986,341356544
adservice,adservice-55968cd5dc-zqdck,1739628286,341626880
adservice,adservice-55968cd5dc-zqdck,1739628586,341671936
adservice,adservice-55968cd5dc-zqdck,1739628886,341446656
adservice,adservice-55968cd5dc-zqdck,1739629186,343543808
adservice,adservice-55968cd5dc-zqdck,1739629486,343900160
adservice,adservice-55968cd5dc-zqdck,1739629786,344244224
adservice,adservice-55968cd5dc-zqdck,1739630086,343953408
adservice,adservice-55968cd5dc-zqdck,1739630386,343818240
adservice,adservice-55968cd5dc-zqdck,1739630686,347983872
adservice,adservice-55968cd5dc-zqdck,1739630986,345952256
adservice,adservice-55968cd5dc-zqdck,1739631286,345706496
adservice,adservice-55968cd5dc-zqdck,1739631586,345702400
adservice,adservice-55968cd5dc-zqdck,1739631886,345792512
adservice,adservice-55968cd5dc-zqdck,1739632186,347893760
adservice,adservice-55968cd5dc-zqdck,1739632486,348078080
adservice,adservice-55968cd5dc-zqdck,1739632786,348205056
adservice,adservice-55968cd5dc-zqdck,1739633086,348815360
adservice,adservice-55968cd5dc-zqdck,1739633386,348463104
adservice,adservice-55968cd5dc-zqdck,1739633686,350720000
adservice,adservice-55968cd5dc-zqdck,1739633986,349532160
adservice,adservice-55968cd5dc-zqdck,1739634286,349380608
adservice,adservice-55968cd5dc-zqdck,1739634586,349462528
adservice,adservice-55968cd5dc-zqdck,1739634886,349962240
adservice,adservice-55968cd5dc-zqdck,1739635186,349982720
adservice,adservice-55968cd5dc-zqdck,1739635486,367669248
adservice,adservice-55968cd5dc-zqdck,1739635786,341020672
adservice,adservice-55968cd5dc-zqdck,1739636086,356954112
adservice,adservice-55968cd5dc-zqdck,1739636386,354107392
adservice,adservice-55968cd5dc-zqdck,1739636686,345731072
adservice,adservice-55968cd5dc-zqdck,1739636986,346714112
adservice,adservice-55968cd5dc-zqdck,1739637286,346570752
adservice,adservice-55968cd5dc-zqdck,1739637586,343576576
adservice,adservice-55968cd5dc-zqdck,1739637886,343248896
adservice,adservice-55968cd5dc-zqdck,1739638186,343121920
adservice,adservice-55968cd5dc-zqdck,1739638486,340398080
adservice,adservice-55968cd5dc-zqdck,1739638786,340611072
adservice,adservice-55968cd5dc-zqdck,1739639086,341061632
adservice,adservice-55968cd5dc-zqdck,1739639386,341012480
adservice,adservice-55968cd5dc-zqdck,1739639686,341557248
adservice,adservice-55968cd5dc-zqdck,1739639986,342081536
adservice,adservice-55968cd5dc-zqdck,1739640286,342437888
adservice,adservice-55968cd5dc-zqdck,1739640586,342994944
adservice,adservice-55968cd5dc-zqdck,1739640886,343617536
adservice,adservice-55968cd5dc-zqdck,1739641186,343400448
adservice,adservice-55968cd5dc-zqdck,1739641486,345391104
adservice,adservice-55968cd5dc-zqdck,1739641786,349143040
adservice,adservice-55968cd5dc-zqdck,1739642086,345911296
adservice,adservice-55968cd5dc-zqdck,1739642386,346939392
adservice,adservice-55968cd5dc-zqdck,1739642686,346083328
adservice,adservice-55968cd5dc-zqdck,1739642986,341397504
adservice,adservice-55968cd5dc-zqdck,1739643286,341127168
adservice,adservice-55968cd5dc-zqdck,1739643586,341159936
adservice,adservice-55968cd5dc-zqdck,1739643886,341237760
adservice,adservice-55968cd5dc-zqdck,1739644186,341721088
adservice,adservice-55968cd5dc-zqdck,1739644486,340451328
adservice,adservice-55968cd5dc-zqdck,1739644786,340742144
adservice,adservice-55968cd5dc-zqdck,1739645086,340738048
adservice,adservice-55968cd5dc-zqdck,1739645386,340865024
adservice,adservice-55968cd5dc-zqdck,1739645686,344748032
adservice,adservice-55968cd5dc-zqdck,1739645986,343097344
adservice,adservice-55968cd5dc-zqdck,1739646286,342573056
adservice,adservice-55968cd5dc-zqdck,1739646586,341729280
adservice,adservice-55968cd5dc-zqdck,1739646886,341577728
adservice,adservice-55968cd5dc-zqdck,1739647186,342147072
adservice,adservice-55968cd5dc-zqdck,1739647486,341708800
adservice,adservice-55968cd5dc-zqdck,1739647786,341733376
adservice,adservice-55968cd5dc-zqdck,1739648086,341737472
adservice,adservice-55968cd5dc-zqdck,1739648386,341643264
adservice,adservice-55968cd5dc-zqdck,1739648686,341594112
adservice,adservice-55968cd5dc-zqdck,1739648986,341622784
adservice,adservice-55968cd5dc-zqdck,1739649286,341741568
adservice,adservice-55968cd5dc-zqdck,1739649586,126205952
adservice,adservice-55968cd5dc-zqdck,1739649886,256335872
adservice,adservice-55968cd5dc-zqdck,1739650186,323162112
adservice,adservice-55968cd5dc-zqdck,1739650486,326868992
adservice,adservice-55968cd5dc-zqdck,1739650786,329527296
adservice,adservice-55968cd5dc-zqdck,1739651086,328585216
adservice,adservice-55968cd5dc-zqdck,1739651386,341639168
adservice,adservice-55968cd5dc-zqdck,1739651686,354693120
adservice,adservice-55968cd5dc-zqdck,1739651986,352423936
adservice,adservice-55968cd5dc-zqdck,1739652286,352526336
adservice,adservice-55968cd5dc-zqdck,1739652586,352612352
adservice,adservice-55968cd5dc-zqdck,1739652886,352870400
adservice,adservice-55968cd5dc-zqdck,1739653186,353411072
adservice,adservice-55968cd5dc-zqdck,1739653486,354402304
adservice,adservice-55968cd5dc-zqdck,1739653786,354168832
adservice,adservice-55968cd5dc-zqdck,1739654086,353865728
adservice,adservice-55968cd5dc-zqdck,1739654386,354381824
adservice,adservice-55968cd5dc-zqdck,1739654686,354652160
adservice,adservice-55968cd5dc-zqdck,1739654986,357085184
adservice,adservice-55968cd5dc-zqdck,1739655286,357568512
adservice,adservice-55968cd5dc-zqdck,1739655586,357687296
adservice,adservice-55968cd5dc-zqdck,1739655886,357527552
adservice,adservice-55968cd5dc-zqdck,1739656186,357105664
adservice,adservice-55968cd5dc-zqdck,1739656486,360177664
adservice,adservice-55968cd5dc-zqdck,1739656786,357797888
adservice,adservice-55968cd5dc-zqdck,1739657086,357359616
adservice,adservice-55968cd5dc-zqdck,1739657386,357429248
adservice,adservice-55968cd5dc-zqdck,1739657686,357609472
adservice,adservice-55968cd5dc-zqdck,1739657986,357576704
adservice,adservice-55968cd5dc-zqdck,1739658286,359763968
adservice,adservice-55968cd5dc-zqdck,1739658586,358400000
adservice,adservice-55968cd5dc-zqdck,1739658886,358612992
adservice,adservice-55968cd5dc-zqdck,1739659186,361082880
adservice,adservice-55968cd5dc-zqdck,1739659486,358653952
adservice,adservice-55968cd5dc-zqdck,1739659786,358559744
adservice,adservice-55968cd5dc-zqdck,1739660086,358703104
adservice,adservice-55968cd5dc-zqdck,1739660386,358379520
adservice,adservice-55968cd5dc-zqdck,1739660686,359333888
adservice,adservice-55968cd5dc-zqdck,1739660986,346058752
adservice,adservice-55968cd5dc-zqdck,1739661286,344440832
adservice,adservice-55968cd5dc-zqdck,1739661586,344236032
adservice,adservice-55968cd5dc-zqdck,1739661886,344502272
adservice,adservice-55968cd5dc-zqdck,1739662186,344354816
adservice,adservice-55968cd5dc-zqdck,1739662486,344682496
adservice,adservice-55968cd5dc-zqdck,1739662786,346173440
adservice,adservice-55968cd5dc-zqdck,1739663086,348577792
adservice,adservice-55968cd5dc-zqdck,1739663386,346845184
adservice,adservice-55968cd5dc-zqdck,1739663686,350732288
adservice,adservice-55968cd5dc-zqdck,1739663986,372256768
adservice,adservice-55968cd5dc-zqdck,1739664286,242499584
adservice,adservice-55968cd5dc-zqdck,1739664586,352747520
adservice,adservice-55968cd5dc-zqdck,1739664886,350613504
adservice,adservice-55968cd5dc-zqdck,1739665186,353071104
adservice,adservice-55968cd5dc-zqdck,1739665486,351928320
adservice,adservice-55968cd5dc-zqdck,1739665786,344465408
adservice,adservice-55968cd5dc-zqdck,1739666086,344686592
adservice,adservice-55968cd5dc-zqdck,1739666386,345239552
adservice,adservice-55968cd5dc-zqdck,1739666686,345272320
adservice,adservice-55968cd5dc-zqdck,1739666986,346296320
adservice,adservice-55968cd5dc-zqdck,1739667286,346628096
adservice,adservice-55968cd5dc-zqdck,1739667586,343670784
adservice,adservice-55968cd5dc-zqdck,1739667886,343855104
adservice,adservice-55968cd5dc-zqdck,1739668186,344272896
adservice,adservice-55968cd5dc-zqdck,1739668486,343220224
adservice,adservice-55968cd5dc-zqdck,1739668786,343556096
adservice,adservice-55968cd5dc-zqdck,1739669086,348270592
adservice,adservice-55968cd5dc-zqdck,1739669386,355176448
adservice,adservice-55968cd5dc-zqdck,1739669686,356204544
adservice,adservice-55968cd5dc-zqdck,1739669986,354557952
adservice,adservice-55968cd5dc-zqdck,1739670286,355090432
adservice,adservice-55968cd5dc-zqdck,1739670586,373755904
adservice,adservice-55968cd5dc-zqdck,1739670886,234254336
adservice,adservice-55968cd5dc-zqdck,1739671186,346939392
adservice,adservice-55968cd5dc-zqdck,1739671486,338677760
adservice,adservice-55968cd5dc-zqdck,1739671786,339349504
adservice,adservice-55968cd5dc-zqdck,1739672086,339394560
adservice,adservice-55968cd5dc-zqdck,1739672386,339312640
adservice,adservice-55968cd5dc-zqdck,1739672686,339750912
adservice,adservice-55968cd5dc-zqdck,1739672986,340254720
adservice,adservice-55968cd5dc-zqdck,1739673286,340905984
adservice,adservice-55968cd5dc-zqdck,1739673586,341274624
adservice,adservice-55968cd5dc-zqdck,1739673886,340922368
adservice,adservice-55968cd5dc-zqdck,1739674186,340791296
adservice,adservice-55968cd5dc-zqdck,1739674486,339214336
adservice,adservice-55968cd5dc-zqdck,1739674786,340578304
adservice,adservice-55968cd5dc-zqdck,1739675086,340664320
adservice,adservice-55968cd5dc-zqdck,1739675386,340733952
adservice,adservice-55968cd5dc-zqdck,1739675686,340688896
adservice,adservice-55968cd5dc-zqdck,1739675986,339910656
adservice,adservice-55968cd5dc-zqdck,1739676286,339988480
adservice,adservice-55968cd5dc-zqdck,1739676586,339804160
adservice,adservice-55968cd5dc-zqdck,1739676886,340045824
adservice,adservice-55968cd5dc-zqdck,1739677186,338620416
adservice,adservice-55968cd5dc-zqdck,1739677486,338755584
adservice,adservice-55968cd5dc-zqdck,1739677786,340422656
adservice,adservice-55968cd5dc-zqdck,1739678086,339107840
adservice,adservice-55968cd5dc-zqdck,1739678386,339132416
adservice,adservice-55968cd5dc-zqdck,1739678686,339165184
adservice,adservice-55968cd5dc-zqdck,1739678986,339136512
adservice,adservice-55968cd5dc-zqdck,1739679286,339419136
adservice,adservice-55968cd5dc-zqdck,1739679586,339492864
adservice,adservice-55968cd5dc-zqdck,1739679886,339292160
adservice,adservice-55968cd5dc-zqdck,1739680186,339992576
adservice,adservice-55968cd5dc-zqdck,1739680486,339529728
adservice,adservice-55968cd5dc-zqdck,1739680786,339722240
adservice,adservice-55968cd5dc-zqdck,1739681086,339410944
adservice,adservice-55968cd5dc-zqdck,1739681386,339603456
adservice,adservice-55968cd5dc-zqdck,1739681686,339804160
adservice,adservice-55968cd5dc-zqdck,1739681986,341000192
adservice,adservice-55968cd5dc-zqdck,1739682286,334622720
adservice,adservice-55968cd5dc-zqdck,1739682586,334811136
adservice,adservice-55968cd5dc-zqdck,1739682886,335048704
adservice,adservice-55968cd5dc-zqdck,1739683186,335007744
adservice,adservice-55968cd5dc-zqdck,1739683486,334966784
adservice,adservice-55968cd5dc-zqdck,1739683786,335765504
adservice,adservice-55968cd5dc-zqdck,1739684086,334237696
adservice,adservice-55968cd5dc-zqdck,1739684386,333856768
adservice,adservice-55968cd5dc-zqdck,1739684686,334020608
adservice,adservice-55968cd5dc-zqdck,1739684986,334200832
adservice,adservice-55968cd5dc-zqdck,1739685286,333406208
adservice,adservice-55968cd5dc-zqdck,1739685586,333516800
adservice,adservice-55968cd5dc-zqdck,1739685886,333455360
adservice,adservice-55968cd5dc-zqdck,1739686186,333369344
adservice,adservice-55968cd5dc-zqdck,1739686486,333516800
adservice,adservice-55968cd5dc-zqdck,1739686786,335089664
adservice,adservice-55968cd5dc-zqdck,1739687086,334041088
adservice,adservice-55968cd5dc-zqdck,1739687386,336244736
adservice,adservice-55968cd5dc-zqdck,1739687686,337465344
adservice,adservice-55968cd5dc-zqdck,1739687986,336138240
adservice,adservice-55968cd5dc-zqdck,1739688286,336490496
adservice,adservice-55968cd5dc-zqdck,1739688586,336306176
adservice,adservice-55968cd5dc-zqdck,1739688886,336322560
adservice,adservice-55968cd5dc-zqdck,1739689186,342949888
adservice,adservice-55968cd5dc-zqdck,1739689486,368771072
adservice,adservice-55968cd5dc-zqdck,1739689786,346034176
adservice,adservice-55968cd5dc-zqdck,1739690086,346923008
adservice,adservice-55968cd5dc-zqdck,1739690386,347021312
adservice,adservice-55968cd5dc-zqdck,1739690686,347418624
adservice,adservice-55968cd5dc-zqdck,1739690986,345378816
adservice,adservice-55968cd5dc-zqdck,1739691286,345231360
adservice,adservice-55968cd5dc-zqdck,1739691586,345911296
adservice,adservice-55968cd5dc-zqdck,1739691886,345747456
adservice,adservice-55968cd5dc-zqdck,1739692186,336154624
adservice,adservice-55968cd5dc-zqdck,1739692486,336441344
adservice,adservice-55968cd5dc-zqdck,1739692786,336482304
adservice,adservice-55968cd5dc-zqdck,1739693086,336678912
adservice,adservice-55968cd5dc-zqdck,1739693386,337567744
adservice,adservice-55968cd5dc-zqdck,1739693686,336801792
adservice,adservice-55968cd5dc-zqdck,1739693986,339734528
adservice,adservice-55968cd5dc-zqdck,1739694286,337256448
adservice,adservice-55968cd5dc-zqdck,1739694586,337326080
adservice,adservice-55968cd5dc-zqdck,1739694886,337092608
adservice,adservice-55968cd5dc-zqdck,1739695186,316432384
adservice,adservice-55968cd5dc-zqdck,1739695486,316084224
adservice,adservice-55968cd5dc-zqdck,1739695786,316895232
adservice,adservice-55968cd5dc-zqdck,1739696086,317235200
adservice,adservice-55968cd5dc-zqdck,1739696386,317566976
adservice,adservice-55968cd5dc-zqdck,1739696686,317390848
adservice,adservice-55968cd5dc-zqdck,1739696986,320839680
adservice,adservice-55968cd5dc-zqdck,1739697286,325107712
adservice,adservice-55968cd5dc-zqdck,1739697586,325124096
adservice,adservice-55968cd5dc-zqdck,1739697886,325132288
adservice,adservice-55968cd5dc-zqdck,1739698186,327266304
adservice,adservice-55968cd5dc-zqdck,1739698486,327270400
adservice,adservice-55968cd5dc-zqdck,1739698786,327684096
adservice,adservice-55968cd5dc-zqdck,1739699086,340758528
adservice,adservice-55968cd5dc-zqdck,1739699386,354263040
adservice,adservice-55968cd5dc-zqdck,1739699686,317296640
adservice,adservice-55968cd5dc-zqdck,1739699986,340967424
adservice,adservice-55968cd5dc-zqdck,1739700286,344178688
adservice,adservice-55968cd5dc-zqdck,1739700586,344379392
adservice,adservice-55968cd5dc-zqdck,1739700886,347664384
adservice,adservice-55968cd5dc-zqdck,1739701186,348192768
adservice,adservice-55968cd5dc-zqdck,1739701486,348291072
adservice,adservice-55968cd5dc-zqdck,1739701786,348860416
adservice,adservice-55968cd5dc-zqdck,1739702086,349024256
adservice,adservice-55968cd5dc-zqdck,1739702386,349024256
adservice,adservice-55968cd5dc-zqdck,1739702686,349487104
adservice,adservice-55968cd5dc-zqdck,1739702986,349351936
adservice,adservice-55968cd5dc-zqdck,1739703286,349552640
adservice,adservice-55968cd5dc-zqdck,1739703586,349073408
adservice,adservice-55968cd5dc-zqdck,1739703886,348909568
adservice,adservice-55968cd5dc-zqdck,1739704186,349937664
adservice,adservice-55968cd5dc-zqdck,1739704486,350605312
adservice,adservice-55968cd5dc-zqdck,1739704786,350076928
adservice,adservice-55968cd5dc-zqdck,1739705086,350797824
adservice,adservice-55968cd5dc-zqdck,1739705386,349687808
adservice,adservice-55968cd5dc-zqdck,1739705686,350400512
adservice,adservice-55968cd5dc-zqdck,1739705986,350687232
adservice,adservice-55968cd5dc-zqdck,1739706286,349667328
adservice,adservice-55968cd5dc-zqdck,1739706586,350969856
adservice,adservice-55968cd5dc-zqdck,1739706886,350236672
adservice,adservice-55968cd5dc-zqdck,1739707186,350154752
adservice,adservice-55968cd5dc-zqdck,1739707486,349134848
adservice,adservice-55968cd5dc-zqdck,1739707786,349483008
adservice,adservice-55968cd5dc-zqdck,1739708086,349392896
adservice,adservice-55968cd5dc-zqdck,1739708386,343126016
adservice,adservice-55968cd5dc-zqdck,1739708686,344449024
adservice,adservice-55968cd5dc-zqdck,1739708986,339271680
adservice,adservice-55968cd5dc-zqdck,1739709286,265207808
adservice,adservice-55968cd5dc-zqdck,1739709586,271179776
adservice,adservice-55968cd5dc-zqdck,1739709886,349773824
adservice,adservice-55968cd5dc-zqdck,1739710186,355344384
adservice,adservice-55968cd5dc-zqdck,1739710486,355876864
adservice,adservice-55968cd5dc-zqdck,1739710786,359321600
adservice,adservice-55968cd5dc-zqdck,1739711086,361480192
adservice,adservice-55968cd5dc-zqdck,1739711386,360050688
adservice,adservice-55968cd5dc-zqdck,1739711686,360456192
adservice,adservice-55968cd5dc-zqdck,1739711986,363343872
adservice,adservice-55968cd5dc-zqdck,1739712286,365551616
adservice,adservice-55968cd5dc-zqdck,1739712586,366530560
adservice,adservice-55968cd5dc-zqdck,1739712886,366821376
adservice,adservice-55968cd5dc-zqdck,1739713186,367173632
adservice,adservice-55968cd5dc-zqdck,1739713486,352817152
adservice,adservice-55968cd5dc-zqdck,1739713786,347136000
adservice,adservice-55968cd5dc-zqdck,1739714086,347525120
adservice,adservice-55968cd5dc-zqdck,1739714386,347004928
adservice,adservice-55968cd5dc-zqdck,1739714686,348082176
adservice,adservice-55968cd5dc-zqdck,1739714986,348610560
adservice,adservice-55968cd5dc-zqdck,1739715286,348168192
adservice,adservice-55968cd5dc-zqdck,1739715586,342482944
adservice,adservice-55968cd5dc-zqdck,1739715886,342691840
adservice,adservice-55968cd5dc-zqdck,1739716186,344207360
adservice,adservice-55968cd5dc-zqdck,1739716486,343388160
adservice,adservice-55968cd5dc-zqdck,1739716786,343310336
adservice,adservice-55968cd5dc-zqdck,1739717086,169328640
adservice,adservice-55968cd5dc-zqdck,1739717386,357978112
adservice,adservice-55968cd5dc-zqdck,1739717686,345890816
adservice,adservice-55968cd5dc-zqdck,1739717986,345628672
adservice,adservice-55968cd5dc-zqdck,1739718286,347693056
adservice,adservice-55968cd5dc-zqdck,1739718586,347811840
adservice,adservice-55968cd5dc-zqdck,1739718886,347979776
adservice,adservice-55968cd5dc-zqdck,1739719186,348553216
adservice,adservice-55968cd5dc-zqdck,1739719486,349650944
adservice,adservice-55968cd5dc-zqdck,1739719786,348667904
adservice,adservice-55968cd5dc-zqdck,1739720086,349306880
adservice,adservice-55968cd5dc-zqdck,1739720386,349483008
adservice,adservice-55968cd5dc-zqdck,1739720686,349532160
adservice,adservice-55968cd5dc-zqdck,1739720986,349880320
adservice,adservice-55968cd5dc-zqdck,1739721286,351207424
adservice,adservice-55968cd5dc-zqdck,1739721586,350273536
adservice,adservice-55968cd5dc-zqdck,1739721886,350449664
adservice,adservice-55968cd5dc-zqdck,1739722186,350539776
adservice,adservice-55968cd5dc-zqdck,1739722486,353693696
adservice,adservice-55968cd5dc-zqdck,1739722786,350711808
adservice,adservice-55968cd5dc-zqdck,1739723086,350924800
adservice,adservice-55968cd5dc-zqdck,1739723386,362815488
adservice,adservice-55968cd5dc-zqdck,1739723686,353062912
adservice,adservice-55968cd5dc-zqdck,1739723986,353251328
adservice,adservice-55968cd5dc-zqdck,1739724286,355045376
adservice,adservice-55968cd5dc-zqdck,1739724586,353476608
adservice,adservice-55968cd5dc-zqdck,1739724886,354107392
adservice,adservice-55968cd5dc-zqdck,1739725186,351936512
adservice,adservice-55968cd5dc-zqdck,1739725486,352161792
adservice,adservice-55968cd5dc-zqdck,1739725786,358076416
adservice,adservice-55968cd5dc-zqdck,1739726086,361517056
adservice,adservice-55968cd5dc-zqdck,1739726386,376532992
adservice,adservice-55968cd5dc-zqdck,1739726686,301932544
adservice,adservice-55968cd5dc-zqdck,1739726986,357273600
adservice,adservice-55968cd5dc-zqdck,1739727286,359718912
adservice,adservice-55968cd5dc-zqdck,1739727586,360910848
adservice,adservice-55968cd5dc-zqdck,1739727886,360824832
adservice,adservice-55968cd5dc-zqdck,1739728186,363986944
adservice,adservice-55968cd5dc-zqdck,1739728486,363909120
adservice,adservice-55968cd5dc-zqdck,1739728786,364933120
adservice,adservice-55968cd5dc-zqdck,1739729086,362717184
adservice,adservice-55968cd5dc-zqdck,1739729386,362303488
adservice,adservice-55968cd5dc-zqdck,1739729686,364916736
adservice,adservice-55968cd5dc-zqdck,1739729986,363651072
adservice,adservice-55968cd5dc-zqdck,1739730286,366002176
adservice,adservice-55968cd5dc-zqdck,1739730586,366518272
adservice,adservice-55968cd5dc-zqdck,1739730886,366268416
adservice,adservice-55968cd5dc-zqdck,1739731186,366317568
adservice,adservice-55968cd5dc-zqdck,1739731486,368693248
adservice,adservice-55968cd5dc-zqdck,1739731786,379449344
adservice,adservice-55968cd5dc-zqdck,1739732086,377311232
adservice,adservice-55968cd5dc-zqdck,1739732386,380084224
adservice,adservice-55968cd5dc-zqdck,1739732686,382152704
adservice,adservice-55968cd5dc-zqdck,1739732986,380809216
adservice,adservice-55968cd5dc-zqdck,1739733286,380907520
adservice,adservice-55968cd5dc-zqdck,1739733586,381218816
adservice,adservice-55968cd5dc-zqdck,1739733886,383639552
adservice,adservice-55968cd5dc-zqdck,1739734186,378744832
adservice,adservice-55968cd5dc-zqdck,1739734486,378843136
adservice,adservice-55968cd5dc-zqdck,1739734786,381448192
adservice,adservice-55968cd5dc-zqdck,1739735086,381239296
adservice,adservice-55968cd5dc-zqdck,1739735386,384311296
adservice,adservice-55968cd5dc-zqdck,1739735686,353480704
adservice,adservice-55968cd5dc-zqdck,1739735986,348413952
adservice,adservice-55968cd5dc-zqdck,1739736286,348422144
adservice,adservice-55968cd5dc-zqdck,1739736586,348307456
adservice,adservice-55968cd5dc-zqdck,1739736886,351436800
adservice,adservice-55968cd5dc-zqdck,1739737186,353243136
adservice,adservice-55968cd5dc-zqdck,1739737486,352702464
adservice,adservice-55968cd5dc-zqdck,1739737786,352632832
adservice,adservice-55968cd5dc-zqdck,1739738086,352870400
adservice,adservice-55968cd5dc-zqdck,1739738386,353357824
adservice,adservice-55968cd5dc-zqdck,1739738686,352595968
adservice,adservice-55968cd5dc-zqdck,1739738986,353042432
adservice,adservice-55968cd5dc-zqdck,1739739286,353218560
adservice,adservice-55968cd5dc-zqdck,1739739586,353538048
adservice,adservice-55968cd5dc-zqdck,1739739886,353546240
adservice,adservice-55968cd5dc-zqdck,1739740186,353476608
adservice,adservice-55968cd5dc-zqdck,1739740486,353673216
adservice,adservice-55968cd5dc-zqdck,1739740786,353685504
adservice,adservice-55968cd5dc-zqdck,1739741086,354308096
adservice,adservice-55968cd5dc-zqdck,1739741386,353763328
adservice,adservice-55968cd5dc-zqdck,1739741686,353959936
adservice,adservice-55968cd5dc-zqdck,1739741986,353964032
adservice,adservice-55968cd5dc-zqdck,1739742286,354070528
adservice,adservice-55968cd5dc-zqdck,1739742586,353796096
adservice,adservice-55968cd5dc-zqdck,1739742886,354512896
adservice,adservice-55968cd5dc-zqdck,1739743186,352071680
adservice,adservice-55968cd5dc-zqdck,1739743486,349675520
adservice,adservice-55968cd5dc-zqdck,1739743786,349958144
adservice,adservice-55968cd5dc-zqdck,1739744086,349859840
adservice,adservice-55968cd5dc-zqdck,1739744386,349790208
adservice,adservice-55968cd5dc-zqdck,1739744686,350998528
adservice,adservice-55968cd5dc-zqdck,1739744986,349560832
adservice,adservice-55968cd5dc-zqdck,1739745286,349597696
adservice,adservice-55968cd5dc-zqdck,1739745586,349614080
adservice,adservice-55968cd5dc-zqdck,1739745886,349646848
adservice,adservice-55968cd5dc-zqdck,1739746186,349798400
adservice,adservice-55968cd5dc-zqdck,1739746486,349724672
adservice,adservice-55968cd5dc-zqdck,1739746786,349769728
adservice,adservice-55968cd5dc-zqdck,1739747086,349941760
adservice,adservice-55968cd5dc-zqdck,1739747386,350298112
adservice,adservice-55968cd5dc-zqdck,1739747686,343896064
adservice,adservice-55968cd5dc-zqdck,1739747986,342429696
adservice,adservice-55968cd5dc-zqdck,1739748286,339148800
adservice,adservice-55968cd5dc-zqdck,1739748586,340008960
adservice,adservice-55968cd5dc-zqdck,1739748886,339918848
adservice,adservice-55968cd5dc-zqdck,1739749186,340058112
adservice,adservice-55968cd5dc-zqdck,1739749486,340316160
adservice,adservice-55968cd5dc-zqdck,1739749786,338010112
adservice,adservice-55968cd5dc-zqdck,1739750086,338071552
adservice,adservice-55968cd5dc-zqdck,1739750386,338874368
adservice,adservice-55968cd5dc-zqdck,1739750686,337899520
adservice,adservice-55968cd5dc-zqdck,1739750986,338341888
adservice,adservice-55968cd5dc-zqdck,1739751286,338415616
adservice,adservice-55968cd5dc-zqdck,1739751586,338239488
adservice,adservice-55968cd5dc-zqdck,1739751886,338272256
adservice,adservice-55968cd5dc-zqdck,1739752186,338309120
adservice,adservice-55968cd5dc-zqdck,1739752486,338268160
adservice,adservice-55968cd5dc-zqdck,1739752786,338268160
adservice,adservice-55968cd5dc-zqdck,1739753086,338202624
adservice,adservice-55968cd5dc-zqdck,1739753386,339714048
adservice,adservice-55968cd5dc-zqdck,1739753686,338104320
adservice,adservice-55968cd5dc-zqdck,1739753986,338096128
adservice,adservice-55968cd5dc-zqdck,1739754286,338149376
adservice,adservice-55968cd5dc-zqdck,1739754586,338116608
adservice,adservice-55968cd5dc-zqdck,1739754886,338464768
adservice,adservice-55968cd5dc-zqdck,1739755186,338489344
adservice,adservice-55968cd5dc-zqdck,1739755486,338423808
adservice,adservice-55968cd5dc-zqdck,1739755786,339832832
adservice,adservice-55968cd5dc-zqdck,1739756086,338337792
adservice,adservice-55968cd5dc-zqdck,1739756386,338386944
adservice,adservice-55968cd5dc-zqdck,1739756686,338706432
adservice,adservice-55968cd5dc-zqdck,1739756986,338763776
adservice,adservice-55968cd5dc-zqdck,1739757286,338771968
adservice,adservice-55968cd5dc-zqdck,1739757586,338837504
adservice,adservice-55968cd5dc-zqdck,1739757886,339087360
adservice,adservice-55968cd5dc-zqdck,1739758186,338784256
adservice,adservice-55968cd5dc-zqdck,1739758486,338866176
adservice,adservice-55968cd5dc-zqdck,1739758786,338931712
adservice,adservice-55968cd5dc-zqdck,1739759086,339042304
adservice,adservice-55968cd5dc-zqdck,1739759386,338767872
adservice,adservice-55968cd5dc-zqdck,1739759686,339668992
adservice,adservice-55968cd5dc-zqdck,1739759986,338944000
adservice,adservice-55968cd5dc-zqdck,1739760286,339873792
adservice,adservice-55968cd5dc-zqdck,1739760586,346992640
adservice,adservice-55968cd5dc-zqdck,1739760886,345079808
adservice,adservice-55968cd5dc-zqdck,1739761186,345088000
adservice,adservice-55968cd5dc-zqdck,1739761486,345104384
adservice,adservice-55968cd5dc-zqdck,1739761786,345337856
adservice,adservice-55968cd5dc-zqdck,1739762086,347402240
adservice,adservice-55968cd5dc-zqdck,1739762386,347451392
adservice,adservice-55968cd5dc-zqdck,1739762686,347508736
adservice,adservice-55968cd5dc-zqdck,1739762986,347586560
adservice,adservice-55968cd5dc-zqdck,1739763286,348483584
adservice,adservice-55968cd5dc-zqdck,1739763586,364208128
adservice,adservice-55968cd5dc-zqdck,1739763886,355381248
adservice,adservice-55968cd5dc-zqdck,1739764186,356044800
adservice,adservice-55968cd5dc-zqdck,1739764486,346308608
adservice,adservice-55968cd5dc-zqdck,1739764786,349724672
adservice,adservice-55968cd5dc-zqdck,1739765086,348127232
adservice,adservice-55968cd5dc-zqdck,1739765386,347754496
adservice,adservice-55968cd5dc-zqdck,1739765686,347951104
adservice,adservice-55968cd5dc-zqdck,1739765986,348028928
adservice,adservice-55968cd5dc-zqdck,1739766286,348397568
adservice,adservice-55968cd5dc-zqdck,1739766586,351158272
adservice,adservice-55968cd5dc-zqdck,1739766886,350142464
adservice,adservice-55968cd5dc-zqdck,1739767186,350396416
adservice,adservice-55968cd5dc-zqdck,1739767486,349732864
adservice,adservice-55968cd5dc-zqdck,1739767786,350134272
adservice,adservice-55968cd5dc-zqdck,1739768086,350195712
adservice,adservice-55968cd5dc-zqdck,1739768386,352555008
adservice,adservice-55968cd5dc-zqdck,1739768686,350969856
adservice,adservice-55968cd5dc-zqdck,1739768986,349847552
adservice,adservice-55968cd5dc-zqdck,1739769286,350138368
adservice,adservice-55968cd5dc-zqdck,1739769586,350420992
adservice,adservice-55968cd5dc-zqdck,1739769886,350330880
adservice,adservice-55968cd5dc-zqdck,1739770186,352399360
adservice,adservice-55968cd5dc-zqdck,1739770486,350425088
adservice,adservice-55968cd5dc-zqdck,1739770786,351387648
adservice,adservice-55968cd5dc-zqdck,1739771086,350859264
adservice,adservice-55968cd5dc-zqdck,1739771386,351342592
adservice,adservice-55968cd5dc-zqdck,1739771686,351244288
adservice,adservice-55968cd5dc-zqdck,1739771986,353533952
adservice,adservice-55968cd5dc-zqdck,1739772286,351010816
adservice,adservice-55968cd5dc-zqdck,1739772586,350494720
adservice,adservice-55968cd5dc-zqdck,1739772886,350654464
adservice,adservice-55968cd5dc-zqdck,1739773186,350969856
adservice,adservice-55968cd5dc-zqdck,1739773486,350838784
adservice,adservice-55968cd5dc-zqdck,1739773786,355323904
adservice,adservice-55968cd5dc-zqdck,1739774086,353771520
adservice,adservice-55968cd5dc-zqdck,1739774386,354185216
adservice,adservice-55968cd5dc-zqdck,1739774686,353730560
adservice,adservice-55968cd5dc-zqdck,1739774986,360443904
adservice,adservice-55968cd5dc-zqdck,1739775286,362434560
adservice,adservice-55968cd5dc-zqdck,1739775586,362143744
adservice,adservice-55968cd5dc-zqdck,1739775886,364601344
adservice,adservice-55968cd5dc-zqdck,1739776186,364756992
adservice,adservice-55968cd5dc-zqdck,1739776486,381714432
adservice,adservice-55968cd5dc-zqdck,1739776786,361205760
adservice,adservice-55968cd5dc-zqdck,1739777086,357871616
adservice,adservice-55968cd5dc-zqdck,1739777386,339697664
adservice,adservice-55968cd5dc-zqdck,1739777686,338243584
adservice,adservice-55968cd5dc-zqdck,1739777986,338407424
adservice,adservice-55968cd5dc-zqdck,1739778286,350347264
adservice,adservice-55968cd5dc-zqdck,1739778586,367714304
adservice,adservice-55968cd5dc-zqdck,1739778886,369790976
adservice,adservice-55968cd5dc-zqdck,1739779186,350392320
adservice,adservice-55968cd5dc-zqdck,1739779486,347545600
adservice,adservice-55968cd5dc-zqdck,1739779786,345698304
adservice,adservice-55968cd5dc-zqdck,1739780086,369483776
adservice,adservice-55968cd5dc-zqdck,1739780386,346660864
adservice,adservice-55968cd5dc-zqdck,1739780686,346935296
adservice,adservice-55968cd5dc-zqdck,1739780986,353103872
adservice,adservice-55968cd5dc-zqdck,1739781286,370040832
adservice,adservice-55968cd5dc-zqdck,1739781586,351473664
adservice,adservice-55968cd5dc-zqdck,1739781886,346210304
adservice,adservice-55968cd5dc-zqdck,1739782186,343203840
adservice,adservice-55968cd5dc-zqdck,1739782486,343650304
adservice,adservice-55968cd5dc-zqdck,1739782786,343986176
adservice,adservice-55968cd5dc-zqdck,1739783086,344219648
adservice,adservice-55968cd5dc-zqdck,1739783386,344657920
adservice,adservice-55968cd5dc-zqdck,1739783686,347852800
adservice,adservice-55968cd5dc-zqdck,1739783986,347869184
adservice,adservice-55968cd5dc-zqdck,1739784286,350527488
adservice,adservice-55968cd5dc-zqdck,1739784586,370069504
adservice,adservice-55968cd5dc-zqdck,1739784886,345788416
adservice,adservice-55968cd5dc-zqdck,1739785186,344727552
adservice,adservice-55968cd5dc-zqdck,1739785486,346226688
adservice,adservice-55968cd5dc-zqdck,1739785786,340344832
adservice,adservice-55968cd5dc-zqdck,1739786086,335671296
adservice,adservice-55968cd5dc-zqdck,1739786386,351797248
adservice,adservice-55968cd5dc-zqdck,1739786686,147714048
adservice,adservice-55968cd5dc-zqdck,1739786986,350208000
adservice,adservice-55968cd5dc-zqdck,1739787286,349691904
adservice,adservice-55968cd5dc-zqdck,1739787586,349347840
adservice,adservice-55968cd5dc-zqdck,1739787886,350384128
adservice,adservice-55968cd5dc-zqdck,1739788186,350724096
adservice,adservice-55968cd5dc-zqdck,1739788486,355594240
adservice,adservice-55968cd5dc-zqdck,1739788786,370044928
adservice,adservice-55968cd5dc-zqdck,1739789086,349376512
adservice,adservice-55968cd5dc-zqdck,1739789386,347971584
adservice,adservice-55968cd5dc-zqdck,1739789686,343007232
adservice,adservice-55968cd5dc-zqdck,1739789986,344350720
adservice,adservice-55968cd5dc-zqdck,1739790286,343961600
adservice,adservice-55968cd5dc-zqdck,1739790586,344506368
adservice,adservice-55968cd5dc-zqdck,1739790886,354492416
adservice,adservice-55968cd5dc-zqdck,1739791186,261922816
adservice,adservice-55968cd5dc-zqdck,1739791486,349245440
adservice,adservice-55968cd5dc-zqdck,1739791786,349908992
adservice,adservice-55968cd5dc-zqdck,1739792086,347443200
adservice,adservice-55968cd5dc-zqdck,1739792386,347299840
adservice,adservice-55968cd5dc-zqdck,1739792686,348336128
adservice,adservice-55968cd5dc-zqdck,1739792986,347926528
adservice,adservice-55968cd5dc-zqdck,1739793286,346775552
adservice,adservice-55968cd5dc-zqdck,1739793586,346824704
adservice,adservice-55968cd5dc-zqdck,1739793886,347103232
adservice,adservice-55968cd5dc-zqdck,1739794186,347377664
adservice,adservice-55968cd5dc-zqdck,1739794486,347475968
adservice,adservice-55968cd5dc-zqdck,1739794786,349229056
adservice,adservice-55968cd5dc-zqdck,1739795086,347799552
adservice,adservice-55968cd5dc-zqdck,1739795386,347820032
adservice,adservice-55968cd5dc-zqdck,1739795686,347660288
adservice,adservice-55968cd5dc-zqdck,1739795986,347983872
adservice,adservice-55968cd5dc-zqdck,1739796286,348303360
adservice,adservice-55968cd5dc-zqdck,1739796586,348614656
adservice,adservice-55968cd5dc-zqdck,1739796886,321695744
adservice,adservice-55968cd5dc-zqdck,1739797186,322420736
adservice,adservice-55968cd5dc-zqdck,1739797486,323751936
adservice,adservice-55968cd5dc-zqdck,1739797786,324177920
adservice,adservice-55968cd5dc-zqdck,1739798086,324268032
adservice,adservice-55968cd5dc-zqdck,1739798386,322838528
adservice,adservice-55968cd5dc-zqdck,1739798686,324046848
adservice,adservice-55968cd5dc-zqdck,1739798986,323649536
adservice,adservice-55968cd5dc-zqdck,1739799286,323817472
adservice,adservice-55968cd5dc-zqdck,1739799586,323850240
adservice,adservice-55968cd5dc-zqdck,1739799886,325136384
adservice,adservice-55968cd5dc-zqdck,1739800186,324993024
adservice,adservice-55968cd5dc-zqdck,1739800486,325140480
adservice,adservice-55968cd5dc-zqdck,1739800786,326242304
adservice,adservice-55968cd5dc-zqdck,1739801086,333676544
adservice,adservice-55968cd5dc-zqdck,1739801386,348200960
adservice,adservice-55968cd5dc-zqdck,1739801686,361353216
adservice,adservice-55968cd5dc-zqdck,1739801986,323190784
adservice,adservice-55968cd5dc-zqdck,1739802286,347623424
adservice,adservice-55968cd5dc-zqdck,1739802586,348241920
adservice,adservice-55968cd5dc-zqdck,1739802886,343699456
adservice,adservice-55968cd5dc-zqdck,1739803186,341680128
adservice,adservice-55968cd5dc-zqdck,1739803486,340324352
adservice,adservice-55968cd5dc-zqdck,1739803786,340566016
adservice,adservice-55968cd5dc-zqdck,1739804086,343220224
adservice,adservice-55968cd5dc-zqdck,1739804386,341950464
adservice,adservice-55968cd5dc-zqdck,1739804686,342859776
adservice,adservice-55968cd5dc-zqdck,1739804986,343326720
adservice,adservice-55968cd5dc-zqdck,1739805286,342900736
adservice,adservice-55968cd5dc-zqdck,1739805586,342233088
adservice,adservice-55968cd5dc-zqdck,1739805886,343769088
adservice,adservice-55968cd5dc-zqdck,1739806186,343093248
adservice,adservice-55968cd5dc-zqdck,1739806486,342822912
adservice,adservice-55968cd5dc-zqdck,1739806786,344260608
adservice,adservice-55968cd5dc-zqdck,1739807086,343097344
adservice,adservice-55968cd5dc-zqdck,1739807386,343105536
adservice,adservice-55968cd5dc-zqdck,1739807686,343633920
adservice,adservice-55968cd5dc-zqdck,1739807986,343375872
adservice,adservice-55968cd5dc-zqdck,1739808286,343429120
adservice,adservice-55968cd5dc-zqdck,1739808586,344711168
adservice,adservice-55968cd5dc-zqdck,1739808886,347168768
adservice,adservice-55968cd5dc-zqdck,1739809186,347340800
adservice,adservice-55968cd5dc-zqdck,1739809486,347213824
adservice,adservice-55968cd5dc-zqdck,1739809786,336207872
adservice,adservice-55968cd5dc-zqdck,1739810086,336404480
adservice,adservice-55968cd5dc-zqdck,1739810386,337203200
adservice,adservice-55968cd5dc-zqdck,1739810686,335028224
adservice,adservice-55968cd5dc-zqdck,1739810986,334807040
adservice,adservice-55968cd5dc-zqdck,1739811286,334884864
adservice,adservice-55968cd5dc-zqdck,1739811586,334958592
adservice,adservice-55968cd5dc-zqdck,1739811886,333996032
adservice,adservice-55968cd5dc-zqdck,1739812186,334008320
adservice,adservice-55968cd5dc-zqdck,1739812486,334008320
adservice,adservice-55968cd5dc-zqdck,1739812786,334073856
adservice,adservice-55968cd5dc-zqdck,1739813086,338976768
adservice,adservice-55968cd5dc-zqdck,1739813386,369475584
adservice,adservice-55968cd5dc-zqdck,1739813686,346365952
adservice,adservice-55968cd5dc-zqdck,1739813986,346124288
adservice,adservice-55968cd5dc-zqdck,1739814286,347529216
adservice,adservice-55968cd5dc-zqdck,1739814586,346210304
adservice,adservice-55968cd5dc-zqdck,1739814886,346316800
adservice,adservice-55968cd5dc-zqdck,1739815186,346669056
adservice,adservice-55968cd5dc-zqdck,1739815486,346996736
adservice,adservice-55968cd5dc-zqdck,1739815786,347119616
adservice,adservice-55968cd5dc-zqdck,1739816086,347652096
adservice,adservice-55968cd5dc-zqdck,1739816386,347643904
adservice,adservice-55968cd5dc-zqdck,1739816686,347787264
adservice,adservice-55968cd5dc-zqdck,1739816986,348102656
adservice,adservice-55968cd5dc-zqdck,1739817286,348045312
adservice,adservice-55968cd5dc-zqdck,1739817586,348336128
adservice,adservice-55968cd5dc-zqdck,1739817886,347840512
adservice,adservice-55968cd5dc-zqdck,1739818186,348504064
adservice,adservice-55968cd5dc-zqdck,1739818486,348135424
adservice,adservice-55968cd5dc-zqdck,1739818786,348094464
adservice,adservice-55968cd5dc-zqdck,1739819086,347557888
adservice,adservice-55968cd5dc-zqdck,1739819386,347992064
adservice,adservice-55968cd5dc-zqdck,1739819686,340606976
adservice,adservice-55968cd5dc-zqdck,1739819986,338247680
adservice,adservice-55968cd5dc-zqdck,1739820286,338141184
adservice,adservice-55968cd5dc-zqdck,1739820586,338026496
adservice,adservice-55968cd5dc-zqdck,1739820886,338382848
adservice,adservice-55968cd5dc-zqdck,1739821186,338112512
adservice,adservice-55968cd5dc-zqdck,1739821486,338124800
adservice,adservice-55968cd5dc-zqdck,1739821786,338464768
adservice,adservice-55968cd5dc-zqdck,1739822086,339881984
adservice,adservice-55968cd5dc-zqdck,1739822386,339656704
adservice,adservice-55968cd5dc-zqdck,1739822686,338636800
adservice,adservice-55968cd5dc-zqdck,1739822986,341274624
adservice,adservice-55968cd5dc-zqdck,1739823286,338882560
adservice,adservice-55968cd5dc-zqdck,1739823586,340676608
adservice,adservice-55968cd5dc-zqdck,1739823886,338276352
adservice,adservice-55968cd5dc-zqdck,1739824186,338591744
adservice,adservice-55968cd5dc-zqdck,1739824486,339476480
adservice,adservice-55968cd5dc-zqdck,1739824786,339320832
adservice,adservice-55968cd5dc-zqdck,1739825086,341577728
adservice,adservice-55968cd5dc-zqdck,1739825386,342048768
adservice,adservice-55968cd5dc-zqdck,1739825686,339341312
adservice,adservice-55968cd5dc-zqdck,1739825986,340615168
adservice,adservice-55968cd5dc-zqdck,1739826286,340598784
adservice,adservice-55968cd5dc-zqdck,1739826586,340688896
adservice,adservice-55968cd5dc-zqdck,1739826886,320876544
adservice,adservice-55968cd5dc-zqdck,1739827186,323538944
adservice,adservice-55968cd5dc-zqdck,1739827486,323809280
adservice,adservice-55968cd5dc-zqdck,1739827786,324407296
adservice,adservice-55968cd5dc-zqdck,1739828086,323817472
adservice,adservice-55968cd5dc-zqdck,1739828386,323801088
adservice,adservice-55968cd5dc-zqdck,1739828686,324538368
adservice,adservice-55968cd5dc-zqdck,1739828986,324640768
adservice,adservice-55968cd5dc-zqdck,1739829286,327913472
adservice,adservice-55968cd5dc-zqdck,1739829586,338821120
adservice,adservice-55968cd5dc-zqdck,1739829886,350773248
adservice,adservice-55968cd5dc-zqdck,1739830186,366473216
adservice,adservice-55968cd5dc-zqdck,1739830486,342384640
adservice,adservice-55968cd5dc-zqdck,1739830786,346533888
adservice,adservice-55968cd5dc-zqdck,1739831086,349237248
adservice,adservice-55968cd5dc-zqdck,1739831386,348905472
k6-load-test,k6-load-test-9bd7c8b76-4jsh7,1739226586,228245504
k6-load-test,k6-load-test-9bd7c8b76-4jsh7,1739226886,227991552
k6-load-test,k6-load-test-9bd7c8b76-4jsh7,1739227186,238534656
k6-load-test,k6-load-test-9bd7c8b76-4jsh7,1739227486,240480256
k6-load-test,k6-load-test-9bd7c8b76-4jsh7,1739227786,239214592
k6-load-test,k6-load-test-9bd7c8b76-4jsh7,1739228086,247668736
k6-load-test,k6-load-test-9bd7c8b76-4jsh7,1739228386,247713792
k6-load-test,k6-load-test-9bd7c8b76-4jsh7,1739228686,247771136
k6-load-test,k6-load-test-9bd7c8b76-4jsh7,1739228986,264572928
k6-load-test,k6-load-test-9bd7c8b76-4jsh7,1739229286,259575808
k6-load-test,k6-load-test-9bd7c8b76-4jsh7,1739229586,258637824
k6-load-test,k6-load-test-9bd7c8b76-4jsh7,1739229886,259276800
k6-load-test,k6-load-test-9bd7c8b76-4jsh7,1739230186,258887680
k6-load-test,k6-load-test-9bd7c8b76-4jsh7,1739230486,273440768
k6-load-test,k6-load-test-9bd7c8b76-4jsh7,1739230786,273760256
k6-load-test,k6-load-test-9bd7c8b76-4jsh7,1739231086,272039936
k6-load-test,k6-load-test-9bd7c8b76-4jsh7,1739231386,272113664
k6-load-test,k6-load-test-9bd7c8b76-4jsh7,1739231686,272097280
k6-load-test,k6-load-test-9bd7c8b76-4jsh7,1739231986,291115008
k6-load-test,k6-load-test-9bd7c8b76-4jsh7,1739232286,289476608
k6-load-test,k6-load-test-9bd7c8b76-4jsh7,1739232586,289271808
k6-load-test,k6-load-test-9bd7c8b76-4jsh7,1739232886,289263616
k6-load-test,k6-load-test-9bd7c8b76-4jsh7,1739233186,289271808
k6-load-test,k6-load-test-9bd7c8b76-4jsh7,1739233486,289591296
k6-load-test,k6-load-test-9bd7c8b76-4jsh7,1739233786,289316864
k6-load-test,k6-load-test-9bd7c8b76-4jsh7,1739234086,312467456
k6-load-test,k6-load-test-9bd7c8b76-4jsh7,1739234386,312467456
k6-load-test,k6-load-test-9bd7c8b76-4jsh7,1739234686,312496128
k6-load-test,k6-load-test-9bd7c8b76-4jsh7,1739234986,312483840
k6-load-test,k6-load-test-9bd7c8b76-4jsh7,1739235286,312737792
k6-load-test,k6-load-test-9bd7c8b76-4jsh7,1739235586,312741888
k6-load-test,k6-load-test-9bd7c8b76-4jsh7,1739235886,313102336
k6-load-test,k6-load-test-9bd7c8b76-4jsh7,1739236186,313028608
k6-load-test,k6-load-test-9bd7c8b76-4jsh7,1739236486,313094144
k6-load-test,k6-load-test-9bd7c8b76-4jsh7,1739236786,340340736
k6-load-test,k6-load-test-9bd7c8b76-4jsh7,1739237086,340480000
k6-load-test,k6-load-test-9bd7c8b76-4jsh7,1739237386,340545536
k6-load-test,k6-load-test-9bd7c8b76-4jsh7,1739237686,341983232
k6-load-test,k6-load-test-9bd7c8b76-4jsh7,1739237986,342605824
k6-load-test,k6-load-test-9bd7c8b76-4jsh7,1739238286,342716416
k6-load-test,k6-load-test-9bd7c8b76-4jsh7,1739238586,342446080
k6-load-test,k6-load-test-9bd7c8b76-4jsh7,1739238886,342700032
k6-load-test,k6-load-test-9bd7c8b76-4jsh7,1739239186,342450176
k6-load-test,k6-load-test-9bd7c8b76-4jsh7,1739239486,342712320
k6-load-test,k6-load-test-9bd7c8b76-4jsh7,1739239786,342519808
k6-load-test,k6-load-test-9bd7c8b76-4jsh7,1739240086,375828480
k6-load-test,k6-load-test-9bd7c8b76-4jsh7,1739240386,373891072
k6-load-test,k6-load-test-9bd7c8b76-4jsh7,1739240686,373964800
k6-load-test,k6-load-test-9bd7c8b76-4jsh7,1739240986,373886976
k6-load-test,k6-load-test-9bd7c8b76-4jsh7,1739241286,374050816
k6-load-test,k6-load-test-9bd7c8b76-4jsh7,1739241586,374018048
k6-load-test,k6-load-test-9bd7c8b76-4jsh7,1739241886,374120448
k6-load-test,k6-load-test-9bd7c8b76-4jsh7,1739242186,374128640
k6-load-test,k6-load-test-9bd7c8b76-4jsh7,1739242486,372027392
k6-load-test,k6-load-test-9bd7c8b76-4jsh7,1739242786,370073600
k6-load-test,k6-load-test-9bd7c8b76-4jsh7,1739243086,370094080
k6-load-test,k6-load-test-9bd7c8b76-4jsh7,1739243386,370114560
k6-load-test,k6-load-test-9bd7c8b76-4jsh7,1739243686,370114560
k6-load-test,k6-load-test-9bd7c8b76-4jsh7,1739243986,370151424
k6-load-test,k6-load-test-9bd7c8b76-4jsh7,1739244286,424120320
k6-load-test,k6-load-test-9bd7c8b76-4jsh7,1739244586,423882752
k6-load-test,k6-load-test-9bd7c8b76-4jsh7,1739244886,423870464
k6-load-test,k6-load-test-9bd7c8b76-4jsh7,1739245186,423972864
k6-load-test,k6-load-test-9bd7c8b76-4jsh7,1739245486,428212224
k6-load-test,k6-load-test-9bd7c8b76-4jsh7,1739245786,428294144
k6-load-test,k6-load-test-9bd7c8b76-4jsh7,1739246086,430497792
k6-load-test,k6-load-test-9bd7c8b76-4jsh7,1739246386,428879872
k6-load-test,k6-load-test-9bd7c8b76-4jsh7,1739246686,429076480
k6-load-test,k6-load-test-9bd7c8b76-4jsh7,1739246986,428883968
k6-load-test,k6-load-test-9bd7c8b76-4jsh7,1739247286,428912640
k6-load-test,k6-load-test-9bd7c8b76-4jsh7,1739247586,421961728
k6-load-test,k6-load-test-9bd7c8b76-4jsh7,1739247886,422014976
k6-load-test,k6-load-test-9bd7c8b76-4jsh7,1739248186,422068224
k6-load-test,k6-load-test-9bd7c8b76-4jsh7,1739248486,506200064
k6-load-test,k6-load-test-9bd7c8b76-4jsh7,1739248786,441675776
k6-load-test,k6-load-test-9bd7c8b76-4jsh7,1739249086,460988416
k6-load-test,k6-load-test-9bd7c8b76-4jsh7,1739249386,460734464
k6-load-test,k6-load-test-9bd7c8b76-4jsh7,1739249686,463056896
k6-load-test,k6-load-test-9bd7c8b76-4jsh7,1739249986,471543808
k6-load-test,k6-load-test-9bd7c8b76-4jsh7,1739250286,471498752
k6-load-test,k6-load-test-9bd7c8b76-4jsh7,1739250586,488361984
k6-load-test,k6-load-test-9bd7c8b76-4jsh7,1739250886,489177088
k6-load-test,k6-load-test-9bd7c8b76-4jsh7,1739251186,489435136
k6-load-test,k6-load-test-9bd7c8b76-4jsh7,1739251486,493125632
k6-load-test,k6-load-test-9bd7c8b76-4jsh7,1739251786,492240896
k6-load-test,k6-load-test-9bd7c8b76-4jsh7,1739252086,492314624
k6-load-test,k6-load-test-9bd7c8b76-4jsh7,1739252386,492355584
k6-load-test,k6-load-test-9bd7c8b76-4jsh7,1739252686,552071168
k6-load-test,k6-load-test-9bd7c8b76-4jsh7,1739252986,551198720
k6-load-test,k6-load-test-9bd7c8b76-4jsh7,1739253286,553373696
k6-load-test,k6-load-test-9bd7c8b76-4jsh7,1739253586,553496576
k6-load-test,k6-load-test-9bd7c8b76-4jsh7,1739253886,558329856
k6-load-test,k6-load-test-9bd7c8b76-4jsh7,1739254186,558194688
k6-load-test,k6-load-test-9bd7c8b76-4jsh7,1739254486,558088192
k6-load-test,k6-load-test-9bd7c8b76-4jsh7,1739254786,558145536
k6-load-test,k6-load-test-9bd7c8b76-4jsh7,1739255086,558542848
k6-load-test,k6-load-test-9bd7c8b76-4jsh7,1739255386,562405376
k6-load-test,k6-load-test-9bd7c8b76-4jsh7,1739255686,560918528
k6-load-test,k6-load-test-9bd7c8b76-4jsh7,1739255986,561201152
k6-load-test,k6-load-test-9bd7c8b76-4jsh7,1739256286,561147904
k6-load-test,k6-load-test-9bd7c8b76-4jsh7,1739256586,561238016
k6-load-test,k6-load-test-9bd7c8b76-4jsh7,1739256886,655568896
k6-load-test,k6-load-test-9bd7c8b76-4jsh7,1739257186,657932288
k6-load-test,k6-load-test-9bd7c8b76-4jsh7,1739257486,656646144
k6-load-test,k6-load-test-9bd7c8b76-4jsh7,1739257786,657100800
k6-load-test,k6-load-test-9bd7c8b76-4jsh7,1739258086,642605056
k6-load-test,k6-load-test-9bd7c8b76-4jsh7,1739258386,642580480
k6-load-test,k6-load-test-9bd7c8b76-4jsh7,1739258686,644440064
k6-load-test,k6-load-test-9bd7c8b76-4jsh7,1739258986,644874240
k6-load-test,k6-load-test-9bd7c8b76-4jsh7,1739259286,645480448
k6-load-test,k6-load-test-9bd7c8b76-4jsh7,1739259586,644816896
k6-load-test,k6-load-test-9bd7c8b76-4jsh7,1739259886,644849664
k6-load-test,k6-load-test-9bd7c8b76-4jsh7,1739260186,647274496
k6-load-test,k6-load-test-9bd7c8b76-4jsh7,1739260486,648974336
k6-load-test,k6-load-test-9bd7c8b76-4jsh7,1739260786,787005440
k6-load-test,k6-load-test-9bd7c8b76-4jsh7,1739261086,785408000
k6-load-test,k6-load-test-9bd7c8b76-4jsh7,1739261386,785473536
k6-load-test,k6-load-test-9bd7c8b76-4jsh7,1739261686,785494016
k6-load-test,k6-load-test-9bd7c8b76-4jsh7,1739261986,785440768
k6-load-test,k6-load-test-9bd7c8b76-4jsh7,1739262286,785571840
k6-load-test,k6-load-test-9bd7c8b76-4jsh7,1739262586,785465344
k6-load-test,k6-load-test-9bd7c8b76-4jsh7,1739262886,785924096
k6-load-test,k6-load-test-9bd7c8b76-4jsh7,1739263186,788037632
k6-load-test,k6-load-test-9bd7c8b76-4jsh7,1739263486,759541760
k6-load-test,k6-load-test-9bd7c8b76-4jsh7,1739263786,759222272
k6-load-test,k6-load-test-9bd7c8b76-4jsh7,1739264086,759283712
k6-load-test,k6-load-test-9bd7c8b76-4jsh7,1739264386,759255040
k6-load-test,k6-load-test-9bd7c8b76-4jsh7,1739264686,759324672
k6-load-test,k6-load-test-9bd7c8b76-4jsh7,1739264986,769871872
k6-load-test,k6-load-test-9bd7c8b76-4jsh7,1739265286,774791168
k6-load-test,k6-load-test-9bd7c8b76-4jsh7,1739265586,774725632
k6-load-test,k6-load-test-9bd7c8b76-4jsh7,1739265886,944398336
k6-load-test,k6-load-test-9bd7c8b76-4jsh7,1739266186,922202112
k6-load-test,k6-load-test-9bd7c8b76-4jsh7,1739266486,927207424
k6-load-test,k6-load-test-9bd7c8b76-4jsh7,1739266786,926543872
k6-load-test,k6-load-test-9bd7c8b76-4jsh7,1739267086,927055872
k6-load-test,k6-load-test-9bd7c8b76-4jsh7,1739267386,926826496
k6-load-test,k6-load-test-9bd7c8b76-4jsh7,1739267686,927449088
k6-load-test,k6-load-test-9bd7c8b76-4jsh7,1739267986,926945280
k6-load-test,k6-load-test-9bd7c8b76-4jsh7,1739268286,927543296
k6-load-test,k6-load-test-9bd7c8b76-4jsh7,1739268586,927191040
k6-load-test,k6-load-test-9bd7c8b76-4jsh7,1739268886,926998528
k6-load-test,k6-load-test-9bd7c8b76-4jsh7,1739269186,888242176
k6-load-test,k6-load-test-9bd7c8b76-4jsh7,1739269486,889073664
k6-load-test,k6-load-test-9bd7c8b76-4jsh7,1739269786,891342848
k6-load-test,k6-load-test-9bd7c8b76-4jsh7,1739270086,891633664
k6-load-test,k6-load-test-9bd7c8b76-4jsh7,1739270386,891883520
k6-load-test,k6-load-test-9bd7c8b76-4jsh7,1739270686,892104704
k6-load-test,k6-load-test-9bd7c8b76-4jsh7,1739270986,894263296
k6-load-test,k6-load-test-9bd7c8b76-4jsh7,1739271286,1156599808
k6-load-test,k6-load-test-9bd7c8b76-4jsh7,1739271586,1118236672
k6-load-test,k6-load-test-9bd7c8b76-4jsh7,1739271886,1115676672
k6-load-test,k6-load-test-9bd7c8b76-4jsh7,1739272186,1113165824
k6-load-test,k6-load-test-9bd7c8b76-4jsh7,1739272486,1113047040
k6-load-test,k6-load-test-9bd7c8b76-4jsh7,1739272786,1113378816
k6-load-test,k6-load-test-9bd7c8b76-4jsh7,1739273086,1113055232
k6-load-test,k6-load-test-9bd7c8b76-4jsh7,1739273386,1114689536
k6-load-test,k6-load-test-9bd7c8b76-4jsh7,1739273686,1113178112
k6-load-test,k6-load-test-9bd7c8b76-4jsh7,1739273986,1113829376
k6-load-test,k6-load-test-9bd7c8b76-4jsh7,1739274286,1113419776
k6-load-test,k6-load-test-9bd7c8b76-4jsh7,1739274586,1113554944
k6-load-test,k6-load-test-9bd7c8b76-4jsh7,1739274886,1045405696
k6-load-test,k6-load-test-9bd7c8b76-4jsh7,1739275186,1045725184
k6-load-test,k6-load-test-9bd7c8b76-4jsh7,1739275486,1045520384
k6-load-test,k6-load-test-9bd7c8b76-4jsh7,1739275786,1045725184
k6-load-test,k6-load-test-9bd7c8b76-4jsh7,1739276086,1045868544
k6-load-test,k6-load-test-9bd7c8b76-4jsh7,1739276386,1046167552
k6-load-test,k6-load-test-9bd7c8b76-4jsh7,1739276686,1056366592
k6-load-test,k6-load-test-9bd7c8b76-4jsh7,1739276986,1058701312
k6-load-test,k6-load-test-9bd7c8b76-4jsh7,1739277286,1059045376
k6-load-test,k6-load-test-9bd7c8b76-4jsh7,1739277586,1360039936
k6-load-test,k6-load-test-9bd7c8b76-4jsh7,1739277886,1360859136
k6-load-test,k6-load-test-9bd7c8b76-4jsh7,1739278186,1360850944
k6-load-test,k6-load-test-9bd7c8b76-4jsh7,1739278486,1361170432
k6-load-test,k6-load-test-9bd7c8b76-4jsh7,1739278786,1360777216
k6-load-test,k6-load-test-9bd7c8b76-4jsh7,1739279086,1361240064
k6-load-test,k6-load-test-9bd7c8b76-4jsh7,1739279386,1360777216
k6-load-test,k6-load-test-9bd7c8b76-4jsh7,1739279686,1339875328
k6-load-test,k6-load-test-9bd7c8b76-4jsh7,1739279986,1340080128
k6-load-test,k6-load-test-9bd7c8b76-4jsh7,1739280286,1340211200
k6-load-test,k6-load-test-9bd7c8b76-4jsh7,1739280586,1235906560
k6-load-test,k6-load-test-9bd7c8b76-4jsh7,1739280886,1224986624
k6-load-test,k6-load-test-9bd7c8b76-4jsh7,1739281186,1226981376
k6-load-test,k6-load-test-9bd7c8b76-4jsh7,1739281486,1254064128
k6-load-test,k6-load-test-9bd7c8b76-4jsh7,1739281786,1254346752
k6-load-test,k6-load-test-9bd7c8b76-4jsh7,1739282086,1254301696
k6-load-test,k6-load-test-9bd7c8b76-4jsh7,1739282386,1254371328
k6-load-test,k6-load-test-9bd7c8b76-4jsh7,1739282686,1254490112
k6-load-test,k6-load-test-9bd7c8b76-4jsh7,1739282986,1256955904
k6-load-test,k6-load-test-9bd7c8b76-4jsh7,1739283286,1256673280
k6-load-test,k6-load-test-9bd7c8b76-4jsh7,1739283586,1256689664
k6-load-test,k6-load-test-9bd7c8b76-4jsh7,1739283886,1256861696
k6-load-test,k6-load-test-9bd7c8b76-4jsh7,1739284186,1256787968
k6-load-test,k6-load-test-9bd7c8b76-4jsh7,1739284486,1667375104
k6-load-test,k6-load-test-9bd7c8b76-4jsh7,1739284786,1612320768
k6-load-test,k6-load-test-9bd7c8b76-4jsh7,1739285086,1611071488
k6-load-test,k6-load-test-9bd7c8b76-4jsh7,1739285386,1608978432
k6-load-test,k6-load-test-9bd7c8b76-4jsh7,1739285686,1609056256
k6-load-test,k6-load-test-9bd7c8b76-4jsh7,1739285986,1609105408
k6-load-test,k6-load-test-9bd7c8b76-4jsh7,1739286286,1611550720
k6-load-test,k6-load-test-9bd7c8b76-4jsh7,1739286586,1509658624
k6-load-test,k6-load-test-9bd7c8b76-4jsh7,1739286886,1488871424
k6-load-test,k6-load-test-9bd7c8b76-4jsh7,1739287186,1489121280
k6-load-test,k6-load-test-9bd7c8b76-4jsh7,1739287486,1489121280
k6-load-test,k6-load-test-9bd7c8b76-4jsh7,1739287786,187809792
k6-load-test,k6-load-test-9bd7c8b76-4jsh7,1739288086,214831104
k6-load-test,k6-load-test-9bd7c8b76-4jsh7,1739288386,230576128
k6-load-test,k6-load-test-9bd7c8b76-4jsh7,1739288686,233074688
k6-load-test,k6-load-test-9bd7c8b76-4jsh7,1739288986,237223936
k6-load-test,k6-load-test-9bd7c8b76-4jsh7,1739289286,242151424
k6-load-test,k6-load-test-9bd7c8b76-4jsh7,1739289586,244006912
k6-load-test,k6-load-test-9bd7c8b76-4jsh7,1739289886,249520128
k6-load-test,k6-load-test-9bd7c8b76-4jsh7,1739290186,256323584
k6-load-test,k6-load-test-9bd7c8b76-4jsh7,1739290486,256249856
paymentservice,paymentservice-688f67b6d7-j9qn2,1739226586,121847808
paymentservice,paymentservice-688f67b6d7-j9qn2,1739226886,122200064
paymentservice,paymentservice-688f67b6d7-j9qn2,1739227186,125063168
paymentservice,paymentservice-688f67b6d7-j9qn2,1739227486,127533056
paymentservice,paymentservice-688f67b6d7-j9qn2,1739227786,128454656
paymentservice,paymentservice-688f67b6d7-j9qn2,1739228086,129458176
paymentservice,paymentservice-688f67b6d7-j9qn2,1739228386,131395584
paymentservice,paymentservice-688f67b6d7-j9qn2,1739228686,132268032
paymentservice,paymentservice-688f67b6d7-j9qn2,1739228986,134754304
paymentservice,paymentservice-688f67b6d7-j9qn2,1739229286,135733248
paymentservice,paymentservice-688f67b6d7-j9qn2,1739229586,137068544
paymentservice,paymentservice-688f67b6d7-j9qn2,1739229886,145907712
paymentservice,paymentservice-688f67b6d7-j9qn2,1739230186,147091456
paymentservice,paymentservice-688f67b6d7-j9qn2,1739230486,148193280
paymentservice,paymentservice-688f67b6d7-j9qn2,1739230786,149467136
paymentservice,paymentservice-688f67b6d7-j9qn2,1739231086,151683072
paymentservice,paymentservice-688f67b6d7-j9qn2,1739231386,155066368
paymentservice,paymentservice-688f67b6d7-j9qn2,1739231686,157126656
paymentservice,paymentservice-688f67b6d7-j9qn2,1739231986,158855168
paymentservice,paymentservice-688f67b6d7-j9qn2,1739232286,160034816
paymentservice,paymentservice-688f67b6d7-j9qn2,1739232586,161267712
paymentservice,paymentservice-688f67b6d7-j9qn2,1739232886,163110912
paymentservice,paymentservice-688f67b6d7-j9qn2,1739233186,163442688
paymentservice,paymentservice-688f67b6d7-j9qn2,1739233486,166072320
paymentservice,paymentservice-688f67b6d7-j9qn2,1739233786,165625856
paymentservice,paymentservice-688f67b6d7-j9qn2,1739234086,168611840
paymentservice,paymentservice-688f67b6d7-j9qn2,1739234386,171552768
paymentservice,paymentservice-688f67b6d7-j9qn2,1739234686,173809664
paymentservice,paymentservice-688f67b6d7-j9qn2,1739234986,179462144
paymentservice,paymentservice-688f67b6d7-j9qn2,1739235286,95522816
paymentservice,paymentservice-688f67b6d7-j9qn2,1739235586,98291712
paymentservice,paymentservice-688f67b6d7-j9qn2,1739235886,104194048
paymentservice,paymentservice-688f67b6d7-j9qn2,1739236186,107524096
paymentservice,paymentservice-688f67b6d7-j9qn2,1739236486,108187648
paymentservice,paymentservice-688f67b6d7-j9qn2,1739236786,109236224
paymentservice,paymentservice-688f67b6d7-j9qn2,1739237086,112353280
paymentservice,paymentservice-688f67b6d7-j9qn2,1739237386,114040832
paymentservice,paymentservice-688f67b6d7-j9qn2,1739237686,115671040
paymentservice,paymentservice-688f67b6d7-j9qn2,1739237986,116486144
paymentservice,paymentservice-688f67b6d7-j9qn2,1739238286,122404864
paymentservice,paymentservice-688f67b6d7-j9qn2,1739238586,125288448
paymentservice,paymentservice-688f67b6d7-j9qn2,1739238886,126427136
paymentservice,paymentservice-688f67b6d7-j9qn2,1739239186,127520768
paymentservice,paymentservice-688f67b6d7-j9qn2,1739239486,129286144
paymentservice,paymentservice-688f67b6d7-j9qn2,1739239786,132997120
paymentservice,paymentservice-688f67b6d7-j9qn2,1739240086,134955008
paymentservice,paymentservice-688f67b6d7-j9qn2,1739240386,138043392
paymentservice,paymentservice-688f67b6d7-j9qn2,1739240686,139288576
paymentservice,paymentservice-688f67b6d7-j9qn2,1739240986,140296192
paymentservice,paymentservice-688f67b6d7-j9qn2,1739241286,142110720
paymentservice,paymentservice-688f67b6d7-j9qn2,1739241586,142987264
paymentservice,paymentservice-688f67b6d7-j9qn2,1739241886,144912384
paymentservice,paymentservice-688f67b6d7-j9qn2,1739242186,146198528
paymentservice,paymentservice-688f67b6d7-j9qn2,1739242486,147931136
paymentservice,paymentservice-688f67b6d7-j9qn2,1739242786,149377024
paymentservice,paymentservice-688f67b6d7-j9qn2,1739243086,151654400
paymentservice,paymentservice-688f67b6d7-j9qn2,1739243386,161939456
paymentservice,paymentservice-688f67b6d7-j9qn2,1739243686,163966976
paymentservice,paymentservice-688f67b6d7-j9qn2,1739243986,167088128
paymentservice,paymentservice-688f67b6d7-j9qn2,1739244286,167768064
paymentservice,paymentservice-688f67b6d7-j9qn2,1739244586,169377792
paymentservice,paymentservice-688f67b6d7-j9qn2,1739244886,171323392
paymentservice,paymentservice-688f67b6d7-j9qn2,1739245186,172392448
paymentservice,paymentservice-688f67b6d7-j9qn2,1739245486,174215168
paymentservice,paymentservice-688f67b6d7-j9qn2,1739245786,175915008
paymentservice,paymentservice-688f67b6d7-j9qn2,1739246086,177291264
paymentservice,paymentservice-688f67b6d7-j9qn2,1739246386,173424640
paymentservice,paymentservice-688f67b6d7-j9qn2,1739246686,176459776
paymentservice,paymentservice-688f67b6d7-j9qn2,1739246986,179822592
paymentservice,paymentservice-688f67b6d7-j9qn2,1739247286,181608448
paymentservice,paymentservice-688f67b6d7-j9qn2,1739247586,102567936
paymentservice,paymentservice-688f67b6d7-j9qn2,1739247886,107819008
paymentservice,paymentservice-688f67b6d7-j9qn2,1739248186,112517120
paymentservice,paymentservice-688f67b6d7-j9qn2,1739248486,113414144
paymentservice,paymentservice-688f67b6d7-j9qn2,1739248786,119975936
paymentservice,paymentservice-688f67b6d7-j9qn2,1739249086,120692736
paymentservice,paymentservice-688f67b6d7-j9qn2,1739249386,123092992
paymentservice,paymentservice-688f67b6d7-j9qn2,1739249686,124063744
paymentservice,paymentservice-688f67b6d7-j9qn2,1739249986,126431232
paymentservice,paymentservice-688f67b6d7-j9qn2,1739250286,128221184
paymentservice,paymentservice-688f67b6d7-j9qn2,1739250586,129429504
paymentservice,paymentservice-688f67b6d7-j9qn2,1739250886,132386816
paymentservice,paymentservice-688f67b6d7-j9qn2,1739251186,134619136
paymentservice,paymentservice-688f67b6d7-j9qn2,1739251486,135847936
paymentservice,paymentservice-688f67b6d7-j9qn2,1739251786,137273344
paymentservice,paymentservice-688f67b6d7-j9qn2,1739252086,138764288
paymentservice,paymentservice-688f67b6d7-j9qn2,1739252386,139890688
paymentservice,paymentservice-688f67b6d7-j9qn2,1739252686,141545472
paymentservice,paymentservice-688f67b6d7-j9qn2,1739252986,142229504
paymentservice,paymentservice-688f67b6d7-j9qn2,1739253286,145481728
paymentservice,paymentservice-688f67b6d7-j9qn2,1739253586,148422656
paymentservice,paymentservice-688f67b6d7-j9qn2,1739253886,153165824
paymentservice,paymentservice-688f67b6d7-j9qn2,1739254186,154378240
paymentservice,paymentservice-688f67b6d7-j9qn2,1739254486,150740992
paymentservice,paymentservice-688f67b6d7-j9qn2,1739254786,156045312
paymentservice,paymentservice-688f67b6d7-j9qn2,1739255086,160120832
paymentservice,paymentservice-688f67b6d7-j9qn2,1739255386,160854016
paymentservice,paymentservice-688f67b6d7-j9qn2,1739255686,162193408
paymentservice,paymentservice-688f67b6d7-j9qn2,1739255986,162430976
paymentservice,paymentservice-688f67b6d7-j9qn2,1739256286,163430400
paymentservice,paymentservice-688f67b6d7-j9qn2,1739256586,164671488
paymentservice,paymentservice-688f67b6d7-j9qn2,1739256886,166371328
paymentservice,paymentservice-688f67b6d7-j9qn2,1739257186,167874560
paymentservice,paymentservice-688f67b6d7-j9qn2,1739257486,168894464
paymentservice,paymentservice-688f67b6d7-j9qn2,1739257786,171184128
paymentservice,paymentservice-688f67b6d7-j9qn2,1739258086,172797952
paymentservice,paymentservice-688f67b6d7-j9qn2,1739258386,173326336
paymentservice,paymentservice-688f67b6d7-j9qn2,1739258686,174256128
paymentservice,paymentservice-688f67b6d7-j9qn2,1739258986,181612544
paymentservice,paymentservice-688f67b6d7-j9qn2,1739259286,96878592
paymentservice,paymentservice-688f67b6d7-j9qn2,1739259586,103612416
paymentservice,paymentservice-688f67b6d7-j9qn2,1739259886,105742336
paymentservice,paymentservice-688f67b6d7-j9qn2,1739260186,112611328
paymentservice,paymentservice-688f67b6d7-j9qn2,1739260486,113754112
paymentservice,paymentservice-688f67b6d7-j9qn2,1739260786,114446336
paymentservice,paymentservice-688f67b6d7-j9qn2,1739261086,115609600
paymentservice,paymentservice-688f67b6d7-j9qn2,1739261386,124030976
paymentservice,paymentservice-688f67b6d7-j9qn2,1739261686,125403136
paymentservice,paymentservice-688f67b6d7-j9qn2,1739261986,126402560
paymentservice,paymentservice-688f67b6d7-j9qn2,1739262286,128716800
paymentservice,paymentservice-688f67b6d7-j9qn2,1739262586,131997696
paymentservice,paymentservice-688f67b6d7-j9qn2,1739262886,133844992
paymentservice,paymentservice-688f67b6d7-j9qn2,1739263186,136966144
paymentservice,paymentservice-688f67b6d7-j9qn2,1739263486,138014720
paymentservice,paymentservice-688f67b6d7-j9qn2,1739263786,140107776
paymentservice,paymentservice-688f67b6d7-j9qn2,1739264086,140337152
paymentservice,paymentservice-688f67b6d7-j9qn2,1739264386,148967424
paymentservice,paymentservice-688f67b6d7-j9qn2,1739264686,149712896
paymentservice,paymentservice-688f67b6d7-j9qn2,1739264986,151502848
paymentservice,paymentservice-688f67b6d7-j9qn2,1739265286,155308032
paymentservice,paymentservice-688f67b6d7-j9qn2,1739265586,156377088
paymentservice,paymentservice-688f67b6d7-j9qn2,1739265886,158613504
paymentservice,paymentservice-688f67b6d7-j9qn2,1739266186,159617024
paymentservice,paymentservice-688f67b6d7-j9qn2,1739266486,161161216
paymentservice,paymentservice-688f67b6d7-j9qn2,1739266786,161554432
paymentservice,paymentservice-688f67b6d7-j9qn2,1739267086,163729408
paymentservice,paymentservice-688f67b6d7-j9qn2,1739267386,164184064
paymentservice,paymentservice-688f67b6d7-j9qn2,1739267686,165519360
paymentservice,paymentservice-688f67b6d7-j9qn2,1739267986,166952960
paymentservice,paymentservice-688f67b6d7-j9qn2,1739268286,167821312
paymentservice,paymentservice-688f67b6d7-j9qn2,1739268586,169177088
paymentservice,paymentservice-688f67b6d7-j9qn2,1739268886,170807296
paymentservice,paymentservice-688f67b6d7-j9qn2,1739269186,171933696
paymentservice,paymentservice-688f67b6d7-j9qn2,1739269486,173158400
paymentservice,paymentservice-688f67b6d7-j9qn2,1739269786,175198208
paymentservice,paymentservice-688f67b6d7-j9qn2,1739270086,173785088
paymentservice,paymentservice-688f67b6d7-j9qn2,1739270386,182468608
paymentservice,paymentservice-688f67b6d7-j9qn2,1739270686,109481984
paymentservice,paymentservice-688f67b6d7-j9qn2,1739270986,116674560
paymentservice,paymentservice-688f67b6d7-j9qn2,1739271286,117497856
paymentservice,paymentservice-688f67b6d7-j9qn2,1739271586,118607872
paymentservice,paymentservice-688f67b6d7-j9qn2,1739271886,119738368
paymentservice,paymentservice-688f67b6d7-j9qn2,1739272186,120299520
paymentservice,paymentservice-688f67b6d7-j9qn2,1739272486,120795136
paymentservice,paymentservice-688f67b6d7-j9qn2,1739272786,126308352
paymentservice,paymentservice-688f67b6d7-j9qn2,1739273086,127307776
paymentservice,paymentservice-688f67b6d7-j9qn2,1739273386,128339968
paymentservice,paymentservice-688f67b6d7-j9qn2,1739273686,129130496
paymentservice,paymentservice-688f67b6d7-j9qn2,1739273986,130629632
paymentservice,paymentservice-688f67b6d7-j9qn2,1739274286,131657728
paymentservice,paymentservice-688f67b6d7-j9qn2,1739274586,134991872
paymentservice,paymentservice-688f67b6d7-j9qn2,1739274886,136343552
paymentservice,paymentservice-688f67b6d7-j9qn2,1739275186,137318400
paymentservice,paymentservice-688f67b6d7-j9qn2,1739275486,137797632
paymentservice,paymentservice-688f67b6d7-j9qn2,1739275786,139120640
paymentservice,paymentservice-688f67b6d7-j9qn2,1739276086,145862656
paymentservice,paymentservice-688f67b6d7-j9qn2,1739276386,146862080
paymentservice,paymentservice-688f67b6d7-j9qn2,1739276686,149155840
paymentservice,paymentservice-688f67b6d7-j9qn2,1739276986,149614592
paymentservice,paymentservice-688f67b6d7-j9qn2,1739277286,150773760
paymentservice,paymentservice-688f67b6d7-j9qn2,1739277586,152543232
paymentservice,paymentservice-688f67b6d7-j9qn2,1739277886,153362432
paymentservice,paymentservice-688f67b6d7-j9qn2,1739278186,154234880
paymentservice,paymentservice-688f67b6d7-j9qn2,1739278486,155860992
paymentservice,paymentservice-688f67b6d7-j9qn2,1739278786,156622848
paymentservice,paymentservice-688f67b6d7-j9qn2,1739279086,158564352
paymentservice,paymentservice-688f67b6d7-j9qn2,1739279386,164995072
paymentservice,paymentservice-688f67b6d7-j9qn2,1739279686,167022592
paymentservice,paymentservice-688f67b6d7-j9qn2,1739279986,171679744
paymentservice,paymentservice-688f67b6d7-j9qn2,1739280286,173010944
paymentservice,paymentservice-688f67b6d7-j9qn2,1739280586,173842432
paymentservice,paymentservice-688f67b6d7-j9qn2,1739280886,174870528
paymentservice,paymentservice-688f67b6d7-j9qn2,1739281186,175706112
paymentservice,paymentservice-688f67b6d7-j9qn2,1739281486,177504256
paymentservice,paymentservice-688f67b6d7-j9qn2,1739281786,178356224
paymentservice,paymentservice-688f67b6d7-j9qn2,1739282086,183128064
paymentservice,paymentservice-688f67b6d7-j9qn2,1739282386,98279424
paymentservice,paymentservice-688f67b6d7-j9qn2,1739282686,105562112
paymentservice,paymentservice-688f67b6d7-j9qn2,1739282986,108912640
paymentservice,paymentservice-688f67b6d7-j9qn2,1739283286,110895104
paymentservice,paymentservice-688f67b6d7-j9qn2,1739283586,111484928
paymentservice,paymentservice-688f67b6d7-j9qn2,1739283886,113123328
paymentservice,paymentservice-688f67b6d7-j9qn2,1739284186,114900992
paymentservice,paymentservice-688f67b6d7-j9qn2,1739284486,118882304
paymentservice,paymentservice-688f67b6d7-j9qn2,1739284786,119562240
paymentservice,paymentservice-688f67b6d7-j9qn2,1739285086,121196544
paymentservice,paymentservice-688f67b6d7-j9qn2,1739285386,123199488
paymentservice,paymentservice-688f67b6d7-j9qn2,1739285686,124276736
paymentservice,paymentservice-688f67b6d7-j9qn2,1739285986,125689856
paymentservice,paymentservice-688f67b6d7-j9qn2,1739286286,127090688
paymentservice,paymentservice-688f67b6d7-j9qn2,1739286586,128819200
paymentservice,paymentservice-688f67b6d7-j9qn2,1739286886,130711552
paymentservice,paymentservice-688f67b6d7-j9qn2,1739287186,132116480
paymentservice,paymentservice-688f67b6d7-j9qn2,1739287486,135528448
paymentservice,paymentservice-688f67b6d7-j9qn2,1739287786,93159424
paymentservice,paymentservice-688f67b6d7-j9qn2,1739288086,166096896
paymentservice,paymentservice-688f67b6d7-j9qn2,1739288386,169541632
paymentservice,paymentservice-688f67b6d7-j9qn2,1739288686,177803264
paymentservice,paymentservice-688f67b6d7-j9qn2,1739288986,181686272
paymentservice,paymentservice-688f67b6d7-j9qn2,1739289286,182607872
paymentservice,paymentservice-688f67b6d7-j9qn2,1739289586,183910400
paymentservice,paymentservice-688f67b6d7-j9qn2,1739289886,186748928
paymentservice,paymentservice-688f67b6d7-j9qn2,1739290186,192884736
paymentservice,paymentservice-688f67b6d7-j9qn2,1739290486,193843200
paymentservice,paymentservice-688f67b6d7-j9qn2,1739290786,197623808
paymentservice,paymentservice-688f67b6d7-j9qn2,1739291086,198930432
paymentservice,paymentservice-688f67b6d7-j9qn2,1739291386,199946240
paymentservice,paymentservice-688f67b6d7-j9qn2,1739291686,202530816
paymentservice,paymentservice-688f67b6d7-j9qn2,1739291986,202563584
paymentservice,paymentservice-688f67b6d7-j9qn2,1739292286,202891264
paymentservice,paymentservice-688f67b6d7-j9qn2,1739292586,202203136
paymentservice,paymentservice-688f67b6d7-j9qn2,1739292886,202022912
paymentservice,paymentservice-688f67b6d7-j9qn2,1739293186,202784768
paymentservice,paymentservice-688f67b6d7-j9qn2,1739293486,202428416
paymentservice,paymentservice-688f67b6d7-j9qn2,1739293786,202010624
paymentservice,paymentservice-688f67b6d7-j9qn2,1739294086,202305536
paymentservice,paymentservice-688f67b6d7-j9qn2,1739294386,200036352
paymentservice,paymentservice-688f67b6d7-j9qn2,1739294686,201064448
paymentservice,paymentservice-688f67b6d7-j9qn2,1739294986,202530816
paymentservice,paymentservice-688f67b6d7-j9qn2,1739295286,202358784
paymentservice,paymentservice-688f67b6d7-j9qn2,1739295586,201875456
paymentservice,paymentservice-688f67b6d7-j9qn2,1739295886,201687040
paymentservice,paymentservice-688f67b6d7-j9qn2,1739296186,202551296
paymentservice,paymentservice-688f67b6d7-j9qn2,1739296486,201879552
paymentservice,paymentservice-688f67b6d7-j9qn2,1739296786,202199040
paymentservice,paymentservice-688f67b6d7-j9qn2,1739297086,202321920
paymentservice,paymentservice-688f67b6d7-j9qn2,1739297386,201994240
paymentservice,paymentservice-688f67b6d7-j9qn2,1739297686,201728000
paymentservice,paymentservice-688f67b6d7-j9qn2,1739297986,202797056
paymentservice,paymentservice-688f67b6d7-j9qn2,1739298286,199487488
paymentservice,paymentservice-688f67b6d7-j9qn2,1739298586,202039296
paymentservice,paymentservice-688f67b6d7-j9qn2,1739298886,203612160
paymentservice,paymentservice-688f67b6d7-j9qn2,1739299186,203046912
paymentservice,paymentservice-688f67b6d7-j9qn2,1739299486,169570304
paymentservice,paymentservice-688f67b6d7-j9qn2,1739299786,177889280
paymentservice,paymentservice-688f67b6d7-j9qn2,1739300086,182173696
paymentservice,paymentservice-688f67b6d7-j9qn2,1739300386,184729600
paymentservice,paymentservice-688f67b6d7-j9qn2,1739300686,185401344
paymentservice,paymentservice-688f67b6d7-j9qn2,1739300986,186826752
paymentservice,paymentservice-688f67b6d7-j9qn2,1739301286,193617920
paymentservice,paymentservice-688f67b6d7-j9qn2,1739301586,194859008
paymentservice,paymentservice-688f67b6d7-j9qn2,1739301886,196399104
paymentservice,paymentservice-688f67b6d7-j9qn2,1739302186,197906432
paymentservice,paymentservice-688f67b6d7-j9qn2,1739302486,199278592
paymentservice,paymentservice-688f67b6d7-j9qn2,1739302786,200769536
paymentservice,paymentservice-688f67b6d7-j9qn2,1739303086,202493952
paymentservice,paymentservice-688f67b6d7-j9qn2,1739303386,203591680
paymentservice,paymentservice-688f67b6d7-j9qn2,1739303686,202629120
paymentservice,paymentservice-688f67b6d7-j9qn2,1739303986,202694656
paymentservice,paymentservice-688f67b6d7-j9qn2,1739304286,203120640
paymentservice,paymentservice-688f67b6d7-j9qn2,1739304586,203059200
paymentservice,paymentservice-688f67b6d7-j9qn2,1739304886,203272192
paymentservice,paymentservice-688f67b6d7-j9qn2,1739305186,202665984
paymentservice,paymentservice-688f67b6d7-j9qn2,1739305486,200712192
paymentservice,paymentservice-688f67b6d7-j9qn2,1739305786,202100736
paymentservice,paymentservice-688f67b6d7-j9qn2,1739306086,202899456
paymentservice,paymentservice-688f67b6d7-j9qn2,1739306386,202641408
paymentservice,paymentservice-688f67b6d7-j9qn2,1739306686,203153408
paymentservice,paymentservice-688f67b6d7-j9qn2,1739306986,203567104
paymentservice,paymentservice-688f67b6d7-j9qn2,1739307286,203026432
paymentservice,paymentservice-688f67b6d7-j9qn2,1739307586,202575872
paymentservice,paymentservice-688f67b6d7-j9qn2,1739307886,202919936
paymentservice,paymentservice-688f67b6d7-j9qn2,1739308186,202584064
paymentservice,paymentservice-688f67b6d7-j9qn2,1739308486,201895936
paymentservice,paymentservice-688f67b6d7-j9qn2,1739308786,202960896
paymentservice,paymentservice-688f67b6d7-j9qn2,1739309086,198971392
paymentservice,paymentservice-688f67b6d7-j9qn2,1739309386,201486336
paymentservice,paymentservice-688f67b6d7-j9qn2,1739309686,202809344
paymentservice,paymentservice-688f67b6d7-j9qn2,1739309986,200110080
paymentservice,paymentservice-688f67b6d7-j9qn2,1739310286,202489856
paymentservice,paymentservice-688f67b6d7-j9qn2,1739310586,165109760
paymentservice,paymentservice-688f67b6d7-j9qn2,1739310886,167727104
paymentservice,paymentservice-688f67b6d7-j9qn2,1739311186,176254976
paymentservice,paymentservice-688f67b6d7-j9qn2,1739311486,179716096
paymentservice,paymentservice-688f67b6d7-j9qn2,1739311786,181092352
paymentservice,paymentservice-688f67b6d7-j9qn2,1739312086,182206464
paymentservice,paymentservice-688f67b6d7-j9qn2,1739312386,184582144
paymentservice,paymentservice-688f67b6d7-j9qn2,1739312686,185454592
paymentservice,paymentservice-688f67b6d7-j9qn2,1739312986,186363904
paymentservice,paymentservice-688f67b6d7-j9qn2,1739313286,189308928
paymentservice,paymentservice-688f67b6d7-j9qn2,1739313586,189874176
paymentservice,paymentservice-688f67b6d7-j9qn2,1739313886,191225856
paymentservice,paymentservice-688f67b6d7-j9qn2,1739314186,200548352
paymentservice,paymentservice-688f67b6d7-j9qn2,1739314486,201965568
paymentservice,paymentservice-688f67b6d7-j9qn2,1739314786,202715136
paymentservice,paymentservice-688f67b6d7-j9qn2,1739315086,203538432
paymentservice,paymentservice-688f67b6d7-j9qn2,1739315386,203694080
paymentservice,paymentservice-688f67b6d7-j9qn2,1739315686,203685888
paymentservice,paymentservice-688f67b6d7-j9qn2,1739315986,203341824
paymentservice,paymentservice-688f67b6d7-j9qn2,1739316286,203968512
paymentservice,paymentservice-688f67b6d7-j9qn2,1739316586,203251712
paymentservice,paymentservice-688f67b6d7-j9qn2,1739316886,202514432
paymentservice,paymentservice-688f67b6d7-j9qn2,1739317186,203497472
paymentservice,paymentservice-688f67b6d7-j9qn2,1739317486,202674176
paymentservice,paymentservice-688f67b6d7-j9qn2,1739317786,203014144
paymentservice,paymentservice-688f67b6d7-j9qn2,1739318086,198471680
paymentservice,paymentservice-688f67b6d7-j9qn2,1739318386,201936896
paymentservice,paymentservice-688f67b6d7-j9qn2,1739318686,203182080
paymentservice,paymentservice-688f67b6d7-j9qn2,1739318986,202964992
paymentservice,paymentservice-688f67b6d7-j9qn2,1739319286,203497472
paymentservice,paymentservice-688f67b6d7-j9qn2,1739319586,202919936
paymentservice,paymentservice-688f67b6d7-j9qn2,1739319886,203628544
paymentservice,paymentservice-688f67b6d7-j9qn2,1739320186,203292672
paymentservice,paymentservice-688f67b6d7-j9qn2,1739320486,203235328
paymentservice,paymentservice-688f67b6d7-j9qn2,1739320786,202891264
paymentservice,paymentservice-688f67b6d7-j9qn2,1739321086,203276288
paymentservice,paymentservice-688f67b6d7-j9qn2,1739321386,198754304
paymentservice,paymentservice-688f67b6d7-j9qn2,1739321686,201428992
paymentservice,paymentservice-688f67b6d7-j9qn2,1739321986,202801152
paymentservice,paymentservice-688f67b6d7-j9qn2,1739322286,203575296
paymentservice,paymentservice-688f67b6d7-j9qn2,1739322586,167821312
paymentservice,paymentservice-688f67b6d7-j9qn2,1739322886,177848320
paymentservice,paymentservice-688f67b6d7-j9qn2,1739323186,181710848
paymentservice,paymentservice-688f67b6d7-j9qn2,1739323486,184688640
paymentservice,paymentservice-688f67b6d7-j9qn2,1739323786,185376768
paymentservice,paymentservice-688f67b6d7-j9qn2,1739324086,186753024
paymentservice,paymentservice-688f67b6d7-j9qn2,1739324386,189345792
paymentservice,paymentservice-688f67b6d7-j9qn2,1739324686,190382080
paymentservice,paymentservice-688f67b6d7-j9qn2,1739324986,191881216
paymentservice,paymentservice-688f67b6d7-j9qn2,1739325286,194351104
paymentservice,paymentservice-688f67b6d7-j9qn2,1739325586,194957312
paymentservice,paymentservice-688f67b6d7-j9qn2,1739325886,195264512
paymentservice,paymentservice-688f67b6d7-j9qn2,1739326186,197963776
paymentservice,paymentservice-688f67b6d7-j9qn2,1739326486,199208960
paymentservice,paymentservice-688f67b6d7-j9qn2,1739326786,200179712
paymentservice,paymentservice-688f67b6d7-j9qn2,1739327086,201555968
paymentservice,paymentservice-688f67b6d7-j9qn2,1739327386,202059776
paymentservice,paymentservice-688f67b6d7-j9qn2,1739327686,203894784
paymentservice,paymentservice-688f67b6d7-j9qn2,1739327986,205365248
paymentservice,paymentservice-688f67b6d7-j9qn2,1739328286,206188544
paymentservice,paymentservice-688f67b6d7-j9qn2,1739328586,206262272
paymentservice,paymentservice-688f67b6d7-j9qn2,1739328886,204439552
paymentservice,paymentservice-688f67b6d7-j9qn2,1739329186,205537280
paymentservice,paymentservice-688f67b6d7-j9qn2,1739329486,205447168
paymentservice,paymentservice-688f67b6d7-j9qn2,1739329786,206020608
paymentservice,paymentservice-688f67b6d7-j9qn2,1739330086,205713408
paymentservice,paymentservice-688f67b6d7-j9qn2,1739330386,205365248
paymentservice,paymentservice-688f67b6d7-j9qn2,1739330686,204947456
paymentservice,paymentservice-688f67b6d7-j9qn2,1739330986,205549568
paymentservice,paymentservice-688f67b6d7-j9qn2,1739331286,206286848
paymentservice,paymentservice-688f67b6d7-j9qn2,1739331586,205381632
paymentservice,paymentservice-688f67b6d7-j9qn2,1739331886,202813440
paymentservice,paymentservice-688f67b6d7-j9qn2,1739332186,204857344
paymentservice,paymentservice-688f67b6d7-j9qn2,1739332486,200814592
paymentservice,paymentservice-688f67b6d7-j9qn2,1739332786,203669504
paymentservice,paymentservice-688f67b6d7-j9qn2,1739333086,205217792
paymentservice,paymentservice-688f67b6d7-j9qn2,1739333386,205574144
paymentservice,paymentservice-688f67b6d7-j9qn2,1739333686,205660160
paymentservice,paymentservice-688f67b6d7-j9qn2,1739333986,205856768
paymentservice,paymentservice-688f67b6d7-j9qn2,1739334286,204136448
paymentservice,paymentservice-688f67b6d7-j9qn2,1739334586,204709888
paymentservice,paymentservice-688f67b6d7-j9qn2,1739334886,164712448
paymentservice,paymentservice-688f67b6d7-j9qn2,1739335186,167424000
paymentservice,paymentservice-688f67b6d7-j9qn2,1739335486,176947200
paymentservice,paymentservice-688f67b6d7-j9qn2,1739335786,180895744
paymentservice,paymentservice-688f67b6d7-j9qn2,1739336086,181608448
paymentservice,paymentservice-688f67b6d7-j9qn2,1739336386,184107008
paymentservice,paymentservice-688f67b6d7-j9qn2,1739336686,191127552
paymentservice,paymentservice-688f67b6d7-j9qn2,1739336986,192503808
paymentservice,paymentservice-688f67b6d7-j9qn2,1739337286,193122304
paymentservice,paymentservice-688f67b6d7-j9qn2,1739337586,194727936
paymentservice,paymentservice-688f67b6d7-j9qn2,1739337886,195575808
paymentservice,paymentservice-688f67b6d7-j9qn2,1739338186,197599232
paymentservice,paymentservice-688f67b6d7-j9qn2,1739338486,198287360
paymentservice,paymentservice-688f67b6d7-j9qn2,1739338786,199737344
paymentservice,paymentservice-688f67b6d7-j9qn2,1739339086,200601600
paymentservice,paymentservice-688f67b6d7-j9qn2,1739339386,201129984
paymentservice,paymentservice-688f67b6d7-j9qn2,1739339686,202518528
paymentservice,paymentservice-688f67b6d7-j9qn2,1739339986,204226560
paymentservice,paymentservice-688f67b6d7-j9qn2,1739340286,205373440
paymentservice,paymentservice-688f67b6d7-j9qn2,1739340586,205590528
paymentservice,paymentservice-688f67b6d7-j9qn2,1739340886,206209024
paymentservice,paymentservice-688f67b6d7-j9qn2,1739341186,206016512
paymentservice,paymentservice-688f67b6d7-j9qn2,1739341486,201084928
paymentservice,paymentservice-688f67b6d7-j9qn2,1739341786,202211328
paymentservice,paymentservice-688f67b6d7-j9qn2,1739342086,203526144
paymentservice,paymentservice-688f67b6d7-j9qn2,1739342386,204062720
paymentservice,paymentservice-688f67b6d7-j9qn2,1739342686,205803520
paymentservice,paymentservice-688f67b6d7-j9qn2,1739342986,205783040
paymentservice,paymentservice-688f67b6d7-j9qn2,1739343286,206286848
paymentservice,paymentservice-688f67b6d7-j9qn2,1739343586,206577664
paymentservice,paymentservice-688f67b6d7-j9qn2,1739343886,205651968
paymentservice,paymentservice-688f67b6d7-j9qn2,1739344186,206200832
paymentservice,paymentservice-688f67b6d7-j9qn2,1739344486,205688832
paymentservice,paymentservice-688f67b6d7-j9qn2,1739344786,205574144
paymentservice,paymentservice-688f67b6d7-j9qn2,1739345086,205324288
paymentservice,paymentservice-688f67b6d7-j9qn2,1739345386,206176256
paymentservice,paymentservice-688f67b6d7-j9qn2,1739345686,205783040
paymentservice,paymentservice-688f67b6d7-j9qn2,1739345986,205189120
paymentservice,paymentservice-688f67b6d7-j9qn2,1739346286,206655488
paymentservice,paymentservice-688f67b6d7-j9qn2,1739346586,205684736
paymentservice,paymentservice-688f67b6d7-j9qn2,1739346886,206155776
paymentservice,paymentservice-688f67b6d7-j9qn2,1739347186,165453824
paymentservice,paymentservice-688f67b6d7-j9qn2,1739347486,166498304
paymentservice,paymentservice-688f67b6d7-j9qn2,1739347786,169238528
paymentservice,paymentservice-688f67b6d7-j9qn2,1739348086,171270144
paymentservice,paymentservice-688f67b6d7-j9qn2,1739348386,173510656
paymentservice,paymentservice-688f67b6d7-j9qn2,1739348686,174985216
paymentservice,paymentservice-688f67b6d7-j9qn2,1739348986,176156672
paymentservice,paymentservice-688f67b6d7-j9qn2,1739349286,177664000
paymentservice,paymentservice-688f67b6d7-j9qn2,1739349586,178380800
paymentservice,paymentservice-688f67b6d7-j9qn2,1739349886,180621312
paymentservice,paymentservice-688f67b6d7-j9qn2,1739350186,181878784
paymentservice,paymentservice-688f67b6d7-j9qn2,1739350486,183103488
paymentservice,paymentservice-688f67b6d7-j9qn2,1739350786,184332288
paymentservice,paymentservice-688f67b6d7-j9qn2,1739351086,186585088
paymentservice,paymentservice-688f67b6d7-j9qn2,1739351386,197632000
paymentservice,paymentservice-688f67b6d7-j9qn2,1739351686,200847360
paymentservice,paymentservice-688f67b6d7-j9qn2,1739351986,202899456
paymentservice,paymentservice-688f67b6d7-j9qn2,1739352286,204386304
paymentservice,paymentservice-688f67b6d7-j9qn2,1739352586,206327808
paymentservice,paymentservice-688f67b6d7-j9qn2,1739352886,206077952
paymentservice,paymentservice-688f67b6d7-j9qn2,1739353186,204947456
paymentservice,paymentservice-688f67b6d7-j9qn2,1739353486,204607488
paymentservice,paymentservice-688f67b6d7-j9qn2,1739353786,202997760
paymentservice,paymentservice-688f67b6d7-j9qn2,1739354086,204390400
paymentservice,paymentservice-688f67b6d7-j9qn2,1739354386,205389824
paymentservice,paymentservice-688f67b6d7-j9qn2,1739354686,205746176
paymentservice,paymentservice-688f67b6d7-j9qn2,1739354986,195321856
paymentservice,paymentservice-688f67b6d7-j9qn2,1739355286,197349376
paymentservice,paymentservice-688f67b6d7-j9qn2,1739355586,192753664
paymentservice,paymentservice-688f67b6d7-j9qn2,1739355886,194248704
paymentservice,paymentservice-688f67b6d7-j9qn2,1739356186,196091904
paymentservice,paymentservice-688f67b6d7-j9qn2,1739356486,203829248
paymentservice,paymentservice-688f67b6d7-j9qn2,1739356786,205283328
paymentservice,paymentservice-688f67b6d7-j9qn2,1739357086,205176832
paymentservice,paymentservice-688f67b6d7-j9qn2,1739357386,205713408
paymentservice,paymentservice-688f67b6d7-j9qn2,1739357686,205803520
paymentservice,paymentservice-688f67b6d7-j9qn2,1739357986,201437184
paymentservice,paymentservice-688f67b6d7-j9qn2,1739358286,205897728
paymentservice,paymentservice-688f67b6d7-j9qn2,1739358586,205688832
paymentservice,paymentservice-688f67b6d7-j9qn2,1739358886,205824000
paymentservice,paymentservice-688f67b6d7-j9qn2,1739359186,205725696
paymentservice,paymentservice-688f67b6d7-j9qn2,1739359486,204681216
paymentservice,paymentservice-688f67b6d7-j9qn2,1739359786,203296768
paymentservice,paymentservice-688f67b6d7-j9qn2,1739360086,160575488
paymentservice,paymentservice-688f67b6d7-j9qn2,1739360386,163098624
paymentservice,paymentservice-688f67b6d7-j9qn2,1739360686,164970496
paymentservice,paymentservice-688f67b6d7-j9qn2,1739360986,167931904
paymentservice,paymentservice-688f67b6d7-j9qn2,1739361286,169615360
paymentservice,paymentservice-688f67b6d7-j9qn2,1739361586,175972352
paymentservice,paymentservice-688f67b6d7-j9qn2,1739361886,176889856
paymentservice,paymentservice-688f67b6d7-j9qn2,1739362186,178397184
paymentservice,paymentservice-688f67b6d7-j9qn2,1739362486,180219904
paymentservice,paymentservice-688f67b6d7-j9qn2,1739362786,182169600
paymentservice,paymentservice-688f67b6d7-j9qn2,1739363086,183943168
paymentservice,paymentservice-688f67b6d7-j9qn2,1739363386,185638912
paymentservice,paymentservice-688f67b6d7-j9qn2,1739363686,186175488
paymentservice,paymentservice-688f67b6d7-j9qn2,1739363986,185712640
paymentservice,paymentservice-688f67b6d7-j9qn2,1739364286,186855424
paymentservice,paymentservice-688f67b6d7-j9qn2,1739364586,189689856
paymentservice,paymentservice-688f67b6d7-j9qn2,1739364886,191451136
paymentservice,paymentservice-688f67b6d7-j9qn2,1739365186,194043904
paymentservice,paymentservice-688f67b6d7-j9qn2,1739365486,195428352
paymentservice,paymentservice-688f67b6d7-j9qn2,1739365786,197099520
paymentservice,paymentservice-688f67b6d7-j9qn2,1739366086,197996544
paymentservice,paymentservice-688f67b6d7-j9qn2,1739366386,199483392
paymentservice,paymentservice-688f67b6d7-j9qn2,1739366686,200867840
paymentservice,paymentservice-688f67b6d7-j9qn2,1739366986,199970816
paymentservice,paymentservice-688f67b6d7-j9qn2,1739367286,200998912
paymentservice,paymentservice-688f67b6d7-j9qn2,1739367586,202883072
paymentservice,paymentservice-688f67b6d7-j9qn2,1739367886,202891264
paymentservice,paymentservice-688f67b6d7-j9qn2,1739368186,203718656
paymentservice,paymentservice-688f67b6d7-j9qn2,1739368486,203198464
paymentservice,paymentservice-688f67b6d7-j9qn2,1739368786,202735616
paymentservice,paymentservice-688f67b6d7-j9qn2,1739369086,202838016
paymentservice,paymentservice-688f67b6d7-j9qn2,1739369386,203374592
paymentservice,paymentservice-688f67b6d7-j9qn2,1739369686,203354112
paymentservice,paymentservice-688f67b6d7-j9qn2,1739369986,202711040
paymentservice,paymentservice-688f67b6d7-j9qn2,1739370286,202403840
paymentservice,paymentservice-688f67b6d7-j9qn2,1739370586,203280384
paymentservice,paymentservice-688f67b6d7-j9qn2,1739370886,202854400
paymentservice,paymentservice-688f67b6d7-j9qn2,1739371186,203341824
paymentservice,paymentservice-688f67b6d7-j9qn2,1739371486,202678272
paymentservice,paymentservice-688f67b6d7-j9qn2,1739371786,202297344
paymentservice,paymentservice-688f67b6d7-j9qn2,1739372086,203403264
paymentservice,paymentservice-688f67b6d7-j9qn2,1739372386,203169792
paymentservice,paymentservice-688f67b6d7-j9qn2,1739372686,203612160
paymentservice,paymentservice-688f67b6d7-j9qn2,1739372986,162631680
paymentservice,paymentservice-688f67b6d7-j9qn2,1739373286,164225024
paymentservice,paymentservice-688f67b6d7-j9qn2,1739373586,167673856
paymentservice,paymentservice-688f67b6d7-j9qn2,1739373886,169439232
paymentservice,paymentservice-688f67b6d7-j9qn2,1739374186,172199936
paymentservice,paymentservice-688f67b6d7-j9qn2,1739374486,173531136
paymentservice,paymentservice-688f67b6d7-j9qn2,1739374786,174833664
paymentservice,paymentservice-688f67b6d7-j9qn2,1739375086,175939584
paymentservice,paymentservice-688f67b6d7-j9qn2,1739375386,176467968
paymentservice,paymentservice-688f67b6d7-j9qn2,1739375686,176701440
paymentservice,paymentservice-688f67b6d7-j9qn2,1739375986,178311168
paymentservice,paymentservice-688f67b6d7-j9qn2,1739376286,179306496
paymentservice,paymentservice-688f67b6d7-j9qn2,1739376586,181755904
paymentservice,paymentservice-688f67b6d7-j9qn2,1739376886,182984704
paymentservice,paymentservice-688f67b6d7-j9qn2,1739377186,184717312
paymentservice,paymentservice-688f67b6d7-j9qn2,1739377486,186343424
paymentservice,paymentservice-688f67b6d7-j9qn2,1739377786,186826752
paymentservice,paymentservice-688f67b6d7-j9qn2,1739378086,188874752
paymentservice,paymentservice-688f67b6d7-j9qn2,1739378386,201330688
paymentservice,paymentservice-688f67b6d7-j9qn2,1739378686,203096064
paymentservice,paymentservice-688f67b6d7-j9qn2,1739378986,203972608
paymentservice,paymentservice-688f67b6d7-j9qn2,1739379286,203390976
paymentservice,paymentservice-688f67b6d7-j9qn2,1739379586,203583488
paymentservice,paymentservice-688f67b6d7-j9qn2,1739379886,201838592
paymentservice,paymentservice-688f67b6d7-j9qn2,1739380186,203284480
paymentservice,paymentservice-688f67b6d7-j9qn2,1739380486,203759616
paymentservice,paymentservice-688f67b6d7-j9qn2,1739380786,202936320
paymentservice,paymentservice-688f67b6d7-j9qn2,1739381086,204378112
paymentservice,paymentservice-688f67b6d7-j9qn2,1739381386,203337728
paymentservice,paymentservice-688f67b6d7-j9qn2,1739381686,201850880
paymentservice,paymentservice-688f67b6d7-j9qn2,1739381986,203239424
paymentservice,paymentservice-688f67b6d7-j9qn2,1739382286,203550720
paymentservice,paymentservice-688f67b6d7-j9qn2,1739382586,202657792
paymentservice,paymentservice-688f67b6d7-j9qn2,1739382886,203575296
paymentservice,paymentservice-688f67b6d7-j9qn2,1739383186,203472896
paymentservice,paymentservice-688f67b6d7-j9qn2,1739383486,202752000
paymentservice,paymentservice-688f67b6d7-j9qn2,1739383786,202637312
paymentservice,paymentservice-688f67b6d7-j9qn2,1739384086,202203136
paymentservice,paymentservice-688f67b6d7-j9qn2,1739384386,201023488
paymentservice,paymentservice-688f67b6d7-j9qn2,1739384686,203497472
paymentservice,paymentservice-688f67b6d7-j9qn2,1739384986,202678272
paymentservice,paymentservice-688f67b6d7-j9qn2,1739385286,107737088
paymentservice,paymentservice-688f67b6d7-j9qn2,1739385586,163430400
paymentservice,paymentservice-688f67b6d7-j9qn2,1739385886,164704256
paymentservice,paymentservice-688f67b6d7-j9qn2,1739386186,167403520
paymentservice,paymentservice-688f67b6d7-j9qn2,1739386486,169771008
paymentservice,paymentservice-688f67b6d7-j9qn2,1739386786,172142592
paymentservice,paymentservice-688f67b6d7-j9qn2,1739387086,89395200
paymentservice,paymentservice-688f67b6d7-j9qn2,1739387386,91914240
paymentservice,paymentservice-688f67b6d7-j9qn2,1739387686,93454336
paymentservice,paymentservice-688f67b6d7-j9qn2,1739387986,95338496
paymentservice,paymentservice-688f67b6d7-j9qn2,1739388286,97329152
paymentservice,paymentservice-688f67b6d7-j9qn2,1739388586,98902016
paymentservice,paymentservice-688f67b6d7-j9qn2,1739388886,103325696
paymentservice,paymentservice-688f67b6d7-j9qn2,1739389186,104513536
paymentservice,paymentservice-688f67b6d7-j9qn2,1739389486,105242624
paymentservice,paymentservice-688f67b6d7-j9qn2,1739389786,107503616
paymentservice,paymentservice-688f67b6d7-j9qn2,1739390086,117481472
paymentservice,paymentservice-688f67b6d7-j9qn2,1739390386,119111680
paymentservice,paymentservice-688f67b6d7-j9qn2,1739390686,120578048
paymentservice,paymentservice-688f67b6d7-j9qn2,1739390986,122159104
paymentservice,paymentservice-688f67b6d7-j9qn2,1739391286,124321792
paymentservice,paymentservice-688f67b6d7-j9qn2,1739391586,125353984
paymentservice,paymentservice-688f67b6d7-j9qn2,1739391886,127090688
paymentservice,paymentservice-688f67b6d7-j9qn2,1739392186,128684032
paymentservice,paymentservice-688f67b6d7-j9qn2,1739392486,130551808
paymentservice,paymentservice-688f67b6d7-j9qn2,1739392786,133451776
paymentservice,paymentservice-688f67b6d7-j9qn2,1739393086,140984320
paymentservice,paymentservice-688f67b6d7-j9qn2,1739393386,144416768
paymentservice,paymentservice-688f67b6d7-j9qn2,1739393686,146833408
paymentservice,paymentservice-688f67b6d7-j9qn2,1739393986,153886720
paymentservice,paymentservice-688f67b6d7-j9qn2,1739394286,155447296
paymentservice,paymentservice-688f67b6d7-j9qn2,1739394586,157319168
paymentservice,paymentservice-688f67b6d7-j9qn2,1739394886,158396416
paymentservice,paymentservice-688f67b6d7-j9qn2,1739395186,159977472
paymentservice,paymentservice-688f67b6d7-j9qn2,1739395486,162660352
paymentservice,paymentservice-688f67b6d7-j9qn2,1739395786,163999744
paymentservice,paymentservice-688f67b6d7-j9qn2,1739396086,165367808
paymentservice,paymentservice-688f67b6d7-j9qn2,1739396386,168927232
paymentservice,paymentservice-688f67b6d7-j9qn2,1739396686,168542208
paymentservice,paymentservice-688f67b6d7-j9qn2,1739396986,170110976
paymentservice,paymentservice-688f67b6d7-j9qn2,1739397286,169963520
paymentservice,paymentservice-688f67b6d7-j9qn2,1739397586,172285952
paymentservice,paymentservice-688f67b6d7-j9qn2,1739397886,175243264
paymentservice,paymentservice-688f67b6d7-j9qn2,1739398186,176766976
paymentservice,paymentservice-688f67b6d7-j9qn2,1739398486,178012160
paymentservice,paymentservice-688f67b6d7-j9qn2,1739398786,93573120
paymentservice,paymentservice-688f67b6d7-j9qn2,1739399086,96477184
paymentservice,paymentservice-688f67b6d7-j9qn2,1739399386,105205760
paymentservice,paymentservice-688f67b6d7-j9qn2,1739399686,109113344
paymentservice,paymentservice-688f67b6d7-j9qn2,1739399986,110866432
paymentservice,paymentservice-688f67b6d7-j9qn2,1739400286,115630080
paymentservice,paymentservice-688f67b6d7-j9qn2,1739400586,117858304
paymentservice,paymentservice-688f67b6d7-j9qn2,1739400886,118800384
paymentservice,paymentservice-688f67b6d7-j9qn2,1739401186,120221696
paymentservice,paymentservice-688f67b6d7-j9qn2,1739401486,122728448
paymentservice,paymentservice-688f67b6d7-j9qn2,1739401786,125259776
paymentservice,paymentservice-688f67b6d7-j9qn2,1739402086,126107648
paymentservice,paymentservice-688f67b6d7-j9qn2,1739402386,127545344
paymentservice,paymentservice-688f67b6d7-j9qn2,1739402686,129642496
paymentservice,paymentservice-688f67b6d7-j9qn2,1739402986,130179072
paymentservice,paymentservice-688f67b6d7-j9qn2,1739403286,133185536
paymentservice,paymentservice-688f67b6d7-j9qn2,1739403586,133931008
paymentservice,paymentservice-688f67b6d7-j9qn2,1739403886,135307264
paymentservice,paymentservice-688f67b6d7-j9qn2,1739404186,136548352
paymentservice,paymentservice-688f67b6d7-j9qn2,1739404486,137457664
paymentservice,paymentservice-688f67b6d7-j9qn2,1739404786,138539008
paymentservice,paymentservice-688f67b6d7-j9qn2,1739405086,140865536
paymentservice,paymentservice-688f67b6d7-j9qn2,1739405386,148000768
paymentservice,paymentservice-688f67b6d7-j9qn2,1739405686,149196800
paymentservice,paymentservice-688f67b6d7-j9qn2,1739405986,154419200
paymentservice,paymentservice-688f67b6d7-j9qn2,1739406286,156135424
paymentservice,paymentservice-688f67b6d7-j9qn2,1739406586,156606464
paymentservice,paymentservice-688f67b6d7-j9qn2,1739406886,158887936
paymentservice,paymentservice-688f67b6d7-j9qn2,1739407186,160964608
paymentservice,paymentservice-688f67b6d7-j9qn2,1739407486,161939456
paymentservice,paymentservice-688f67b6d7-j9qn2,1739407786,163086336
paymentservice,paymentservice-688f67b6d7-j9qn2,1739408086,163831808
paymentservice,paymentservice-688f67b6d7-j9qn2,1739408386,165142528
paymentservice,paymentservice-688f67b6d7-j9qn2,1739408686,167264256
paymentservice,paymentservice-688f67b6d7-j9qn2,1739408986,166645760
paymentservice,paymentservice-688f67b6d7-j9qn2,1739409286,170483712
paymentservice,paymentservice-688f67b6d7-j9qn2,1739409586,172515328
paymentservice,paymentservice-688f67b6d7-j9qn2,1739409886,174587904
paymentservice,paymentservice-688f67b6d7-j9qn2,1739410186,175902720
paymentservice,paymentservice-688f67b6d7-j9qn2,1739410486,95797248
paymentservice,paymentservice-688f67b6d7-j9qn2,1739410786,105123840
paymentservice,paymentservice-688f67b6d7-j9qn2,1739411086,110592000
paymentservice,paymentservice-688f67b6d7-j9qn2,1739411386,113659904
paymentservice,paymentservice-688f67b6d7-j9qn2,1739411686,115216384
paymentservice,paymentservice-688f67b6d7-j9qn2,1739411986,116424704
paymentservice,paymentservice-688f67b6d7-j9qn2,1739412286,117800960
paymentservice,paymentservice-688f67b6d7-j9qn2,1739412586,120918016
paymentservice,paymentservice-688f67b6d7-j9qn2,1739412886,125595648
paymentservice,paymentservice-688f67b6d7-j9qn2,1739413186,126476288
paymentservice,paymentservice-688f67b6d7-j9qn2,1739413486,126889984
paymentservice,paymentservice-688f67b6d7-j9qn2,1739413786,127799296
paymentservice,paymentservice-688f67b6d7-j9qn2,1739414086,129236992
paymentservice,paymentservice-688f67b6d7-j9qn2,1739414386,131543040
paymentservice,paymentservice-688f67b6d7-j9qn2,1739414686,132644864
paymentservice,paymentservice-688f67b6d7-j9qn2,1739414986,134123520
paymentservice,paymentservice-688f67b6d7-j9qn2,1739415286,134815744
paymentservice,paymentservice-688f67b6d7-j9qn2,1739415586,145399808
paymentservice,paymentservice-688f67b6d7-j9qn2,1739415886,146989056
paymentservice,paymentservice-688f67b6d7-j9qn2,1739416186,148156416
paymentservice,paymentservice-688f67b6d7-j9qn2,1739416486,149508096
paymentservice,paymentservice-688f67b6d7-j9qn2,1739416786,150720512
paymentservice,paymentservice-688f67b6d7-j9qn2,1739417086,151818240
paymentservice,paymentservice-688f67b6d7-j9qn2,1739417386,156446720
paymentservice,paymentservice-688f67b6d7-j9qn2,1739417686,160247808
paymentservice,paymentservice-688f67b6d7-j9qn2,1739417986,158560256
paymentservice,paymentservice-688f67b6d7-j9qn2,1739418286,164605952
paymentservice,paymentservice-688f67b6d7-j9qn2,1739418586,165982208
paymentservice,paymentservice-688f67b6d7-j9qn2,1739418886,169086976
paymentservice,paymentservice-688f67b6d7-j9qn2,1739419186,170356736
paymentservice,paymentservice-688f67b6d7-j9qn2,1739419486,171753472
paymentservice,paymentservice-688f67b6d7-j9qn2,1739419786,173228032
paymentservice,paymentservice-688f67b6d7-j9qn2,1739420086,173903872
paymentservice,paymentservice-688f67b6d7-j9qn2,1739420386,179036160
paymentservice,paymentservice-688f67b6d7-j9qn2,1739420686,180768768
paymentservice,paymentservice-688f67b6d7-j9qn2,1739420986,180969472
paymentservice,paymentservice-688f67b6d7-j9qn2,1739421286,181743616
paymentservice,paymentservice-688f67b6d7-j9qn2,1739421586,95404032
paymentservice,paymentservice-688f67b6d7-j9qn2,1739421886,99573760
paymentservice,paymentservice-688f67b6d7-j9qn2,1739422186,101429248
paymentservice,paymentservice-688f67b6d7-j9qn2,1739422486,103792640
paymentservice,paymentservice-688f67b6d7-j9qn2,1739422786,105828352
paymentservice,paymentservice-688f67b6d7-j9qn2,1739423086,107515904
paymentservice,paymentservice-688f67b6d7-j9qn2,1739423386,108519424
paymentservice,paymentservice-688f67b6d7-j9qn2,1739423686,109953024
paymentservice,paymentservice-688f67b6d7-j9qn2,1739423986,112427008
paymentservice,paymentservice-688f67b6d7-j9qn2,1739424286,112910336
paymentservice,paymentservice-688f67b6d7-j9qn2,1739424586,121827328
paymentservice,paymentservice-688f67b6d7-j9qn2,1739424886,124485632
paymentservice,paymentservice-688f67b6d7-j9qn2,1739425186,125083648
paymentservice,paymentservice-688f67b6d7-j9qn2,1739425486,126689280
paymentservice,paymentservice-688f67b6d7-j9qn2,1739425786,127610880
paymentservice,paymentservice-688f67b6d7-j9qn2,1739426086,138190848
paymentservice,paymentservice-688f67b6d7-j9qn2,1739426386,138510336
paymentservice,paymentservice-688f67b6d7-j9qn2,1739426686,141758464
paymentservice,paymentservice-688f67b6d7-j9qn2,1739426986,143265792
paymentservice,paymentservice-688f67b6d7-j9qn2,1739427286,144723968
paymentservice,paymentservice-688f67b6d7-j9qn2,1739427586,146096128
paymentservice,paymentservice-688f67b6d7-j9qn2,1739427886,148107264
paymentservice,paymentservice-688f67b6d7-j9qn2,1739428186,149528576
paymentservice,paymentservice-688f67b6d7-j9qn2,1739428486,153481216
paymentservice,paymentservice-688f67b6d7-j9qn2,1739428786,154832896
paymentservice,paymentservice-688f67b6d7-j9qn2,1739429086,156393472
paymentservice,paymentservice-688f67b6d7-j9qn2,1739429386,157036544
paymentservice,paymentservice-688f67b6d7-j9qn2,1739429686,161026048
paymentservice,paymentservice-688f67b6d7-j9qn2,1739429986,161259520
paymentservice,paymentservice-688f67b6d7-j9qn2,1739430286,159846400
paymentservice,paymentservice-688f67b6d7-j9qn2,1739430586,168509440
paymentservice,paymentservice-688f67b6d7-j9qn2,1739430886,172490752
paymentservice,paymentservice-688f67b6d7-j9qn2,1739431186,175120384
paymentservice,paymentservice-688f67b6d7-j9qn2,1739431486,182194176
paymentservice,paymentservice-688f67b6d7-j9qn2,1739431786,183701504
paymentservice,paymentservice-688f67b6d7-j9qn2,1739432086,183635968
paymentservice,paymentservice-688f67b6d7-j9qn2,1739432386,183664640
paymentservice,paymentservice-688f67b6d7-j9qn2,1739432686,98992128
paymentservice,paymentservice-688f67b6d7-j9qn2,1739432986,110592000
paymentservice,paymentservice-688f67b6d7-j9qn2,1739433286,117948416
paymentservice,paymentservice-688f67b6d7-j9qn2,1739433586,121163776
paymentservice,paymentservice-688f67b6d7-j9qn2,1739433886,122966016
paymentservice,paymentservice-688f67b6d7-j9qn2,1739434186,123764736
paymentservice,paymentservice-688f67b6d7-j9qn2,1739434486,124960768
paymentservice,paymentservice-688f67b6d7-j9qn2,1739434786,125411328
paymentservice,paymentservice-688f67b6d7-j9qn2,1739435086,126754816
paymentservice,paymentservice-688f67b6d7-j9qn2,1739435386,127627264
paymentservice,paymentservice-688f67b6d7-j9qn2,1739435686,128901120
paymentservice,paymentservice-688f67b6d7-j9qn2,1739435986,129388544
paymentservice,paymentservice-688f67b6d7-j9qn2,1739436286,130822144
paymentservice,paymentservice-688f67b6d7-j9qn2,1739436586,131710976
paymentservice,paymentservice-688f67b6d7-j9qn2,1739436886,140480512
paymentservice,paymentservice-688f67b6d7-j9qn2,1739437186,141422592
paymentservice,paymentservice-688f67b6d7-j9qn2,1739437486,143769600
paymentservice,paymentservice-688f67b6d7-j9qn2,1739437786,144535552
paymentservice,paymentservice-688f67b6d7-j9qn2,1739438086,145637376
paymentservice,paymentservice-688f67b6d7-j9qn2,1739438386,146735104
paymentservice,paymentservice-688f67b6d7-j9qn2,1739438686,147681280
paymentservice,paymentservice-688f67b6d7-j9qn2,1739438986,149446656
paymentservice,paymentservice-688f67b6d7-j9qn2,1739439286,156884992
paymentservice,paymentservice-688f67b6d7-j9qn2,1739439586,159973376
paymentservice,paymentservice-688f67b6d7-j9qn2,1739439886,160362496
paymentservice,paymentservice-688f67b6d7-j9qn2,1739440186,162304000
paymentservice,paymentservice-688f67b6d7-j9qn2,1739440486,165130240
paymentservice,paymentservice-688f67b6d7-j9qn2,1739440786,166952960
paymentservice,paymentservice-688f67b6d7-j9qn2,1739441086,167669760
paymentservice,paymentservice-688f67b6d7-j9qn2,1739441386,167981056
paymentservice,paymentservice-688f67b6d7-j9qn2,1739441686,170053632
paymentservice,paymentservice-688f67b6d7-j9qn2,1739441986,170901504
paymentservice,paymentservice-688f67b6d7-j9qn2,1739442286,177852416
paymentservice,paymentservice-688f67b6d7-j9qn2,1739442586,179388416
paymentservice,paymentservice-688f67b6d7-j9qn2,1739442886,180699136
paymentservice,paymentservice-688f67b6d7-j9qn2,1739443186,181886976
paymentservice,paymentservice-688f67b6d7-j9qn2,1739443486,183369728
paymentservice,paymentservice-688f67b6d7-j9qn2,1739443786,184061952
paymentservice,paymentservice-688f67b6d7-j9qn2,1739444086,183955456
paymentservice,paymentservice-688f67b6d7-j9qn2,1739444386,182464512
paymentservice,paymentservice-688f67b6d7-j9qn2,1739444686,183042048
paymentservice,paymentservice-688f67b6d7-j9qn2,1739444986,100876288
paymentservice,paymentservice-688f67b6d7-j9qn2,1739445286,102375424
paymentservice,paymentservice-688f67b6d7-j9qn2,1739445586,104976384
paymentservice,paymentservice-688f67b6d7-j9qn2,1739445886,108523520
paymentservice,paymentservice-688f67b6d7-j9qn2,1739446186,110059520
paymentservice,paymentservice-688f67b6d7-j9qn2,1739446486,115916800
paymentservice,paymentservice-688f67b6d7-j9qn2,1739446786,117813248
paymentservice,paymentservice-688f67b6d7-j9qn2,1739447086,118312960
paymentservice,paymentservice-688f67b6d7-j9qn2,1739447386,119652352
paymentservice,paymentservice-688f67b6d7-j9qn2,1739447686,120541184
paymentservice,paymentservice-688f67b6d7-j9qn2,1739447986,122126336
paymentservice,paymentservice-688f67b6d7-j9qn2,1739448286,123330560
paymentservice,paymentservice-688f67b6d7-j9qn2,1739448586,130084864
paymentservice,paymentservice-688f67b6d7-j9qn2,1739448886,133914624
paymentservice,paymentservice-688f67b6d7-j9qn2,1739449186,135622656
paymentservice,paymentservice-688f67b6d7-j9qn2,1739449486,136409088
paymentservice,paymentservice-688f67b6d7-j9qn2,1739449786,138526720
paymentservice,paymentservice-688f67b6d7-j9qn2,1739450086,139583488
paymentservice,paymentservice-688f67b6d7-j9qn2,1739450386,141279232
paymentservice,paymentservice-688f67b6d7-j9qn2,1739450686,150880256
paymentservice,paymentservice-688f67b6d7-j9qn2,1739450986,151638016
paymentservice,paymentservice-688f67b6d7-j9qn2,1739451286,152944640
paymentservice,paymentservice-688f67b6d7-j9qn2,1739451586,153886720
paymentservice,paymentservice-688f67b6d7-j9qn2,1739451886,155467776
paymentservice,paymentservice-688f67b6d7-j9qn2,1739452186,154873856
paymentservice,paymentservice-688f67b6d7-j9qn2,1739452486,155766784
paymentservice,paymentservice-688f67b6d7-j9qn2,1739452786,156659712
paymentservice,paymentservice-688f67b6d7-j9qn2,1739453086,157540352
paymentservice,paymentservice-688f67b6d7-j9qn2,1739453386,159145984
paymentservice,paymentservice-688f67b6d7-j9qn2,1739453686,160055296
paymentservice,paymentservice-688f67b6d7-j9qn2,1739453986,163299328
paymentservice,paymentservice-688f67b6d7-j9qn2,1739454286,176889856
paymentservice,paymentservice-688f67b6d7-j9qn2,1739454586,177455104
paymentservice,paymentservice-688f67b6d7-j9qn2,1739454886,179298304
paymentservice,paymentservice-688f67b6d7-j9qn2,1739455186,180580352
paymentservice,paymentservice-688f67b6d7-j9qn2,1739455486,182280192
paymentservice,paymentservice-688f67b6d7-j9qn2,1739455786,184119296
paymentservice,paymentservice-688f67b6d7-j9qn2,1739456086,185090048
paymentservice,paymentservice-688f67b6d7-j9qn2,1739456386,185470976
paymentservice,paymentservice-688f67b6d7-j9qn2,1739456686,186388480
paymentservice,paymentservice-688f67b6d7-j9qn2,1739456986,184631296
paymentservice,paymentservice-688f67b6d7-j9qn2,1739457286,98234368
paymentservice,paymentservice-688f67b6d7-j9qn2,1739457586,101810176
paymentservice,paymentservice-688f67b6d7-j9qn2,1739457886,103280640
paymentservice,paymentservice-688f67b6d7-j9qn2,1739458186,106356736
paymentservice,paymentservice-688f67b6d7-j9qn2,1739458486,109735936
paymentservice,paymentservice-688f67b6d7-j9qn2,1739458786,110424064
paymentservice,paymentservice-688f67b6d7-j9qn2,1739459086,111898624
paymentservice,paymentservice-688f67b6d7-j9qn2,1739459386,112848896
paymentservice,paymentservice-688f67b6d7-j9qn2,1739459686,114872320
paymentservice,paymentservice-688f67b6d7-j9qn2,1739459986,116391936
paymentservice,paymentservice-688f67b6d7-j9qn2,1739460286,125370368
paymentservice,paymentservice-688f67b6d7-j9qn2,1739460586,133627904
paymentservice,paymentservice-688f67b6d7-j9qn2,1739460886,134656000
paymentservice,paymentservice-688f67b6d7-j9qn2,1739461186,135516160
paymentservice,paymentservice-688f67b6d7-j9qn2,1739461486,136605696
paymentservice,paymentservice-688f67b6d7-j9qn2,1739461786,138330112
paymentservice,paymentservice-688f67b6d7-j9qn2,1739462086,139620352
paymentservice,paymentservice-688f67b6d7-j9qn2,1739462386,141463552
paymentservice,paymentservice-688f67b6d7-j9qn2,1739462686,141885440
paymentservice,paymentservice-688f67b6d7-j9qn2,1739462986,144011264
paymentservice,paymentservice-688f67b6d7-j9qn2,1739463286,150777856
paymentservice,paymentservice-688f67b6d7-j9qn2,1739463586,154886144
paymentservice,paymentservice-688f67b6d7-j9qn2,1739463886,155746304
paymentservice,paymentservice-688f67b6d7-j9qn2,1739464186,154718208
paymentservice,paymentservice-688f67b6d7-j9qn2,1739464486,156049408
paymentservice,paymentservice-688f67b6d7-j9qn2,1739464786,156663808
paymentservice,paymentservice-688f67b6d7-j9qn2,1739465086,158117888
paymentservice,paymentservice-688f67b6d7-j9qn2,1739465386,158822400
paymentservice,paymentservice-688f67b6d7-j9qn2,1739465686,160362496
paymentservice,paymentservice-688f67b6d7-j9qn2,1739465986,161189888
paymentservice,paymentservice-688f67b6d7-j9qn2,1739466286,172281856
paymentservice,paymentservice-688f67b6d7-j9qn2,1739466586,173154304
paymentservice,paymentservice-688f67b6d7-j9qn2,1739466886,174821376
paymentservice,paymentservice-688f67b6d7-j9qn2,1739467186,175599616
paymentservice,paymentservice-688f67b6d7-j9qn2,1739467486,177577984
paymentservice,paymentservice-688f67b6d7-j9qn2,1739467786,178585600
paymentservice,paymentservice-688f67b6d7-j9qn2,1739468086,180367360
paymentservice,paymentservice-688f67b6d7-j9qn2,1739468386,180998144
paymentservice,paymentservice-688f67b6d7-j9qn2,1739468686,181944320
paymentservice,paymentservice-688f67b6d7-j9qn2,1739468986,183734272
paymentservice,paymentservice-688f67b6d7-j9qn2,1739469286,186322944
paymentservice,paymentservice-688f67b6d7-j9qn2,1739469586,186429440
paymentservice,paymentservice-688f67b6d7-j9qn2,1739469886,183943168
paymentservice,paymentservice-688f67b6d7-j9qn2,1739470186,103399424
paymentservice,paymentservice-688f67b6d7-j9qn2,1739470486,112009216
paymentservice,paymentservice-688f67b6d7-j9qn2,1739470786,113520640
paymentservice,paymentservice-688f67b6d7-j9qn2,1739471086,115257344
paymentservice,paymentservice-688f67b6d7-j9qn2,1739471386,116244480
paymentservice,paymentservice-688f67b6d7-j9qn2,1739471686,117420032
paymentservice,paymentservice-688f67b6d7-j9qn2,1739471986,118820864
paymentservice,paymentservice-688f67b6d7-j9qn2,1739472286,120328192
paymentservice,paymentservice-688f67b6d7-j9qn2,1739472586,127389696
paymentservice,paymentservice-688f67b6d7-j9qn2,1739472886,128720896
paymentservice,paymentservice-688f67b6d7-j9qn2,1739473186,129708032
paymentservice,paymentservice-688f67b6d7-j9qn2,1739473486,131473408
paymentservice,paymentservice-688f67b6d7-j9qn2,1739473786,138579968
paymentservice,paymentservice-688f67b6d7-j9qn2,1739474086,140886016
paymentservice,paymentservice-688f67b6d7-j9qn2,1739474386,141463552
paymentservice,paymentservice-688f67b6d7-j9qn2,1739474686,142557184
paymentservice,paymentservice-688f67b6d7-j9qn2,1739474986,144121856
paymentservice,paymentservice-688f67b6d7-j9qn2,1739475286,144969728
paymentservice,paymentservice-688f67b6d7-j9qn2,1739475586,146313216
paymentservice,paymentservice-688f67b6d7-j9qn2,1739475886,145453056
paymentservice,paymentservice-688f67b6d7-j9qn2,1739476186,147345408
paymentservice,paymentservice-688f67b6d7-j9qn2,1739476486,148045824
paymentservice,paymentservice-688f67b6d7-j9qn2,1739476786,149258240
paymentservice,paymentservice-688f67b6d7-j9qn2,1739477086,150962176
paymentservice,paymentservice-688f67b6d7-j9qn2,1739477386,152264704
paymentservice,paymentservice-688f67b6d7-j9qn2,1739477686,152858624
paymentservice,paymentservice-688f67b6d7-j9qn2,1739477986,154316800
paymentservice,paymentservice-688f67b6d7-j9qn2,1739478286,155586560
paymentservice,paymentservice-688f67b6d7-j9qn2,1739478586,157446144
paymentservice,paymentservice-688f67b6d7-j9qn2,1739478886,168996864
paymentservice,paymentservice-688f67b6d7-j9qn2,1739479186,170000384
paymentservice,paymentservice-688f67b6d7-j9qn2,1739479486,171499520
paymentservice,paymentservice-688f67b6d7-j9qn2,1739479786,173215744
paymentservice,paymentservice-688f67b6d7-j9qn2,1739480086,174383104
paymentservice,paymentservice-688f67b6d7-j9qn2,1739480386,175407104
paymentservice,paymentservice-688f67b6d7-j9qn2,1739480686,180011008
paymentservice,paymentservice-688f67b6d7-j9qn2,1739480986,180887552
paymentservice,paymentservice-688f67b6d7-j9qn2,1739481286,182251520
paymentservice,paymentservice-688f67b6d7-j9qn2,1739481586,183508992
paymentservice,paymentservice-688f67b6d7-j9qn2,1739481886,186122240
paymentservice,paymentservice-688f67b6d7-j9qn2,1739482186,186064896
paymentservice,paymentservice-688f67b6d7-j9qn2,1739482486,184946688
paymentservice,paymentservice-688f67b6d7-j9qn2,1739482786,99856384
paymentservice,paymentservice-688f67b6d7-j9qn2,1739483086,102400000
paymentservice,paymentservice-688f67b6d7-j9qn2,1739483386,103702528
paymentservice,paymentservice-688f67b6d7-j9qn2,1739483686,106323968
paymentservice,paymentservice-688f67b6d7-j9qn2,1739483986,108187648
paymentservice,paymentservice-688f67b6d7-j9qn2,1739484286,111009792
paymentservice,paymentservice-688f67b6d7-j9qn2,1739484586,124964864
paymentservice,paymentservice-688f67b6d7-j9qn2,1739484886,125587456
paymentservice,paymentservice-688f67b6d7-j9qn2,1739485186,127602688
paymentservice,paymentservice-688f67b6d7-j9qn2,1739485486,129359872
paymentservice,paymentservice-688f67b6d7-j9qn2,1739485786,135958528
paymentservice,paymentservice-688f67b6d7-j9qn2,1739486086,139952128
paymentservice,paymentservice-688f67b6d7-j9qn2,1739486386,141770752
paymentservice,paymentservice-688f67b6d7-j9qn2,1739486686,142462976
paymentservice,paymentservice-688f67b6d7-j9qn2,1739486986,143216640
paymentservice,paymentservice-688f67b6d7-j9qn2,1739487286,144982016
paymentservice,paymentservice-688f67b6d7-j9qn2,1739487586,145608704
paymentservice,paymentservice-688f67b6d7-j9qn2,1739487886,146964480
paymentservice,paymentservice-688f67b6d7-j9qn2,1739488186,148033536
paymentservice,paymentservice-688f67b6d7-j9qn2,1739488486,148881408
paymentservice,paymentservice-688f67b6d7-j9qn2,1739488786,150405120
paymentservice,paymentservice-688f67b6d7-j9qn2,1739489086,151535616
paymentservice,paymentservice-688f67b6d7-j9qn2,1739489386,157925376
paymentservice,paymentservice-688f67b6d7-j9qn2,1739489686,158818304
paymentservice,paymentservice-688f67b6d7-j9qn2,1739489986,160358400
paymentservice,paymentservice-688f67b6d7-j9qn2,1739490286,163319808
paymentservice,paymentservice-688f67b6d7-j9qn2,1739490586,164618240
paymentservice,paymentservice-688f67b6d7-j9qn2,1739490886,165707776
paymentservice,paymentservice-688f67b6d7-j9qn2,1739491186,166625280
paymentservice,paymentservice-688f67b6d7-j9qn2,1739491486,167632896
paymentservice,paymentservice-688f67b6d7-j9qn2,1739491786,169709568
paymentservice,paymentservice-688f67b6d7-j9qn2,1739492086,177176576
paymentservice,paymentservice-688f67b6d7-j9qn2,1739492386,179257344
paymentservice,paymentservice-688f67b6d7-j9qn2,1739492686,178393088
paymentservice,paymentservice-688f67b6d7-j9qn2,1739492986,180826112
paymentservice,paymentservice-688f67b6d7-j9qn2,1739493286,184176640
paymentservice,paymentservice-688f67b6d7-j9qn2,1739493586,184905728
paymentservice,paymentservice-688f67b6d7-j9qn2,1739493886,185372672
paymentservice,paymentservice-688f67b6d7-j9qn2,1739494186,186085376
paymentservice,paymentservice-688f67b6d7-j9qn2,1739494486,184795136
paymentservice,paymentservice-688f67b6d7-j9qn2,1739494786,185028608
paymentservice,paymentservice-688f67b6d7-j9qn2,1739495086,103817216
paymentservice,paymentservice-688f67b6d7-j9qn2,1739495386,111185920
paymentservice,paymentservice-688f67b6d7-j9qn2,1739495686,115236864
paymentservice,paymentservice-688f67b6d7-j9qn2,1739495986,117919744
paymentservice,paymentservice-688f67b6d7-j9qn2,1739496286,119312384
paymentservice,paymentservice-688f67b6d7-j9qn2,1739496586,120745984
paymentservice,paymentservice-688f67b6d7-j9qn2,1739496886,122535936
paymentservice,paymentservice-688f67b6d7-j9qn2,1739497186,122908672
paymentservice,paymentservice-688f67b6d7-j9qn2,1739497486,124600320
paymentservice,paymentservice-688f67b6d7-j9qn2,1739497786,126496768
paymentservice,paymentservice-688f67b6d7-j9qn2,1739498086,127987712
paymentservice,paymentservice-688f67b6d7-j9qn2,1739498386,128811008
paymentservice,paymentservice-688f67b6d7-j9qn2,1739498686,137629696
paymentservice,paymentservice-688f67b6d7-j9qn2,1739498986,138833920
paymentservice,paymentservice-688f67b6d7-j9qn2,1739499286,139739136
paymentservice,paymentservice-688f67b6d7-j9qn2,1739499586,140636160
paymentservice,paymentservice-688f67b6d7-j9qn2,1739499886,142348288
paymentservice,paymentservice-688f67b6d7-j9qn2,1739500186,143994880
paymentservice,paymentservice-688f67b6d7-j9qn2,1739500486,144941056
paymentservice,paymentservice-688f67b6d7-j9qn2,1739500786,146661376
paymentservice,paymentservice-688f67b6d7-j9qn2,1739501086,147238912
paymentservice,paymentservice-688f67b6d7-j9qn2,1739501386,148877312
paymentservice,paymentservice-688f67b6d7-j9qn2,1739501686,150220800
paymentservice,paymentservice-688f67b6d7-j9qn2,1739501986,151097344
paymentservice,paymentservice-688f67b6d7-j9qn2,1739502286,152354816
paymentservice,paymentservice-688f67b6d7-j9qn2,1739502586,153640960
paymentservice,paymentservice-688f67b6d7-j9qn2,1739502886,155525120
paymentservice,paymentservice-688f67b6d7-j9qn2,1739503186,157294592
paymentservice,paymentservice-688f67b6d7-j9qn2,1739503486,160337920
paymentservice,paymentservice-688f67b6d7-j9qn2,1739503786,162209792
paymentservice,paymentservice-688f67b6d7-j9qn2,1739504086,163291136
paymentservice,paymentservice-688f67b6d7-j9qn2,1739504386,166363136
paymentservice,paymentservice-688f67b6d7-j9qn2,1739504686,172355584
paymentservice,paymentservice-688f67b6d7-j9qn2,1739504986,185327616
paymentservice,paymentservice-688f67b6d7-j9qn2,1739505286,185122816
paymentservice,paymentservice-688f67b6d7-j9qn2,1739505586,185389056
paymentservice,paymentservice-688f67b6d7-j9qn2,1739505886,185384960
paymentservice,paymentservice-688f67b6d7-j9qn2,1739506186,101662720
paymentservice,paymentservice-688f67b6d7-j9qn2,1739506486,104550400
paymentservice,paymentservice-688f67b6d7-j9qn2,1739506786,106610688
paymentservice,paymentservice-688f67b6d7-j9qn2,1739507086,109617152
paymentservice,paymentservice-688f67b6d7-j9qn2,1739507386,110727168
paymentservice,paymentservice-688f67b6d7-j9qn2,1739507686,119431168
paymentservice,paymentservice-688f67b6d7-j9qn2,1739507986,122793984
paymentservice,paymentservice-688f67b6d7-j9qn2,1739508286,123686912
paymentservice,paymentservice-688f67b6d7-j9qn2,1739508586,125808640
paymentservice,paymentservice-688f67b6d7-j9qn2,1739508886,127471616
paymentservice,paymentservice-688f67b6d7-j9qn2,1739509186,128159744
paymentservice,paymentservice-688f67b6d7-j9qn2,1739509486,129445888
paymentservice,paymentservice-688f67b6d7-j9qn2,1739509786,130269184
paymentservice,paymentservice-688f67b6d7-j9qn2,1739510086,131252224
paymentservice,paymentservice-688f67b6d7-j9qn2,1739510386,132075520
paymentservice,paymentservice-688f67b6d7-j9qn2,1739510686,132952064
paymentservice,paymentservice-688f67b6d7-j9qn2,1739510986,134533120
paymentservice,paymentservice-688f67b6d7-j9qn2,1739511286,137809920
paymentservice,paymentservice-688f67b6d7-j9qn2,1739511586,139292672
paymentservice,paymentservice-688f67b6d7-j9qn2,1739511886,155848704
paymentservice,paymentservice-688f67b6d7-j9qn2,1739512186,158445568
paymentservice,paymentservice-688f67b6d7-j9qn2,1739512486,158695424
paymentservice,paymentservice-688f67b6d7-j9qn2,1739512786,160161792
paymentservice,paymentservice-688f67b6d7-j9qn2,1739513086,160784384
paymentservice,paymentservice-688f67b6d7-j9qn2,1739513386,162336768
paymentservice,paymentservice-688f67b6d7-j9qn2,1739513686,165347328
paymentservice,paymentservice-688f67b6d7-j9qn2,1739513986,170606592
paymentservice,paymentservice-688f67b6d7-j9qn2,1739514286,171225088
paymentservice,paymentservice-688f67b6d7-j9qn2,1739514586,172752896
paymentservice,paymentservice-688f67b6d7-j9qn2,1739514886,173948928
paymentservice,paymentservice-688f67b6d7-j9qn2,1739515186,176029696
paymentservice,paymentservice-688f67b6d7-j9qn2,1739515486,177467392
paymentservice,paymentservice-688f67b6d7-j9qn2,1739515786,179359744
paymentservice,paymentservice-688f67b6d7-j9qn2,1739516086,180346880
paymentservice,paymentservice-688f67b6d7-j9qn2,1739516386,181952512
paymentservice,paymentservice-688f67b6d7-j9qn2,1739516686,184078336
paymentservice,paymentservice-688f67b6d7-j9qn2,1739516986,185774080
paymentservice,paymentservice-688f67b6d7-j9qn2,1739517286,186568704
paymentservice,paymentservice-688f67b6d7-j9qn2,1739517586,185532416
paymentservice,paymentservice-688f67b6d7-j9qn2,1739517886,186081280
paymentservice,paymentservice-688f67b6d7-j9qn2,1739518186,184143872
paymentservice,paymentservice-688f67b6d7-j9qn2,1739518486,185786368
paymentservice,paymentservice-688f67b6d7-j9qn2,1739518786,101314560
paymentservice,paymentservice-688f67b6d7-j9qn2,1739519086,105111552
paymentservice,paymentservice-688f67b6d7-j9qn2,1739519386,106545152
paymentservice,paymentservice-688f67b6d7-j9qn2,1739519686,110362624
paymentservice,paymentservice-688f67b6d7-j9qn2,1739519986,112496640
paymentservice,paymentservice-688f67b6d7-j9qn2,1739520286,113946624
paymentservice,paymentservice-688f67b6d7-j9qn2,1739520586,115171328
paymentservice,paymentservice-688f67b6d7-j9qn2,1739520886,118382592
paymentservice,paymentservice-688f67b6d7-j9qn2,1739521186,119345152
paymentservice,paymentservice-688f67b6d7-j9qn2,1739521486,121204736
paymentservice,paymentservice-688f67b6d7-j9qn2,1739521786,122245120
paymentservice,paymentservice-688f67b6d7-j9qn2,1739522086,123387904
paymentservice,paymentservice-688f67b6d7-j9qn2,1739522386,124321792
paymentservice,paymentservice-688f67b6d7-j9qn2,1739522686,126980096
paymentservice,paymentservice-688f67b6d7-j9qn2,1739522986,131690496
paymentservice,paymentservice-688f67b6d7-j9qn2,1739523286,133132288
paymentservice,paymentservice-688f67b6d7-j9qn2,1739523586,138555392
paymentservice,paymentservice-688f67b6d7-j9qn2,1739523886,141492224
paymentservice,paymentservice-688f67b6d7-j9qn2,1739524186,146993152
paymentservice,paymentservice-688f67b6d7-j9qn2,1739524486,147599360
paymentservice,paymentservice-688f67b6d7-j9qn2,1739524786,148656128
paymentservice,paymentservice-688f67b6d7-j9qn2,1739525086,149377024
paymentservice,paymentservice-688f67b6d7-j9qn2,1739525386,150958080
paymentservice,paymentservice-688f67b6d7-j9qn2,1739525686,163438592
paymentservice,paymentservice-688f67b6d7-j9qn2,1739525986,163934208
paymentservice,paymentservice-688f67b6d7-j9qn2,1739526286,165724160
paymentservice,paymentservice-688f67b6d7-j9qn2,1739526586,166621184
paymentservice,paymentservice-688f67b6d7-j9qn2,1739526886,167706624
paymentservice,paymentservice-688f67b6d7-j9qn2,1739527186,169246720
paymentservice,paymentservice-688f67b6d7-j9qn2,1739527486,170422272
paymentservice,paymentservice-688f67b6d7-j9qn2,1739527786,171147264
paymentservice,paymentservice-688f67b6d7-j9qn2,1739528086,172843008
paymentservice,paymentservice-688f67b6d7-j9qn2,1739528386,174317568
paymentservice,paymentservice-688f67b6d7-j9qn2,1739528686,175022080
paymentservice,paymentservice-688f67b6d7-j9qn2,1739528986,178266112
paymentservice,paymentservice-688f67b6d7-j9qn2,1739529286,179519488
paymentservice,paymentservice-688f67b6d7-j9qn2,1739529586,180744192
paymentservice,paymentservice-688f67b6d7-j9qn2,1739529886,182255616
paymentservice,paymentservice-688f67b6d7-j9qn2,1739530186,183750656
paymentservice,paymentservice-688f67b6d7-j9qn2,1739530486,185409536
paymentservice,paymentservice-688f67b6d7-j9qn2,1739530786,186040320
paymentservice,paymentservice-688f67b6d7-j9qn2,1739531086,185794560
paymentservice,paymentservice-688f67b6d7-j9qn2,1739531386,185196544
paymentservice,paymentservice-688f67b6d7-j9qn2,1739531686,100618240
paymentservice,paymentservice-688f67b6d7-j9qn2,1739531986,102756352
paymentservice,paymentservice-688f67b6d7-j9qn2,1739532286,104497152
paymentservice,paymentservice-688f67b6d7-j9qn2,1739532586,108191744
paymentservice,paymentservice-688f67b6d7-j9qn2,1739532886,110075904
paymentservice,paymentservice-688f67b6d7-j9qn2,1739533186,114638848
paymentservice,paymentservice-688f67b6d7-j9qn2,1739533486,117006336
paymentservice,paymentservice-688f67b6d7-j9qn2,1739533786,117604352
paymentservice,paymentservice-688f67b6d7-j9qn2,1739534086,120201216
paymentservice,paymentservice-688f67b6d7-j9qn2,1739534386,121167872
paymentservice,paymentservice-688f67b6d7-j9qn2,1739534686,124370944
paymentservice,paymentservice-688f67b6d7-j9qn2,1739534986,126332928
paymentservice,paymentservice-688f67b6d7-j9qn2,1739535286,132399104
paymentservice,paymentservice-688f67b6d7-j9qn2,1739535586,133304320
paymentservice,paymentservice-688f67b6d7-j9qn2,1739535886,134737920
paymentservice,paymentservice-688f67b6d7-j9qn2,1739536186,136351744
paymentservice,paymentservice-688f67b6d7-j9qn2,1739536486,137596928
paymentservice,paymentservice-688f67b6d7-j9qn2,1739536786,139194368
paymentservice,paymentservice-688f67b6d7-j9qn2,1739537086,140656640
paymentservice,paymentservice-688f67b6d7-j9qn2,1739537386,137736192
paymentservice,paymentservice-688f67b6d7-j9qn2,1739537686,141258752
paymentservice,paymentservice-688f67b6d7-j9qn2,1739537986,142766080
paymentservice,paymentservice-688f67b6d7-j9qn2,1739538286,145309696
paymentservice,paymentservice-688f67b6d7-j9qn2,1739538586,146726912
paymentservice,paymentservice-688f67b6d7-j9qn2,1739538886,147902464
paymentservice,paymentservice-688f67b6d7-j9qn2,1739539186,149467136
paymentservice,paymentservice-688f67b6d7-j9qn2,1739539486,150818816
paymentservice,paymentservice-688f67b6d7-j9qn2,1739539786,164593664
paymentservice,paymentservice-688f67b6d7-j9qn2,1739540086,165732352
paymentservice,paymentservice-688f67b6d7-j9qn2,1739540386,167411712
paymentservice,paymentservice-688f67b6d7-j9qn2,1739540686,168628224
paymentservice,paymentservice-688f67b6d7-j9qn2,1739540986,169443328
paymentservice,paymentservice-688f67b6d7-j9qn2,1739541286,170622976
paymentservice,paymentservice-688f67b6d7-j9qn2,1739541586,180269056
paymentservice,paymentservice-688f67b6d7-j9qn2,1739541886,174288896
paymentservice,paymentservice-688f67b6d7-j9qn2,1739542186,175190016
paymentservice,paymentservice-688f67b6d7-j9qn2,1739542486,177078272
paymentservice,paymentservice-688f67b6d7-j9qn2,1739542786,178483200
paymentservice,paymentservice-688f67b6d7-j9qn2,1739543086,179605504
paymentservice,paymentservice-688f67b6d7-j9qn2,1739543386,180690944
paymentservice,paymentservice-688f67b6d7-j9qn2,1739543686,182386688
paymentservice,paymentservice-688f67b6d7-j9qn2,1739543986,183730176
paymentservice,paymentservice-688f67b6d7-j9qn2,1739544286,185348096
paymentservice,paymentservice-688f67b6d7-j9qn2,1739544586,101933056
paymentservice,paymentservice-688f67b6d7-j9qn2,1739544886,103383040
paymentservice,paymentservice-688f67b6d7-j9qn2,1739545186,105734144
paymentservice,paymentservice-688f67b6d7-j9qn2,1739545486,107671552
paymentservice,paymentservice-688f67b6d7-j9qn2,1739545786,109867008
paymentservice,paymentservice-688f67b6d7-j9qn2,1739546086,111427584
paymentservice,paymentservice-688f67b6d7-j9qn2,1739546386,112500736
paymentservice,paymentservice-688f67b6d7-j9qn2,1739546686,114524160
paymentservice,paymentservice-688f67b6d7-j9qn2,1739546986,116350976
paymentservice,paymentservice-688f67b6d7-j9qn2,1739547286,124203008
paymentservice,paymentservice-688f67b6d7-j9qn2,1739547586,125255680
paymentservice,paymentservice-688f67b6d7-j9qn2,1739547886,126947328
paymentservice,paymentservice-688f67b6d7-j9qn2,1739548186,128651264
paymentservice,paymentservice-688f67b6d7-j9qn2,1739548486,130113536
paymentservice,paymentservice-688f67b6d7-j9qn2,1739548786,131571712
paymentservice,paymentservice-688f67b6d7-j9qn2,1739549086,140488704
paymentservice,paymentservice-688f67b6d7-j9qn2,1739549386,141860864
paymentservice,paymentservice-688f67b6d7-j9qn2,1739549686,143122432
paymentservice,paymentservice-688f67b6d7-j9qn2,1739549986,143740928
paymentservice,paymentservice-688f67b6d7-j9qn2,1739550286,145780736
paymentservice,paymentservice-688f67b6d7-j9qn2,1739550586,146251776
paymentservice,paymentservice-688f67b6d7-j9qn2,1739550886,147501056
paymentservice,paymentservice-688f67b6d7-j9qn2,1739551186,151404544
paymentservice,paymentservice-688f67b6d7-j9qn2,1739551486,152891392
paymentservice,paymentservice-688f67b6d7-j9qn2,1739551786,153853952
paymentservice,paymentservice-688f67b6d7-j9qn2,1739552086,154562560
paymentservice,paymentservice-688f67b6d7-j9qn2,1739552386,156430336
paymentservice,paymentservice-688f67b6d7-j9qn2,1739552686,157134848
paymentservice,paymentservice-688f67b6d7-j9qn2,1739552986,164823040
paymentservice,paymentservice-688f67b6d7-j9qn2,1739553286,167256064
paymentservice,paymentservice-688f67b6d7-j9qn2,1739553586,169086976
paymentservice,paymentservice-688f67b6d7-j9qn2,1739553886,169750528
paymentservice,paymentservice-688f67b6d7-j9qn2,1739554186,171110400
paymentservice,paymentservice-688f67b6d7-j9qn2,1739554486,171917312
paymentservice,paymentservice-688f67b6d7-j9qn2,1739554786,183660544
paymentservice,paymentservice-688f67b6d7-j9qn2,1739555086,184778752
paymentservice,paymentservice-688f67b6d7-j9qn2,1739555386,186273792
paymentservice,paymentservice-688f67b6d7-j9qn2,1739555686,185020416
paymentservice,paymentservice-688f67b6d7-j9qn2,1739555986,186433536
paymentservice,paymentservice-688f67b6d7-j9qn2,1739556286,184627200
paymentservice,paymentservice-688f67b6d7-j9qn2,1739556586,185663488
paymentservice,paymentservice-688f67b6d7-j9qn2,1739556886,102608896
paymentservice,paymentservice-688f67b6d7-j9qn2,1739557186,103415808
paymentservice,paymentservice-688f67b6d7-j9qn2,1739557486,105242624
paymentservice,paymentservice-688f67b6d7-j9qn2,1739557786,106868736
paymentservice,paymentservice-688f67b6d7-j9qn2,1739558086,109047808
paymentservice,paymentservice-688f67b6d7-j9qn2,1739558386,110030848
paymentservice,paymentservice-688f67b6d7-j9qn2,1739558686,113774592
paymentservice,paymentservice-688f67b6d7-j9qn2,1739558986,124846080
paymentservice,paymentservice-688f67b6d7-j9qn2,1739559286,129445888
paymentservice,paymentservice-688f67b6d7-j9qn2,1739559586,129900544
paymentservice,paymentservice-688f67b6d7-j9qn2,1739559886,130547712
paymentservice,paymentservice-688f67b6d7-j9qn2,1739560186,131694592
paymentservice,paymentservice-688f67b6d7-j9qn2,1739560486,132763648
paymentservice,paymentservice-688f67b6d7-j9qn2,1739560786,135434240
paymentservice,paymentservice-688f67b6d7-j9qn2,1739561086,138018816
paymentservice,paymentservice-688f67b6d7-j9qn2,1739561386,138776576
paymentservice,paymentservice-688f67b6d7-j9qn2,1739561686,140337152
paymentservice,paymentservice-688f67b6d7-j9qn2,1739561986,151896064
paymentservice,paymentservice-688f67b6d7-j9qn2,1739562286,152522752
paymentservice,paymentservice-688f67b6d7-j9qn2,1739562586,154136576
paymentservice,paymentservice-688f67b6d7-j9qn2,1739562886,154701824
paymentservice,paymentservice-688f67b6d7-j9qn2,1739563186,156295168
paymentservice,paymentservice-688f67b6d7-j9qn2,1739563486,157392896
paymentservice,paymentservice-688f67b6d7-j9qn2,1739563786,158908416
paymentservice,paymentservice-688f67b6d7-j9qn2,1739564086,159739904
paymentservice,paymentservice-688f67b6d7-j9qn2,1739564386,160358400
paymentservice,paymentservice-688f67b6d7-j9qn2,1739564686,161951744
paymentservice,paymentservice-688f67b6d7-j9qn2,1739564986,157032448
paymentservice,paymentservice-688f67b6d7-j9qn2,1739565286,158375936
paymentservice,paymentservice-688f67b6d7-j9qn2,1739565586,159989760
paymentservice,paymentservice-688f67b6d7-j9qn2,1739565886,162877440
paymentservice,paymentservice-688f67b6d7-j9qn2,1739566186,168374272
paymentservice,paymentservice-688f67b6d7-j9qn2,1739566486,170770432
paymentservice,paymentservice-688f67b6d7-j9qn2,1739566786,169189376
paymentservice,paymentservice-688f67b6d7-j9qn2,1739567086,171700224
paymentservice,paymentservice-688f67b6d7-j9qn2,1739567386,183611392
paymentservice,paymentservice-688f67b6d7-j9qn2,1739567686,185450496
paymentservice,paymentservice-688f67b6d7-j9qn2,1739567986,186003456
paymentservice,paymentservice-688f67b6d7-j9qn2,1739568286,185372672
paymentservice,paymentservice-688f67b6d7-j9qn2,1739568586,103632896
paymentservice,paymentservice-688f67b6d7-j9qn2,1739568886,107716608
paymentservice,paymentservice-688f67b6d7-j9qn2,1739569186,116731904
paymentservice,paymentservice-688f67b6d7-j9qn2,1739569486,119250944
paymentservice,paymentservice-688f67b6d7-j9qn2,1739569786,119803904
paymentservice,paymentservice-688f67b6d7-j9qn2,1739570086,122257408
paymentservice,paymentservice-688f67b6d7-j9qn2,1739570386,124661760
paymentservice,paymentservice-688f67b6d7-j9qn2,1739570686,125591552
paymentservice,paymentservice-688f67b6d7-j9qn2,1739570986,127455232
paymentservice,paymentservice-688f67b6d7-j9qn2,1739571286,129273856
paymentservice,paymentservice-688f67b6d7-j9qn2,1739571586,129818624
paymentservice,paymentservice-688f67b6d7-j9qn2,1739571886,131690496
paymentservice,paymentservice-688f67b6d7-j9qn2,1739572186,133595136
paymentservice,paymentservice-688f67b6d7-j9qn2,1739572486,135155712
paymentservice,paymentservice-688f67b6d7-j9qn2,1739572786,136368128
paymentservice,paymentservice-688f67b6d7-j9qn2,1739573086,137601024
paymentservice,paymentservice-688f67b6d7-j9qn2,1739573386,140058624
paymentservice,paymentservice-688f67b6d7-j9qn2,1739573686,141070336
paymentservice,paymentservice-688f67b6d7-j9qn2,1739573986,143613952
paymentservice,paymentservice-688f67b6d7-j9qn2,1739574286,144728064
paymentservice,paymentservice-688f67b6d7-j9qn2,1739574586,146411520
paymentservice,paymentservice-688f67b6d7-j9qn2,1739574886,148193280
paymentservice,paymentservice-688f67b6d7-j9qn2,1739575186,148877312
paymentservice,paymentservice-688f67b6d7-j9qn2,1739575486,150933504
paymentservice,paymentservice-688f67b6d7-j9qn2,1739575786,155402240
paymentservice,paymentservice-688f67b6d7-j9qn2,1739576086,156602368
paymentservice,paymentservice-688f67b6d7-j9qn2,1739576386,157925376
paymentservice,paymentservice-688f67b6d7-j9qn2,1739576686,159707136
paymentservice,paymentservice-688f67b6d7-j9qn2,1739576986,160792576
paymentservice,paymentservice-688f67b6d7-j9qn2,1739577286,162615296
paymentservice,paymentservice-688f67b6d7-j9qn2,1739577586,164364288
paymentservice,paymentservice-688f67b6d7-j9qn2,1739577886,165638144
paymentservice,paymentservice-688f67b6d7-j9qn2,1739578186,167309312
paymentservice,paymentservice-688f67b6d7-j9qn2,1739578486,179200000
paymentservice,paymentservice-688f67b6d7-j9qn2,1739578786,184512512
paymentservice,paymentservice-688f67b6d7-j9qn2,1739579086,181145600
paymentservice,paymentservice-688f67b6d7-j9qn2,1739579386,183169024
paymentservice,paymentservice-688f67b6d7-j9qn2,1739579686,185565184
paymentservice,paymentservice-688f67b6d7-j9qn2,1739579986,104124416
paymentservice,paymentservice-688f67b6d7-j9qn2,1739580286,112128000
paymentservice,paymentservice-688f67b6d7-j9qn2,1739580586,115900416
paymentservice,paymentservice-688f67b6d7-j9qn2,1739580886,117551104
paymentservice,paymentservice-688f67b6d7-j9qn2,1739581186,118685696
paymentservice,paymentservice-688f67b6d7-j9qn2,1739581486,120487936
paymentservice,paymentservice-688f67b6d7-j9qn2,1739581786,121614336
paymentservice,paymentservice-688f67b6d7-j9qn2,1739582086,122814464
paymentservice,paymentservice-688f67b6d7-j9qn2,1739582386,125083648
paymentservice,paymentservice-688f67b6d7-j9qn2,1739582686,126382080
paymentservice,paymentservice-688f67b6d7-j9qn2,1739582986,127918080
paymentservice,paymentservice-688f67b6d7-j9qn2,1739583286,129683456
paymentservice,paymentservice-688f67b6d7-j9qn2,1739583586,130826240
paymentservice,paymentservice-688f67b6d7-j9qn2,1739583886,132452352
paymentservice,paymentservice-688f67b6d7-j9qn2,1739584186,134524928
paymentservice,paymentservice-688f67b6d7-j9qn2,1739584486,143937536
paymentservice,paymentservice-688f67b6d7-j9qn2,1739584786,144723968
paymentservice,paymentservice-688f67b6d7-j9qn2,1739585086,148254720
paymentservice,paymentservice-688f67b6d7-j9qn2,1739585386,148971520
paymentservice,paymentservice-688f67b6d7-j9qn2,1739585686,150212608
paymentservice,paymentservice-688f67b6d7-j9qn2,1739585986,150716416
paymentservice,paymentservice-688f67b6d7-j9qn2,1739586286,152551424
paymentservice,paymentservice-688f67b6d7-j9qn2,1739586586,153296896
paymentservice,paymentservice-688f67b6d7-j9qn2,1739586886,157270016
paymentservice,paymentservice-688f67b6d7-j9qn2,1739587186,158953472
paymentservice,paymentservice-688f67b6d7-j9qn2,1739587486,159330304
paymentservice,paymentservice-688f67b6d7-j9qn2,1739587786,162365440
paymentservice,paymentservice-688f67b6d7-j9qn2,1739588086,163049472
paymentservice,paymentservice-688f67b6d7-j9qn2,1739588386,164798464
paymentservice,paymentservice-688f67b6d7-j9qn2,1739588686,167677952
paymentservice,paymentservice-688f67b6d7-j9qn2,1739588986,168460288
paymentservice,paymentservice-688f67b6d7-j9qn2,1739589286,169840640
paymentservice,paymentservice-688f67b6d7-j9qn2,1739589586,179572736
paymentservice,paymentservice-688f67b6d7-j9qn2,1739589886,181387264
paymentservice,paymentservice-688f67b6d7-j9qn2,1739590186,180199424
paymentservice,paymentservice-688f67b6d7-j9qn2,1739590486,184733696
paymentservice,paymentservice-688f67b6d7-j9qn2,1739590786,185171968
paymentservice,paymentservice-688f67b6d7-j9qn2,1739591086,186445824
paymentservice,paymentservice-688f67b6d7-j9qn2,1739591386,185741312
paymentservice,paymentservice-688f67b6d7-j9qn2,1739591686,184602624
paymentservice,paymentservice-688f67b6d7-j9qn2,1739591986,103358464
paymentservice,paymentservice-688f67b6d7-j9qn2,1739592286,114524160
paymentservice,paymentservice-688f67b6d7-j9qn2,1739592586,118517760
paymentservice,paymentservice-688f67b6d7-j9qn2,1739592886,120459264
paymentservice,paymentservice-688f67b6d7-j9qn2,1739593186,122314752
paymentservice,paymentservice-688f67b6d7-j9qn2,1739593486,124375040
paymentservice,paymentservice-688f67b6d7-j9qn2,1739593786,124952576
paymentservice,paymentservice-688f67b6d7-j9qn2,1739594086,127328256
paymentservice,paymentservice-688f67b6d7-j9qn2,1739594386,131452928
paymentservice,paymentservice-688f67b6d7-j9qn2,1739594686,132743168
paymentservice,paymentservice-688f67b6d7-j9qn2,1739594986,138305536
paymentservice,paymentservice-688f67b6d7-j9qn2,1739595286,139722752
paymentservice,paymentservice-688f67b6d7-j9qn2,1739595586,141459456
paymentservice,paymentservice-688f67b6d7-j9qn2,1739595886,142905344
paymentservice,paymentservice-688f67b6d7-j9qn2,1739596186,143740928
paymentservice,paymentservice-688f67b6d7-j9qn2,1739596486,144531456
paymentservice,paymentservice-688f67b6d7-j9qn2,1739596786,146075648
paymentservice,paymentservice-688f67b6d7-j9qn2,1739597086,147050496
paymentservice,paymentservice-688f67b6d7-j9qn2,1739597386,148242432
paymentservice,paymentservice-688f67b6d7-j9qn2,1739597686,149983232
paymentservice,paymentservice-688f67b6d7-j9qn2,1739597986,153694208
paymentservice,paymentservice-688f67b6d7-j9qn2,1739598286,152174592
paymentservice,paymentservice-688f67b6d7-j9qn2,1739598586,156020736
paymentservice,paymentservice-688f67b6d7-j9qn2,1739598886,158154752
paymentservice,paymentservice-688f67b6d7-j9qn2,1739599186,159481856
paymentservice,paymentservice-688f67b6d7-j9qn2,1739599486,161611776
paymentservice,paymentservice-688f67b6d7-j9qn2,1739599786,163041280
paymentservice,paymentservice-688f67b6d7-j9qn2,1739600086,164528128
paymentservice,paymentservice-688f67b6d7-j9qn2,1739600386,165806080
paymentservice,paymentservice-688f67b6d7-j9qn2,1739600686,171970560
paymentservice,paymentservice-688f67b6d7-j9qn2,1739600986,173658112
paymentservice,paymentservice-688f67b6d7-j9qn2,1739601286,174313472
paymentservice,paymentservice-688f67b6d7-j9qn2,1739601586,175550464
paymentservice,paymentservice-688f67b6d7-j9qn2,1739601886,176762880
paymentservice,paymentservice-688f67b6d7-j9qn2,1739602186,179306496
paymentservice,paymentservice-688f67b6d7-j9qn2,1739602486,180486144
paymentservice,paymentservice-688f67b6d7-j9qn2,1739602786,182161408
paymentservice,paymentservice-688f67b6d7-j9qn2,1739603086,182677504
paymentservice,paymentservice-688f67b6d7-j9qn2,1739603386,184029184
paymentservice,paymentservice-688f67b6d7-j9qn2,1739603686,184508416
paymentservice,paymentservice-688f67b6d7-j9qn2,1739603986,185540608
paymentservice,paymentservice-688f67b6d7-j9qn2,1739604286,185696256
paymentservice,paymentservice-688f67b6d7-j9qn2,1739604586,185872384
paymentservice,paymentservice-688f67b6d7-j9qn2,1739604886,100909056
paymentservice,paymentservice-688f67b6d7-j9qn2,1739605186,103055360
paymentservice,paymentservice-688f67b6d7-j9qn2,1739605486,104542208
paymentservice,paymentservice-688f67b6d7-j9qn2,1739605786,106041344
paymentservice,paymentservice-688f67b6d7-j9qn2,1739606086,108298240
paymentservice,paymentservice-688f67b6d7-j9qn2,1739606386,114171904
paymentservice,paymentservice-688f67b6d7-j9qn2,1739606686,115781632
paymentservice,paymentservice-688f67b6d7-j9qn2,1739606986,117084160
paymentservice,paymentservice-688f67b6d7-j9qn2,1739607286,119234560
paymentservice,paymentservice-688f67b6d7-j9qn2,1739607586,120451072
paymentservice,paymentservice-688f67b6d7-j9qn2,1739607886,122183680
paymentservice,paymentservice-688f67b6d7-j9qn2,1739608186,124375040
paymentservice,paymentservice-688f67b6d7-j9qn2,1739608486,136986624
paymentservice,paymentservice-688f67b6d7-j9qn2,1739608786,141434880
paymentservice,paymentservice-688f67b6d7-j9qn2,1739609086,142479360
paymentservice,paymentservice-688f67b6d7-j9qn2,1739609386,143069184
paymentservice,paymentservice-688f67b6d7-j9qn2,1739609686,144764928
paymentservice,paymentservice-688f67b6d7-j9qn2,1739609986,143892480
paymentservice,paymentservice-688f67b6d7-j9qn2,1739610286,145281024
paymentservice,paymentservice-688f67b6d7-j9qn2,1739610586,145932288
paymentservice,paymentservice-688f67b6d7-j9qn2,1739610886,146927616
paymentservice,paymentservice-688f67b6d7-j9qn2,1739611186,148799488
paymentservice,paymentservice-688f67b6d7-j9qn2,1739611486,160059392
paymentservice,paymentservice-688f67b6d7-j9qn2,1739611786,160903168
paymentservice,paymentservice-688f67b6d7-j9qn2,1739612086,161902592
paymentservice,paymentservice-688f67b6d7-j9qn2,1739612386,163237888
paymentservice,paymentservice-688f67b6d7-j9qn2,1739612686,164298752
paymentservice,paymentservice-688f67b6d7-j9qn2,1739612986,165769216
paymentservice,paymentservice-688f67b6d7-j9qn2,1739613286,166998016
paymentservice,paymentservice-688f67b6d7-j9qn2,1739613586,168009728
paymentservice,paymentservice-688f67b6d7-j9qn2,1739613886,169566208
paymentservice,paymentservice-688f67b6d7-j9qn2,1739614186,171241472
paymentservice,paymentservice-688f67b6d7-j9qn2,1739614486,172351488
paymentservice,paymentservice-688f67b6d7-j9qn2,1739614786,177111040
paymentservice,paymentservice-688f67b6d7-j9qn2,1739615086,175570944
paymentservice,paymentservice-688f67b6d7-j9qn2,1739615386,176705536
paymentservice,paymentservice-688f67b6d7-j9qn2,1739615686,178384896
paymentservice,paymentservice-688f67b6d7-j9qn2,1739615986,179589120
paymentservice,paymentservice-688f67b6d7-j9qn2,1739616286,181452800
paymentservice,paymentservice-688f67b6d7-j9qn2,1739616586,182218752
paymentservice,paymentservice-688f67b6d7-j9qn2,1739616886,183992320
paymentservice,paymentservice-688f67b6d7-j9qn2,1739617186,185229312
paymentservice,paymentservice-688f67b6d7-j9qn2,1739617486,100962304
paymentservice,paymentservice-688f67b6d7-j9qn2,1739617786,102555648
paymentservice,paymentservice-688f67b6d7-j9qn2,1739618086,107769856
paymentservice,paymentservice-688f67b6d7-j9qn2,1739618386,110292992
paymentservice,paymentservice-688f67b6d7-j9qn2,1739618686,112349184
paymentservice,paymentservice-688f67b6d7-j9qn2,1739618986,113213440
paymentservice,paymentservice-688f67b6d7-j9qn2,1739619286,114200576
paymentservice,paymentservice-688f67b6d7-j9qn2,1739619586,115818496
paymentservice,paymentservice-688f67b6d7-j9qn2,1739619886,116781056
paymentservice,paymentservice-688f67b6d7-j9qn2,1739620186,119283712
paymentservice,paymentservice-688f67b6d7-j9qn2,1739620486,121331712
paymentservice,paymentservice-688f67b6d7-j9qn2,1739620786,122253312
paymentservice,paymentservice-688f67b6d7-j9qn2,1739621086,123809792
paymentservice,paymentservice-688f67b6d7-j9qn2,1739621386,125288448
paymentservice,paymentservice-688f67b6d7-j9qn2,1739621686,126705664
paymentservice,paymentservice-688f67b6d7-j9qn2,1739621986,127840256
paymentservice,paymentservice-688f67b6d7-j9qn2,1739622286,130027520
paymentservice,paymentservice-688f67b6d7-j9qn2,1739622586,131657728
paymentservice,paymentservice-688f67b6d7-j9qn2,1739622886,132706304
paymentservice,paymentservice-688f67b6d7-j9qn2,1739623186,134471680
paymentservice,paymentservice-688f67b6d7-j9qn2,1739623486,143491072
paymentservice,paymentservice-688f67b6d7-j9qn2,1739623786,144531456
paymentservice,paymentservice-688f67b6d7-j9qn2,1739624086,146759680
paymentservice,paymentservice-688f67b6d7-j9qn2,1739624386,148455424
paymentservice,paymentservice-688f67b6d7-j9qn2,1739624686,157069312
paymentservice,paymentservice-688f67b6d7-j9qn2,1739624986,158523392
paymentservice,paymentservice-688f67b6d7-j9qn2,1739625286,159838208
paymentservice,paymentservice-688f67b6d7-j9qn2,1739625586,161497088
paymentservice,paymentservice-688f67b6d7-j9qn2,1739625886,163225600
paymentservice,paymentservice-688f67b6d7-j9qn2,1739626186,164737024
paymentservice,paymentservice-688f67b6d7-j9qn2,1739626486,167284736
paymentservice,paymentservice-688f67b6d7-j9qn2,1739626786,164315136
paymentservice,paymentservice-688f67b6d7-j9qn2,1739627086,167227392
paymentservice,paymentservice-688f67b6d7-j9qn2,1739627386,168865792
paymentservice,paymentservice-688f67b6d7-j9qn2,1739627686,171216896
paymentservice,paymentservice-688f67b6d7-j9qn2,1739627986,172253184
paymentservice,paymentservice-688f67b6d7-j9qn2,1739628286,173572096
paymentservice,paymentservice-688f67b6d7-j9qn2,1739628586,175210496
paymentservice,paymentservice-688f67b6d7-j9qn2,1739628886,176865280
paymentservice,paymentservice-688f67b6d7-j9qn2,1739629186,183459840
paymentservice,paymentservice-688f67b6d7-j9qn2,1739629486,185253888
paymentservice,paymentservice-688f67b6d7-j9qn2,1739629786,101912576
paymentservice,paymentservice-688f67b6d7-j9qn2,1739630086,105005056
paymentservice,paymentservice-688f67b6d7-j9qn2,1739630386,106385408
paymentservice,paymentservice-688f67b6d7-j9qn2,1739630686,109985792
paymentservice,paymentservice-688f67b6d7-j9qn2,1739630986,110989312
paymentservice,paymentservice-688f67b6d7-j9qn2,1739631286,112869376
paymentservice,paymentservice-688f67b6d7-j9qn2,1739631586,113860608
paymentservice,paymentservice-688f67b6d7-j9qn2,1739631886,115646464
paymentservice,paymentservice-688f67b6d7-j9qn2,1739632186,115707904
paymentservice,paymentservice-688f67b6d7-j9qn2,1739632486,117436416
paymentservice,paymentservice-688f67b6d7-j9qn2,1739632786,118718464
paymentservice,paymentservice-688f67b6d7-j9qn2,1739633086,120664064
paymentservice,paymentservice-688f67b6d7-j9qn2,1739633386,121884672
paymentservice,paymentservice-688f67b6d7-j9qn2,1739633686,123863040
paymentservice,paymentservice-688f67b6d7-j9qn2,1739633986,125001728
paymentservice,paymentservice-688f67b6d7-j9qn2,1739634286,126386176
paymentservice,paymentservice-688f67b6d7-j9qn2,1739634586,128327680
paymentservice,paymentservice-688f67b6d7-j9qn2,1739634886,129400832
paymentservice,paymentservice-688f67b6d7-j9qn2,1739635186,131162112
paymentservice,paymentservice-688f67b6d7-j9qn2,1739635486,152322048
paymentservice,paymentservice-688f67b6d7-j9qn2,1739635786,154505216
paymentservice,paymentservice-688f67b6d7-j9qn2,1739636086,157089792
paymentservice,paymentservice-688f67b6d7-j9qn2,1739636386,159031296
paymentservice,paymentservice-688f67b6d7-j9qn2,1739636686,159510528
paymentservice,paymentservice-688f67b6d7-j9qn2,1739636986,160579584
paymentservice,paymentservice-688f67b6d7-j9qn2,1739637286,162385920
paymentservice,paymentservice-688f67b6d7-j9qn2,1739637586,161918976
paymentservice,paymentservice-688f67b6d7-j9qn2,1739637886,163590144
paymentservice,paymentservice-688f67b6d7-j9qn2,1739638186,164155392
paymentservice,paymentservice-688f67b6d7-j9qn2,1739638486,165937152
paymentservice,paymentservice-688f67b6d7-j9qn2,1739638786,167194624
paymentservice,paymentservice-688f67b6d7-j9qn2,1739639086,168128512
paymentservice,paymentservice-688f67b6d7-j9qn2,1739639386,169340928
paymentservice,paymentservice-688f67b6d7-j9qn2,1739639686,170336256
paymentservice,paymentservice-688f67b6d7-j9qn2,1739639986,172748800
paymentservice,paymentservice-688f67b6d7-j9qn2,1739640286,174727168
paymentservice,paymentservice-688f67b6d7-j9qn2,1739640586,175419392
paymentservice,paymentservice-688f67b6d7-j9qn2,1739640886,177180672
paymentservice,paymentservice-688f67b6d7-j9qn2,1739641186,178720768
paymentservice,paymentservice-688f67b6d7-j9qn2,1739641486,180908032
paymentservice,paymentservice-688f67b6d7-j9qn2,1739641786,101318656
paymentservice,paymentservice-688f67b6d7-j9qn2,1739642086,102473728
paymentservice,paymentservice-688f67b6d7-j9qn2,1739642386,105967616
paymentservice,paymentservice-688f67b6d7-j9qn2,1739642686,107880448
paymentservice,paymentservice-688f67b6d7-j9qn2,1739642986,113287168
paymentservice,paymentservice-688f67b6d7-j9qn2,1739643286,114102272
paymentservice,paymentservice-688f67b6d7-j9qn2,1739643586,115068928
paymentservice,paymentservice-688f67b6d7-j9qn2,1739643886,117026816
paymentservice,paymentservice-688f67b6d7-j9qn2,1739644186,118480896
paymentservice,paymentservice-688f67b6d7-j9qn2,1739644486,119316480
paymentservice,paymentservice-688f67b6d7-j9qn2,1739644786,121036800
paymentservice,paymentservice-688f67b6d7-j9qn2,1739645086,123555840
paymentservice,paymentservice-688f67b6d7-j9qn2,1739645386,124297216
paymentservice,paymentservice-688f67b6d7-j9qn2,1739645686,130437120
paymentservice,paymentservice-688f67b6d7-j9qn2,1739645986,132833280
paymentservice,paymentservice-688f67b6d7-j9qn2,1739646286,134324224
paymentservice,paymentservice-688f67b6d7-j9qn2,1739646586,135278592
paymentservice,paymentservice-688f67b6d7-j9qn2,1739646886,137150464
paymentservice,paymentservice-688f67b6d7-j9qn2,1739647186,138293248
paymentservice,paymentservice-688f67b6d7-j9qn2,1739647486,139530240
paymentservice,paymentservice-688f67b6d7-j9qn2,1739647786,140963840
paymentservice,paymentservice-688f67b6d7-j9qn2,1739648086,142397440
paymentservice,paymentservice-688f67b6d7-j9qn2,1739648386,143671296
paymentservice,paymentservice-688f67b6d7-j9qn2,1739648686,157147136
paymentservice,paymentservice-688f67b6d7-j9qn2,1739648986,158691328
paymentservice,paymentservice-688f67b6d7-j9qn2,1739649286,160370688
paymentservice,paymentservice-688f67b6d7-j9qn2,1739649586,101978112
paymentservice,paymentservice-688f67b6d7-j9qn2,1739649886,104792064
paymentservice,paymentservice-688f67b6d7-j9qn2,1739650186,108519424
paymentservice,paymentservice-688f67b6d7-j9qn2,1739650486,109940736
paymentservice,paymentservice-688f67b6d7-j9qn2,1739650786,112111616
paymentservice,paymentservice-688f67b6d7-j9qn2,1739651086,112525312
paymentservice,paymentservice-688f67b6d7-j9qn2,1739651386,114069504
paymentservice,paymentservice-688f67b6d7-j9qn2,1739651686,124411904
paymentservice,paymentservice-688f67b6d7-j9qn2,1739651986,125538304
paymentservice,paymentservice-688f67b6d7-j9qn2,1739652286,126689280
paymentservice,paymentservice-688f67b6d7-j9qn2,1739652586,128253952
paymentservice,paymentservice-688f67b6d7-j9qn2,1739652886,128856064
paymentservice,paymentservice-688f67b6d7-j9qn2,1739653186,131223552
paymentservice,paymentservice-688f67b6d7-j9qn2,1739653486,131289088
paymentservice,paymentservice-688f67b6d7-j9qn2,1739653786,132669440
paymentservice,paymentservice-688f67b6d7-j9qn2,1739654086,133619712
paymentservice,paymentservice-688f67b6d7-j9qn2,1739654386,143872000
paymentservice,paymentservice-688f67b6d7-j9qn2,1739654686,144736256
paymentservice,paymentservice-688f67b6d7-j9qn2,1739654986,146403328
paymentservice,paymentservice-688f67b6d7-j9qn2,1739655286,147304448
paymentservice,paymentservice-688f67b6d7-j9qn2,1739655586,149049344
paymentservice,paymentservice-688f67b6d7-j9qn2,1739655886,149991424
paymentservice,paymentservice-688f67b6d7-j9qn2,1739656186,151719936
paymentservice,paymentservice-688f67b6d7-j9qn2,1739656486,152498176
paymentservice,paymentservice-688f67b6d7-j9qn2,1739656786,154836992
paymentservice,paymentservice-688f67b6d7-j9qn2,1739657086,156860416
paymentservice,paymentservice-688f67b6d7-j9qn2,1739657386,157859840
paymentservice,paymentservice-688f67b6d7-j9qn2,1739657686,159887360
paymentservice,paymentservice-688f67b6d7-j9qn2,1739657986,160858112
paymentservice,paymentservice-688f67b6d7-j9qn2,1739658286,167256064
paymentservice,paymentservice-688f67b6d7-j9qn2,1739658586,164519936
paymentservice,paymentservice-688f67b6d7-j9qn2,1739658886,165564416
paymentservice,paymentservice-688f67b6d7-j9qn2,1739659186,167948288
paymentservice,paymentservice-688f67b6d7-j9qn2,1739659486,169156608
paymentservice,paymentservice-688f67b6d7-j9qn2,1739659786,170827776
paymentservice,paymentservice-688f67b6d7-j9qn2,1739660086,171720704
paymentservice,paymentservice-688f67b6d7-j9qn2,1739660386,172834816
paymentservice,paymentservice-688f67b6d7-j9qn2,1739660686,183271424
paymentservice,paymentservice-688f67b6d7-j9qn2,1739660986,185565184
paymentservice,paymentservice-688f67b6d7-j9qn2,1739661286,186716160
paymentservice,paymentservice-688f67b6d7-j9qn2,1739661586,188735488
paymentservice,paymentservice-688f67b6d7-j9qn2,1739661886,103796736
paymentservice,paymentservice-688f67b6d7-j9qn2,1739662186,105672704
paymentservice,paymentservice-688f67b6d7-j9qn2,1739662486,108199936
paymentservice,paymentservice-688f67b6d7-j9qn2,1739662786,111259648
paymentservice,paymentservice-688f67b6d7-j9qn2,1739663086,119525376
paymentservice,paymentservice-688f67b6d7-j9qn2,1739663386,123289600
paymentservice,paymentservice-688f67b6d7-j9qn2,1739663686,125145088
paymentservice,paymentservice-688f67b6d7-j9qn2,1739663986,126345216
paymentservice,paymentservice-688f67b6d7-j9qn2,1739664286,129191936
paymentservice,paymentservice-688f67b6d7-j9qn2,1739664586,130547712
paymentservice,paymentservice-688f67b6d7-j9qn2,1739664886,132423680
paymentservice,paymentservice-688f67b6d7-j9qn2,1739665186,132440064
paymentservice,paymentservice-688f67b6d7-j9qn2,1739665486,134754304
paymentservice,paymentservice-688f67b6d7-j9qn2,1739665786,135528448
paymentservice,paymentservice-688f67b6d7-j9qn2,1739666086,140984320
paymentservice,paymentservice-688f67b6d7-j9qn2,1739666386,141729792
paymentservice,paymentservice-688f67b6d7-j9qn2,1739666686,143675392
paymentservice,paymentservice-688f67b6d7-j9qn2,1739666986,145072128
paymentservice,paymentservice-688f67b6d7-j9qn2,1739667286,147501056
paymentservice,paymentservice-688f67b6d7-j9qn2,1739667586,148054016
paymentservice,paymentservice-688f67b6d7-j9qn2,1739667886,152485888
paymentservice,paymentservice-688f67b6d7-j9qn2,1739668186,153575424
paymentservice,paymentservice-688f67b6d7-j9qn2,1739668486,155656192
paymentservice,paymentservice-688f67b6d7-j9qn2,1739668786,156835840
paymentservice,paymentservice-688f67b6d7-j9qn2,1739669086,158208000
paymentservice,paymentservice-688f67b6d7-j9qn2,1739669386,159313920
paymentservice,paymentservice-688f67b6d7-j9qn2,1739669686,160645120
paymentservice,paymentservice-688f67b6d7-j9qn2,1739669986,161730560
paymentservice,paymentservice-688f67b6d7-j9qn2,1739670286,162549760
paymentservice,paymentservice-688f67b6d7-j9qn2,1739670586,163594240
paymentservice,paymentservice-688f67b6d7-j9qn2,1739670886,165048320
paymentservice,paymentservice-688f67b6d7-j9qn2,1739671186,167682048
paymentservice,paymentservice-688f67b6d7-j9qn2,1739671486,165801984
paymentservice,paymentservice-688f67b6d7-j9qn2,1739671786,168038400
paymentservice,paymentservice-688f67b6d7-j9qn2,1739672086,170893312
paymentservice,paymentservice-688f67b6d7-j9qn2,1739672386,173707264
paymentservice,paymentservice-688f67b6d7-j9qn2,1739672686,174301184
paymentservice,paymentservice-688f67b6d7-j9qn2,1739672986,176300032
paymentservice,paymentservice-688f67b6d7-j9qn2,1739673286,177811456
paymentservice,paymentservice-688f67b6d7-j9qn2,1739673586,179232768
paymentservice,paymentservice-688f67b6d7-j9qn2,1739673886,180326400
paymentservice,paymentservice-688f67b6d7-j9qn2,1739674186,182894592
paymentservice,paymentservice-688f67b6d7-j9qn2,1739674486,187097088
paymentservice,paymentservice-688f67b6d7-j9qn2,1739674786,104398848
paymentservice,paymentservice-688f67b6d7-j9qn2,1739675086,113291264
paymentservice,paymentservice-688f67b6d7-j9qn2,1739675386,118722560
paymentservice,paymentservice-688f67b6d7-j9qn2,1739675686,121102336
paymentservice,paymentservice-688f67b6d7-j9qn2,1739675986,121901056
paymentservice,paymentservice-688f67b6d7-j9qn2,1739676286,124907520
paymentservice,paymentservice-688f67b6d7-j9qn2,1739676586,126717952
paymentservice,paymentservice-688f67b6d7-j9qn2,1739676886,127569920
paymentservice,paymentservice-688f67b6d7-j9qn2,1739677186,128155648
paymentservice,paymentservice-688f67b6d7-j9qn2,1739677486,128286720
paymentservice,paymentservice-688f67b6d7-j9qn2,1739677786,129204224
paymentservice,paymentservice-688f67b6d7-j9qn2,1739678086,130818048
paymentservice,paymentservice-688f67b6d7-j9qn2,1739678386,132362240
paymentservice,paymentservice-688f67b6d7-j9qn2,1739678686,133001216
paymentservice,paymentservice-688f67b6d7-j9qn2,1739678986,134598656
paymentservice,paymentservice-688f67b6d7-j9qn2,1739679286,135655424
paymentservice,paymentservice-688f67b6d7-j9qn2,1739679586,137052160
paymentservice,paymentservice-688f67b6d7-j9qn2,1739679886,137977856
paymentservice,paymentservice-688f67b6d7-j9qn2,1739680186,139669504
paymentservice,paymentservice-688f67b6d7-j9qn2,1739680486,140804096
paymentservice,paymentservice-688f67b6d7-j9qn2,1739680786,142163968
paymentservice,paymentservice-688f67b6d7-j9qn2,1739681086,143020032
paymentservice,paymentservice-688f67b6d7-j9qn2,1739681386,144748544
paymentservice,paymentservice-688f67b6d7-j9qn2,1739681686,145723392
paymentservice,paymentservice-688f67b6d7-j9qn2,1739681986,156090368
paymentservice,paymentservice-688f67b6d7-j9qn2,1739682286,158179328
paymentservice,paymentservice-688f67b6d7-j9qn2,1739682586,158629888
paymentservice,paymentservice-688f67b6d7-j9qn2,1739682886,160333824
paymentservice,paymentservice-688f67b6d7-j9qn2,1739683186,162476032
paymentservice,paymentservice-688f67b6d7-j9qn2,1739683486,163794944
paymentservice,paymentservice-688f67b6d7-j9qn2,1739683786,165670912
paymentservice,paymentservice-688f67b6d7-j9qn2,1739684086,166719488
paymentservice,paymentservice-688f67b6d7-j9qn2,1739684386,165720064
paymentservice,paymentservice-688f67b6d7-j9qn2,1739684686,167428096
paymentservice,paymentservice-688f67b6d7-j9qn2,1739684986,168742912
paymentservice,paymentservice-688f67b6d7-j9qn2,1739685286,170500096
paymentservice,paymentservice-688f67b6d7-j9qn2,1739685586,172482560
paymentservice,paymentservice-688f67b6d7-j9qn2,1739685886,174030848
paymentservice,paymentservice-688f67b6d7-j9qn2,1739686186,175529984
paymentservice,paymentservice-688f67b6d7-j9qn2,1739686486,177438720
paymentservice,paymentservice-688f67b6d7-j9qn2,1739686786,178241536
paymentservice,paymentservice-688f67b6d7-j9qn2,1739687086,180314112
paymentservice,paymentservice-688f67b6d7-j9qn2,1739687386,183975936
paymentservice,paymentservice-688f67b6d7-j9qn2,1739687686,99315712
paymentservice,paymentservice-688f67b6d7-j9qn2,1739687986,102334464
paymentservice,paymentservice-688f67b6d7-j9qn2,1739688286,103862272
paymentservice,paymentservice-688f67b6d7-j9qn2,1739688586,105955328
paymentservice,paymentservice-688f67b6d7-j9qn2,1739688886,110407680
paymentservice,paymentservice-688f67b6d7-j9qn2,1739689186,113717248
paymentservice,paymentservice-688f67b6d7-j9qn2,1739689486,128565248
paymentservice,paymentservice-688f67b6d7-j9qn2,1739689786,130510848
paymentservice,paymentservice-688f67b6d7-j9qn2,1739690086,131584000
paymentservice,paymentservice-688f67b6d7-j9qn2,1739690386,133337088
paymentservice,paymentservice-688f67b6d7-j9qn2,1739690686,134385664
paymentservice,paymentservice-688f67b6d7-j9qn2,1739690986,135933952
paymentservice,paymentservice-688f67b6d7-j9qn2,1739691286,136343552
paymentservice,paymentservice-688f67b6d7-j9qn2,1739691586,137445376
paymentservice,paymentservice-688f67b6d7-j9qn2,1739691886,138334208
paymentservice,paymentservice-688f67b6d7-j9qn2,1739692186,139366400
paymentservice,paymentservice-688f67b6d7-j9qn2,1739692486,140394496
paymentservice,paymentservice-688f67b6d7-j9qn2,1739692786,141692928
paymentservice,paymentservice-688f67b6d7-j9qn2,1739693086,143314944
paymentservice,paymentservice-688f67b6d7-j9qn2,1739693386,144236544
paymentservice,paymentservice-688f67b6d7-j9qn2,1739693686,145223680
paymentservice,paymentservice-688f67b6d7-j9qn2,1739693986,146456576
paymentservice,paymentservice-688f67b6d7-j9qn2,1739694286,148066304
paymentservice,paymentservice-688f67b6d7-j9qn2,1739694586,149241856
paymentservice,paymentservice-688f67b6d7-j9qn2,1739694886,150933504
paymentservice,paymentservice-688f67b6d7-j9qn2,1739695186,146993152
paymentservice,paymentservice-688f67b6d7-j9qn2,1739695486,147869696
paymentservice,paymentservice-688f67b6d7-j9qn2,1739695786,153726976
paymentservice,paymentservice-688f67b6d7-j9qn2,1739696086,162013184
paymentservice,paymentservice-688f67b6d7-j9qn2,1739696386,163966976
paymentservice,paymentservice-688f67b6d7-j9qn2,1739696686,167067648
paymentservice,paymentservice-688f67b6d7-j9qn2,1739696986,168509440
paymentservice,paymentservice-688f67b6d7-j9qn2,1739697286,169492480
paymentservice,paymentservice-688f67b6d7-j9qn2,1739697586,170221568
paymentservice,paymentservice-688f67b6d7-j9qn2,1739697886,168816640
paymentservice,paymentservice-688f67b6d7-j9qn2,1739698186,170356736
paymentservice,paymentservice-688f67b6d7-j9qn2,1739698486,172724224
paymentservice,paymentservice-688f67b6d7-j9qn2,1739698786,174325760
paymentservice,paymentservice-688f67b6d7-j9qn2,1739699086,176574464
paymentservice,paymentservice-688f67b6d7-j9qn2,1739699386,178257920
paymentservice,paymentservice-688f67b6d7-j9qn2,1739699686,185282560
paymentservice,paymentservice-688f67b6d7-j9qn2,1739699986,185053184
paymentservice,paymentservice-688f67b6d7-j9qn2,1739700286,102834176
paymentservice,paymentservice-688f67b6d7-j9qn2,1739700586,103804928
paymentservice,paymentservice-688f67b6d7-j9qn2,1739700886,106881024
paymentservice,paymentservice-688f67b6d7-j9qn2,1739701186,117886976
paymentservice,paymentservice-688f67b6d7-j9qn2,1739701486,119631872
paymentservice,paymentservice-688f67b6d7-j9qn2,1739701786,120991744
paymentservice,paymentservice-688f67b6d7-j9qn2,1739702086,124166144
paymentservice,paymentservice-688f67b6d7-j9qn2,1739702386,125181952
paymentservice,paymentservice-688f67b6d7-j9qn2,1739702686,126689280
paymentservice,paymentservice-688f67b6d7-j9qn2,1739702986,127787008
paymentservice,paymentservice-688f67b6d7-j9qn2,1739703286,129187840
paymentservice,paymentservice-688f67b6d7-j9qn2,1739703586,130179072
paymentservice,paymentservice-688f67b6d7-j9qn2,1739703886,131334144
paymentservice,paymentservice-688f67b6d7-j9qn2,1739704186,131997696
paymentservice,paymentservice-688f67b6d7-j9qn2,1739704486,133627904
paymentservice,paymentservice-688f67b6d7-j9qn2,1739704786,134922240
paymentservice,paymentservice-688f67b6d7-j9qn2,1739705086,138354688
paymentservice,paymentservice-688f67b6d7-j9qn2,1739705386,139923456
paymentservice,paymentservice-688f67b6d7-j9qn2,1739705686,140840960
paymentservice,paymentservice-688f67b6d7-j9qn2,1739705986,149794816
paymentservice,paymentservice-688f67b6d7-j9qn2,1739706286,150544384
paymentservice,paymentservice-688f67b6d7-j9qn2,1739706586,151834624
paymentservice,paymentservice-688f67b6d7-j9qn2,1739706886,153870336
paymentservice,paymentservice-688f67b6d7-j9qn2,1739707186,154632192
paymentservice,paymentservice-688f67b6d7-j9qn2,1739707486,156028928
paymentservice,paymentservice-688f67b6d7-j9qn2,1739707786,156921856
paymentservice,paymentservice-688f67b6d7-j9qn2,1739708086,157966336
paymentservice,paymentservice-688f67b6d7-j9qn2,1739708386,159531008
paymentservice,paymentservice-688f67b6d7-j9qn2,1739708686,161366016
paymentservice,paymentservice-688f67b6d7-j9qn2,1739708986,163233792
paymentservice,paymentservice-688f67b6d7-j9qn2,1739709286,106299392
paymentservice,paymentservice-688f67b6d7-j9qn2,1739709586,109240320
paymentservice,paymentservice-688f67b6d7-j9qn2,1739709886,111992832
paymentservice,paymentservice-688f67b6d7-j9qn2,1739710186,114032640
paymentservice,paymentservice-688f67b6d7-j9qn2,1739710486,115429376
paymentservice,paymentservice-688f67b6d7-j9qn2,1739710786,117448704
paymentservice,paymentservice-688f67b6d7-j9qn2,1739711086,122290176
paymentservice,paymentservice-688f67b6d7-j9qn2,1739711386,123289600
paymentservice,paymentservice-688f67b6d7-j9qn2,1739711686,125513728
paymentservice,paymentservice-688f67b6d7-j9qn2,1739711986,130809856
paymentservice,paymentservice-688f67b6d7-j9qn2,1739712286,132714496
paymentservice,paymentservice-688f67b6d7-j9qn2,1739712586,137236480
paymentservice,paymentservice-688f67b6d7-j9qn2,1739712886,139419648
paymentservice,paymentservice-688f67b6d7-j9qn2,1739713186,140075008
paymentservice,paymentservice-688f67b6d7-j9qn2,1739713486,141533184
paymentservice,paymentservice-688f67b6d7-j9qn2,1739713786,144191488
paymentservice,paymentservice-688f67b6d7-j9qn2,1739714086,144793600
paymentservice,paymentservice-688f67b6d7-j9qn2,1739714386,146825216
paymentservice,paymentservice-688f67b6d7-j9qn2,1739714686,148692992
paymentservice,paymentservice-688f67b6d7-j9qn2,1739714986,149925888
paymentservice,paymentservice-688f67b6d7-j9qn2,1739715286,151326720
paymentservice,paymentservice-688f67b6d7-j9qn2,1739715586,152412160
paymentservice,paymentservice-688f67b6d7-j9qn2,1739715886,153477120
paymentservice,paymentservice-688f67b6d7-j9qn2,1739716186,164417536
paymentservice,paymentservice-688f67b6d7-j9qn2,1739716486,166801408
paymentservice,paymentservice-688f67b6d7-j9qn2,1739716786,167845888
paymentservice,paymentservice-688f67b6d7-j9qn2,1739717086,169033728
paymentservice,paymentservice-688f67b6d7-j9qn2,1739717386,170606592
paymentservice,paymentservice-688f67b6d7-j9qn2,1739717686,172363776
paymentservice,paymentservice-688f67b6d7-j9qn2,1739717986,173797376
paymentservice,paymentservice-688f67b6d7-j9qn2,1739718286,175087616
paymentservice,paymentservice-688f67b6d7-j9qn2,1739718586,176472064
paymentservice,paymentservice-688f67b6d7-j9qn2,1739718886,177483776
paymentservice,paymentservice-688f67b6d7-j9qn2,1739719186,179326976
paymentservice,paymentservice-688f67b6d7-j9qn2,1739719486,180649984
paymentservice,paymentservice-688f67b6d7-j9qn2,1739719786,182321152
paymentservice,paymentservice-688f67b6d7-j9qn2,1739720086,182951936
paymentservice,paymentservice-688f67b6d7-j9qn2,1739720386,183975936
paymentservice,paymentservice-688f67b6d7-j9qn2,1739720686,185671680
paymentservice,paymentservice-688f67b6d7-j9qn2,1739720986,186802176
paymentservice,paymentservice-688f67b6d7-j9qn2,1739721286,187473920
paymentservice,paymentservice-688f67b6d7-j9qn2,1739721586,187031552
paymentservice,paymentservice-688f67b6d7-j9qn2,1739721886,106348544
paymentservice,paymentservice-688f67b6d7-j9qn2,1739722186,109088768
paymentservice,paymentservice-688f67b6d7-j9qn2,1739722486,112205824
paymentservice,paymentservice-688f67b6d7-j9qn2,1739722786,119767040
paymentservice,paymentservice-688f67b6d7-j9qn2,1739723086,121413632
paymentservice,paymentservice-688f67b6d7-j9qn2,1739723386,122183680
paymentservice,paymentservice-688f67b6d7-j9qn2,1739723686,131301376
paymentservice,paymentservice-688f67b6d7-j9qn2,1739723986,133246976
paymentservice,paymentservice-688f67b6d7-j9qn2,1739724286,137035776
paymentservice,paymentservice-688f67b6d7-j9qn2,1739724586,139399168
paymentservice,paymentservice-688f67b6d7-j9qn2,1739724886,140525568
paymentservice,paymentservice-688f67b6d7-j9qn2,1739725186,141131776
paymentservice,paymentservice-688f67b6d7-j9qn2,1739725486,141647872
paymentservice,paymentservice-688f67b6d7-j9qn2,1739725786,143093760
paymentservice,paymentservice-688f67b6d7-j9qn2,1739726086,144154624
paymentservice,paymentservice-688f67b6d7-j9qn2,1739726386,145403904
paymentservice,paymentservice-688f67b6d7-j9qn2,1739726686,148164608
paymentservice,paymentservice-688f67b6d7-j9qn2,1739726986,151715840
paymentservice,paymentservice-688f67b6d7-j9qn2,1739727286,153714688
paymentservice,paymentservice-688f67b6d7-j9qn2,1739727586,154140672
paymentservice,paymentservice-688f67b6d7-j9qn2,1739727886,154607616
paymentservice,paymentservice-688f67b6d7-j9qn2,1739728186,156622848
paymentservice,paymentservice-688f67b6d7-j9qn2,1739728486,155963392
paymentservice,paymentservice-688f67b6d7-j9qn2,1739728786,158679040
paymentservice,paymentservice-688f67b6d7-j9qn2,1739729086,160206848
paymentservice,paymentservice-688f67b6d7-j9qn2,1739729386,161538048
paymentservice,paymentservice-688f67b6d7-j9qn2,1739729686,162795520
paymentservice,paymentservice-688f67b6d7-j9qn2,1739729986,172785664
paymentservice,paymentservice-688f67b6d7-j9qn2,1739730286,174239744
paymentservice,paymentservice-688f67b6d7-j9qn2,1739730586,175247360
paymentservice,paymentservice-688f67b6d7-j9qn2,1739730886,177049600
paymentservice,paymentservice-688f67b6d7-j9qn2,1739731186,178466816
paymentservice,paymentservice-688f67b6d7-j9qn2,1739731486,179343360
paymentservice,paymentservice-688f67b6d7-j9qn2,1739731786,183545856
paymentservice,paymentservice-688f67b6d7-j9qn2,1739732086,185401344
paymentservice,paymentservice-688f67b6d7-j9qn2,1739732386,187265024
paymentservice,paymentservice-688f67b6d7-j9qn2,1739732686,187678720
paymentservice,paymentservice-688f67b6d7-j9qn2,1739732986,187383808
paymentservice,paymentservice-688f67b6d7-j9qn2,1739733286,187658240
paymentservice,paymentservice-688f67b6d7-j9qn2,1739733586,187428864
paymentservice,paymentservice-688f67b6d7-j9qn2,1739733886,186974208
paymentservice,paymentservice-688f67b6d7-j9qn2,1739734186,186757120
paymentservice,paymentservice-688f67b6d7-j9qn2,1739734486,106164224
paymentservice,paymentservice-688f67b6d7-j9qn2,1739734786,109789184
paymentservice,paymentservice-688f67b6d7-j9qn2,1739735086,111763456
paymentservice,paymentservice-688f67b6d7-j9qn2,1739735386,115474432
paymentservice,paymentservice-688f67b6d7-j9qn2,1739735686,127078400
paymentservice,paymentservice-688f67b6d7-j9qn2,1739735986,128196608
paymentservice,paymentservice-688f67b6d7-j9qn2,1739736286,129712128
paymentservice,paymentservice-688f67b6d7-j9qn2,1739736586,130277376
paymentservice,paymentservice-688f67b6d7-j9qn2,1739736886,134123520
paymentservice,paymentservice-688f67b6d7-j9qn2,1739737186,135864320
paymentservice,paymentservice-688f67b6d7-j9qn2,1739737486,134721536
paymentservice,paymentservice-688f67b6d7-j9qn2,1739737786,135499776
paymentservice,paymentservice-688f67b6d7-j9qn2,1739738086,136417280
paymentservice,paymentservice-688f67b6d7-j9qn2,1739738386,137994240
paymentservice,paymentservice-688f67b6d7-j9qn2,1739738686,139182080
paymentservice,paymentservice-688f67b6d7-j9qn2,1739738986,139894784
paymentservice,paymentservice-688f67b6d7-j9qn2,1739739286,140779520
paymentservice,paymentservice-688f67b6d7-j9qn2,1739739586,142499840
paymentservice,paymentservice-688f67b6d7-j9qn2,1739739886,143446016
paymentservice,paymentservice-688f67b6d7-j9qn2,1739740186,145166336
paymentservice,paymentservice-688f67b6d7-j9qn2,1739740486,146354176
paymentservice,paymentservice-688f67b6d7-j9qn2,1739740786,148033536
paymentservice,paymentservice-688f67b6d7-j9qn2,1739741086,149442560
paymentservice,paymentservice-688f67b6d7-j9qn2,1739741386,150523904
paymentservice,paymentservice-688f67b6d7-j9qn2,1739741686,151212032
paymentservice,paymentservice-688f67b6d7-j9qn2,1739741986,153174016
paymentservice,paymentservice-688f67b6d7-j9qn2,1739742286,154472448
paymentservice,paymentservice-688f67b6d7-j9qn2,1739742586,156225536
paymentservice,paymentservice-688f67b6d7-j9qn2,1739742886,157351936
paymentservice,paymentservice-688f67b6d7-j9qn2,1739743186,172285952
paymentservice,paymentservice-688f67b6d7-j9qn2,1739743486,174084096
paymentservice,paymentservice-688f67b6d7-j9qn2,1739743786,175538176
paymentservice,paymentservice-688f67b6d7-j9qn2,1739744086,177258496
paymentservice,paymentservice-688f67b6d7-j9qn2,1739744386,178249728
paymentservice,paymentservice-688f67b6d7-j9qn2,1739744686,179920896
paymentservice,paymentservice-688f67b6d7-j9qn2,1739744986,181596160
paymentservice,paymentservice-688f67b6d7-j9qn2,1739745286,182775808
paymentservice,paymentservice-688f67b6d7-j9qn2,1739745586,184410112
paymentservice,paymentservice-688f67b6d7-j9qn2,1739745886,185421824
paymentservice,paymentservice-688f67b6d7-j9qn2,1739746186,185950208
paymentservice,paymentservice-688f67b6d7-j9qn2,1739746486,185876480
paymentservice,paymentservice-688f67b6d7-j9qn2,1739746786,185884672
paymentservice,paymentservice-688f67b6d7-j9qn2,1739747086,184487936
paymentservice,paymentservice-688f67b6d7-j9qn2,1739747386,104210432
paymentservice,paymentservice-688f67b6d7-j9qn2,1739747686,107667456
paymentservice,paymentservice-688f67b6d7-j9qn2,1739747986,110112768
paymentservice,paymentservice-688f67b6d7-j9qn2,1739748286,113778688
paymentservice,paymentservice-688f67b6d7-j9qn2,1739748586,115003392
paymentservice,paymentservice-688f67b6d7-j9qn2,1739748886,115830784
paymentservice,paymentservice-688f67b6d7-j9qn2,1739749186,118882304
paymentservice,paymentservice-688f67b6d7-j9qn2,1739749486,125693952
paymentservice,paymentservice-688f67b6d7-j9qn2,1739749786,130715648
paymentservice,paymentservice-688f67b6d7-j9qn2,1739750086,132124672
paymentservice,paymentservice-688f67b6d7-j9qn2,1739750386,132837376
paymentservice,paymentservice-688f67b6d7-j9qn2,1739750686,133836800
paymentservice,paymentservice-688f67b6d7-j9qn2,1739750986,134123520
paymentservice,paymentservice-688f67b6d7-j9qn2,1739751286,144330752
paymentservice,paymentservice-688f67b6d7-j9qn2,1739751586,144572416
paymentservice,paymentservice-688f67b6d7-j9qn2,1739751886,146202624
paymentservice,paymentservice-688f67b6d7-j9qn2,1739752186,147267584
paymentservice,paymentservice-688f67b6d7-j9qn2,1739752486,148389888
paymentservice,paymentservice-688f67b6d7-j9qn2,1739752786,150183936
paymentservice,paymentservice-688f67b6d7-j9qn2,1739753086,151171072
paymentservice,paymentservice-688f67b6d7-j9qn2,1739753386,153538560
paymentservice,paymentservice-688f67b6d7-j9qn2,1739753686,155217920
paymentservice,paymentservice-688f67b6d7-j9qn2,1739753986,156246016
paymentservice,paymentservice-688f67b6d7-j9qn2,1739754286,157949952
paymentservice,paymentservice-688f67b6d7-j9qn2,1739754586,158945280
paymentservice,paymentservice-688f67b6d7-j9qn2,1739754886,160985088
paymentservice,paymentservice-688f67b6d7-j9qn2,1739755186,162406400
paymentservice,paymentservice-688f67b6d7-j9qn2,1739755486,163692544
paymentservice,paymentservice-688f67b6d7-j9qn2,1739755786,166883328
paymentservice,paymentservice-688f67b6d7-j9qn2,1739756086,168181760
paymentservice,paymentservice-688f67b6d7-j9qn2,1739756386,168701952
paymentservice,paymentservice-688f67b6d7-j9qn2,1739756686,170545152
paymentservice,paymentservice-688f67b6d7-j9qn2,1739756986,171601920
paymentservice,paymentservice-688f67b6d7-j9qn2,1739757286,173350912
paymentservice,paymentservice-688f67b6d7-j9qn2,1739757586,174968832
paymentservice,paymentservice-688f67b6d7-j9qn2,1739757886,175833088
paymentservice,paymentservice-688f67b6d7-j9qn2,1739758186,177541120
paymentservice,paymentservice-688f67b6d7-j9qn2,1739758486,178503680
paymentservice,paymentservice-688f67b6d7-j9qn2,1739758786,186888192
paymentservice,paymentservice-688f67b6d7-j9qn2,1739759086,187805696
paymentservice,paymentservice-688f67b6d7-j9qn2,1739759386,187928576
paymentservice,paymentservice-688f67b6d7-j9qn2,1739759686,106897408
paymentservice,paymentservice-688f67b6d7-j9qn2,1739759986,108781568
paymentservice,paymentservice-688f67b6d7-j9qn2,1739760286,112107520
paymentservice,paymentservice-688f67b6d7-j9qn2,1739760586,117321728
paymentservice,paymentservice-688f67b6d7-j9qn2,1739760886,117280768
paymentservice,paymentservice-688f67b6d7-j9qn2,1739761186,118837248
paymentservice,paymentservice-688f67b6d7-j9qn2,1739761486,119664640
paymentservice,paymentservice-688f67b6d7-j9qn2,1739761786,121421824
paymentservice,paymentservice-688f67b6d7-j9qn2,1739762086,123244544
paymentservice,paymentservice-688f67b6d7-j9qn2,1739762386,124182528
paymentservice,paymentservice-688f67b6d7-j9qn2,1739762686,125255680
paymentservice,paymentservice-688f67b6d7-j9qn2,1739762986,126902272
paymentservice,paymentservice-688f67b6d7-j9qn2,1739763286,128032768
paymentservice,paymentservice-688f67b6d7-j9qn2,1739763586,142360576
paymentservice,paymentservice-688f67b6d7-j9qn2,1739763886,141541376
paymentservice,paymentservice-688f67b6d7-j9qn2,1739764186,144080896
paymentservice,paymentservice-688f67b6d7-j9qn2,1739764486,144338944
paymentservice,paymentservice-688f67b6d7-j9qn2,1739764786,145551360
paymentservice,paymentservice-688f67b6d7-j9qn2,1739765086,146558976
paymentservice,paymentservice-688f67b6d7-j9qn2,1739765386,148078592
paymentservice,paymentservice-688f67b6d7-j9qn2,1739765686,149008384
paymentservice,paymentservice-688f67b6d7-j9qn2,1739765986,150773760
paymentservice,paymentservice-688f67b6d7-j9qn2,1739766286,153051136
paymentservice,paymentservice-688f67b6d7-j9qn2,1739766586,165441536
paymentservice,paymentservice-688f67b6d7-j9qn2,1739766886,166780928
paymentservice,paymentservice-688f67b6d7-j9qn2,1739767186,167694336
paymentservice,paymentservice-688f67b6d7-j9qn2,1739767486,169234432
paymentservice,paymentservice-688f67b6d7-j9qn2,1739767786,170106880
paymentservice,paymentservice-688f67b6d7-j9qn2,1739768086,171814912
paymentservice,paymentservice-688f67b6d7-j9qn2,1739768386,172998656
paymentservice,paymentservice-688f67b6d7-j9qn2,1739768686,173711360
paymentservice,paymentservice-688f67b6d7-j9qn2,1739768986,174493696
paymentservice,paymentservice-688f67b6d7-j9qn2,1739769286,176558080
paymentservice,paymentservice-688f67b6d7-j9qn2,1739769586,177692672
paymentservice,paymentservice-688f67b6d7-j9qn2,1739769886,178630656
paymentservice,paymentservice-688f67b6d7-j9qn2,1739770186,180588544
paymentservice,paymentservice-688f67b6d7-j9qn2,1739770486,182185984
paymentservice,paymentservice-688f67b6d7-j9qn2,1739770786,184270848
paymentservice,paymentservice-688f67b6d7-j9qn2,1739771086,185016320
paymentservice,paymentservice-688f67b6d7-j9qn2,1739771386,186814464
paymentservice,paymentservice-688f67b6d7-j9qn2,1739771686,187793408
paymentservice,paymentservice-688f67b6d7-j9qn2,1739771986,187928576
paymentservice,paymentservice-688f67b6d7-j9qn2,1739772286,188243968
paymentservice,paymentservice-688f67b6d7-j9qn2,1739772586,188059648
paymentservice,paymentservice-688f67b6d7-j9qn2,1739772886,188542976
paymentservice,paymentservice-688f67b6d7-j9qn2,1739773186,186458112
paymentservice,paymentservice-688f67b6d7-j9qn2,1739773486,188022784
paymentservice,paymentservice-688f67b6d7-j9qn2,1739773786,108789760
paymentservice,paymentservice-688f67b6d7-j9qn2,1739774086,109264896
paymentservice,paymentservice-688f67b6d7-j9qn2,1739774386,110821376
paymentservice,paymentservice-688f67b6d7-j9qn2,1739774686,111939584
paymentservice,paymentservice-688f67b6d7-j9qn2,1739774986,115974144
paymentservice,paymentservice-688f67b6d7-j9qn2,1739775286,117567488
paymentservice,paymentservice-688f67b6d7-j9qn2,1739775586,118571008
paymentservice,paymentservice-688f67b6d7-j9qn2,1739775886,127918080
paymentservice,paymentservice-688f67b6d7-j9qn2,1739776186,128434176
paymentservice,paymentservice-688f67b6d7-j9qn2,1739776486,140824576
paymentservice,paymentservice-688f67b6d7-j9qn2,1739776786,144445440
paymentservice,paymentservice-688f67b6d7-j9qn2,1739777086,145649664
paymentservice,paymentservice-688f67b6d7-j9qn2,1739777386,146964480
paymentservice,paymentservice-688f67b6d7-j9qn2,1739777686,147931136
paymentservice,paymentservice-688f67b6d7-j9qn2,1739777986,148819968
paymentservice,paymentservice-688f67b6d7-j9qn2,1739778286,150384640
paymentservice,paymentservice-688f67b6d7-j9qn2,1739778586,152338432
paymentservice,paymentservice-688f67b6d7-j9qn2,1739778886,153202688
paymentservice,paymentservice-688f67b6d7-j9qn2,1739779186,156901376
paymentservice,paymentservice-688f67b6d7-j9qn2,1739779486,159035392
paymentservice,paymentservice-688f67b6d7-j9qn2,1739779786,160301056
paymentservice,paymentservice-688f67b6d7-j9qn2,1739780086,160452608
paymentservice,paymentservice-688f67b6d7-j9qn2,1739780386,165601280
paymentservice,paymentservice-688f67b6d7-j9qn2,1739780686,168128512
paymentservice,paymentservice-688f67b6d7-j9qn2,1739780986,169082880
paymentservice,paymentservice-688f67b6d7-j9qn2,1739781286,170115072
paymentservice,paymentservice-688f67b6d7-j9qn2,1739781586,171323392
paymentservice,paymentservice-688f67b6d7-j9qn2,1739781886,173113344
paymentservice,paymentservice-688f67b6d7-j9qn2,1739782186,173686784
paymentservice,paymentservice-688f67b6d7-j9qn2,1739782486,175349760
paymentservice,paymentservice-688f67b6d7-j9qn2,1739782786,176070656
paymentservice,paymentservice-688f67b6d7-j9qn2,1739783086,177336320
paymentservice,paymentservice-688f67b6d7-j9qn2,1739783386,178704384
paymentservice,paymentservice-688f67b6d7-j9qn2,1739783686,179376128
paymentservice,paymentservice-688f67b6d7-j9qn2,1739783986,184053760
paymentservice,paymentservice-688f67b6d7-j9qn2,1739784286,185696256
paymentservice,paymentservice-688f67b6d7-j9qn2,1739784586,187076608
paymentservice,paymentservice-688f67b6d7-j9qn2,1739784886,178892800
paymentservice,paymentservice-688f67b6d7-j9qn2,1739785186,185237504
paymentservice,paymentservice-688f67b6d7-j9qn2,1739785486,187510784
paymentservice,paymentservice-688f67b6d7-j9qn2,1739785786,188080128
paymentservice,paymentservice-688f67b6d7-j9qn2,1739786086,188583936
paymentservice,paymentservice-688f67b6d7-j9qn2,1739786386,187183104
paymentservice,paymentservice-688f67b6d7-j9qn2,1739786686,113770496
paymentservice,paymentservice-688f67b6d7-j9qn2,1739786986,127041536
paymentservice,paymentservice-688f67b6d7-j9qn2,1739787286,129343488
paymentservice,paymentservice-688f67b6d7-j9qn2,1739787586,131006464
paymentservice,paymentservice-688f67b6d7-j9qn2,1739787886,132313088
paymentservice,paymentservice-688f67b6d7-j9qn2,1739788186,134356992
paymentservice,paymentservice-688f67b6d7-j9qn2,1739788486,135344128
paymentservice,paymentservice-688f67b6d7-j9qn2,1739788786,137306112
paymentservice,paymentservice-688f67b6d7-j9qn2,1739789086,139169792
paymentservice,paymentservice-688f67b6d7-j9qn2,1739789386,140181504
paymentservice,paymentservice-688f67b6d7-j9qn2,1739789686,141398016
paymentservice,paymentservice-688f67b6d7-j9qn2,1739789986,143261696
paymentservice,paymentservice-688f67b6d7-j9qn2,1739790286,145096704
paymentservice,paymentservice-688f67b6d7-j9qn2,1739790586,145469440
paymentservice,paymentservice-688f67b6d7-j9qn2,1739790886,147435520
paymentservice,paymentservice-688f67b6d7-j9qn2,1739791186,149307392
paymentservice,paymentservice-688f67b6d7-j9qn2,1739791486,150884352
paymentservice,paymentservice-688f67b6d7-j9qn2,1739791786,153038848
paymentservice,paymentservice-688f67b6d7-j9qn2,1739792086,154427392
paymentservice,paymentservice-688f67b6d7-j9qn2,1739792386,155717632
paymentservice,paymentservice-688f67b6d7-j9qn2,1739792686,157118464
paymentservice,paymentservice-688f67b6d7-j9qn2,1739792986,158339072
paymentservice,paymentservice-688f67b6d7-j9qn2,1739793286,158928896
paymentservice,paymentservice-688f67b6d7-j9qn2,1739793586,160227328
paymentservice,paymentservice-688f67b6d7-j9qn2,1739793886,161411072
paymentservice,paymentservice-688f67b6d7-j9qn2,1739794186,163024896
paymentservice,paymentservice-688f67b6d7-j9qn2,1739794486,163979264
paymentservice,paymentservice-688f67b6d7-j9qn2,1739794786,164945920
paymentservice,paymentservice-688f67b6d7-j9qn2,1739795086,166686720
paymentservice,paymentservice-688f67b6d7-j9qn2,1739795386,167636992
paymentservice,paymentservice-688f67b6d7-j9qn2,1739795686,168902656
paymentservice,paymentservice-688f67b6d7-j9qn2,1739795986,174559232
paymentservice,paymentservice-688f67b6d7-j9qn2,1739796286,187404288
paymentservice,paymentservice-688f67b6d7-j9qn2,1739796586,188817408
paymentservice,paymentservice-688f67b6d7-j9qn2,1739796886,184872960
paymentservice,paymentservice-688f67b6d7-j9qn2,1739797186,185794560
paymentservice,paymentservice-688f67b6d7-j9qn2,1739797486,187568128
paymentservice,paymentservice-688f67b6d7-j9qn2,1739797786,189214720
paymentservice,paymentservice-688f67b6d7-j9qn2,1739798086,111992832
paymentservice,paymentservice-688f67b6d7-j9qn2,1739798386,119672832
paymentservice,paymentservice-688f67b6d7-j9qn2,1739798686,124047360
paymentservice,paymentservice-688f67b6d7-j9qn2,1739798986,126390272
paymentservice,paymentservice-688f67b6d7-j9qn2,1739799286,127860736
paymentservice,paymentservice-688f67b6d7-j9qn2,1739799586,128466944
paymentservice,paymentservice-688f67b6d7-j9qn2,1739799886,130101248
paymentservice,paymentservice-688f67b6d7-j9qn2,1739800186,131149824
paymentservice,paymentservice-688f67b6d7-j9qn2,1739800486,131948544
paymentservice,paymentservice-688f67b6d7-j9qn2,1739800786,133050368
paymentservice,paymentservice-688f67b6d7-j9qn2,1739801086,134295552
paymentservice,paymentservice-688f67b6d7-j9qn2,1739801386,136200192
paymentservice,paymentservice-688f67b6d7-j9qn2,1739801686,138260480
paymentservice,paymentservice-688f67b6d7-j9qn2,1739801986,142016512
paymentservice,paymentservice-688f67b6d7-j9qn2,1739802286,143360000
paymentservice,paymentservice-688f67b6d7-j9qn2,1739802586,144621568
paymentservice,paymentservice-688f67b6d7-j9qn2,1739802886,146493440
paymentservice,paymentservice-688f67b6d7-j9qn2,1739803186,147668992
paymentservice,paymentservice-688f67b6d7-j9qn2,1739803486,148156416
paymentservice,paymentservice-688f67b6d7-j9qn2,1739803786,149639168
paymentservice,paymentservice-688f67b6d7-j9qn2,1739804086,150700032
paymentservice,paymentservice-688f67b6d7-j9qn2,1739804386,152121344
paymentservice,paymentservice-688f67b6d7-j9qn2,1739804686,155738112
paymentservice,paymentservice-688f67b6d7-j9qn2,1739804986,157200384
paymentservice,paymentservice-688f67b6d7-j9qn2,1739805286,158953472
paymentservice,paymentservice-688f67b6d7-j9qn2,1739805586,159752192
paymentservice,paymentservice-688f67b6d7-j9qn2,1739805886,161280000
paymentservice,paymentservice-688f67b6d7-j9qn2,1739806186,162488320
paymentservice,paymentservice-688f67b6d7-j9qn2,1739806486,163454976
paymentservice,paymentservice-688f67b6d7-j9qn2,1739806786,165216256
paymentservice,paymentservice-688f67b6d7-j9qn2,1739807086,166379520
paymentservice,paymentservice-688f67b6d7-j9qn2,1739807386,167219200
paymentservice,paymentservice-688f67b6d7-j9qn2,1739807686,168169472
paymentservice,paymentservice-688f67b6d7-j9qn2,1739807986,169529344
paymentservice,paymentservice-688f67b6d7-j9qn2,1739808286,182984704
paymentservice,paymentservice-688f67b6d7-j9qn2,1739808586,183304192
paymentservice,paymentservice-688f67b6d7-j9qn2,1739808886,189628416
paymentservice,paymentservice-688f67b6d7-j9qn2,1739809186,185909248
paymentservice,paymentservice-688f67b6d7-j9qn2,1739809486,189145088
paymentservice,paymentservice-688f67b6d7-j9qn2,1739809786,189685760
paymentservice,paymentservice-688f67b6d7-j9qn2,1739810086,111108096
paymentservice,paymentservice-688f67b6d7-j9qn2,1739810386,118112256
paymentservice,paymentservice-688f67b6d7-j9qn2,1739810686,120721408
paymentservice,paymentservice-688f67b6d7-j9qn2,1739810986,121978880
paymentservice,paymentservice-688f67b6d7-j9qn2,1739811286,124239872
paymentservice,paymentservice-688f67b6d7-j9qn2,1739811586,125104128
paymentservice,paymentservice-688f67b6d7-j9qn2,1739811886,126070784
paymentservice,paymentservice-688f67b6d7-j9qn2,1739812186,127193088
paymentservice,paymentservice-688f67b6d7-j9qn2,1739812486,128086016
paymentservice,paymentservice-688f67b6d7-j9qn2,1739812786,129781760
paymentservice,paymentservice-688f67b6d7-j9qn2,1739813086,137494528
paymentservice,paymentservice-688f67b6d7-j9qn2,1739813386,140541952
paymentservice,paymentservice-688f67b6d7-j9qn2,1739813686,141684736
paymentservice,paymentservice-688f67b6d7-j9qn2,1739813986,143708160
paymentservice,paymentservice-688f67b6d7-j9qn2,1739814286,144560128
paymentservice,paymentservice-688f67b6d7-j9qn2,1739814586,146092032
paymentservice,paymentservice-688f67b6d7-j9qn2,1739814886,146997248
paymentservice,paymentservice-688f67b6d7-j9qn2,1739815186,147656704
paymentservice,paymentservice-688f67b6d7-j9qn2,1739815486,149643264
paymentservice,paymentservice-688f67b6d7-j9qn2,1739815786,150302720
paymentservice,paymentservice-688f67b6d7-j9qn2,1739816086,151805952
paymentservice,paymentservice-688f67b6d7-j9qn2,1739816386,152383488
paymentservice,paymentservice-688f67b6d7-j9qn2,1739816686,153411584
paymentservice,paymentservice-688f67b6d7-j9qn2,1739816986,154931200
paymentservice,paymentservice-688f67b6d7-j9qn2,1739817286,156049408
paymentservice,paymentservice-688f67b6d7-j9qn2,1739817586,157802496
paymentservice,paymentservice-688f67b6d7-j9qn2,1739817886,158420992
paymentservice,paymentservice-688f67b6d7-j9qn2,1739818186,160002048
paymentservice,paymentservice-688f67b6d7-j9qn2,1739818486,161579008
paymentservice,paymentservice-688f67b6d7-j9qn2,1739818786,162656256
paymentservice,paymentservice-688f67b6d7-j9qn2,1739819086,164638720
paymentservice,paymentservice-688f67b6d7-j9qn2,1739819386,166375424
paymentservice,paymentservice-688f67b6d7-j9qn2,1739819686,167550976
paymentservice,paymentservice-688f67b6d7-j9qn2,1739819986,169549824
paymentservice,paymentservice-688f67b6d7-j9qn2,1739820286,171470848
paymentservice,paymentservice-688f67b6d7-j9qn2,1739820586,171548672
paymentservice,paymentservice-688f67b6d7-j9qn2,1739820886,173928448
paymentservice,paymentservice-688f67b6d7-j9qn2,1739821186,185839616
paymentservice,paymentservice-688f67b6d7-j9qn2,1739821486,187895808
paymentservice,paymentservice-688f67b6d7-j9qn2,1739821786,189034496
paymentservice,paymentservice-688f67b6d7-j9qn2,1739822086,189358080
paymentservice,paymentservice-688f67b6d7-j9qn2,1739822386,189792256
paymentservice,paymentservice-688f67b6d7-j9qn2,1739822686,190152704
paymentservice,paymentservice-688f67b6d7-j9qn2,1739822986,188628992
paymentservice,paymentservice-688f67b6d7-j9qn2,1739823286,109367296
paymentservice,paymentservice-688f67b6d7-j9qn2,1739823586,111382528
paymentservice,paymentservice-688f67b6d7-j9qn2,1739823886,112820224
paymentservice,paymentservice-688f67b6d7-j9qn2,1739824186,115843072
paymentservice,paymentservice-688f67b6d7-j9qn2,1739824486,118902784
paymentservice,paymentservice-688f67b6d7-j9qn2,1739824786,120549376
paymentservice,paymentservice-688f67b6d7-j9qn2,1739825086,122798080
paymentservice,paymentservice-688f67b6d7-j9qn2,1739825386,124973056
paymentservice,paymentservice-688f67b6d7-j9qn2,1739825686,130277376
paymentservice,paymentservice-688f67b6d7-j9qn2,1739825986,131948544
paymentservice,paymentservice-688f67b6d7-j9qn2,1739826286,135204864
paymentservice,paymentservice-688f67b6d7-j9qn2,1739826586,136429568
paymentservice,paymentservice-688f67b6d7-j9qn2,1739826886,127619072
paymentservice,paymentservice-688f67b6d7-j9qn2,1739827186,129785856
paymentservice,paymentservice-688f67b6d7-j9qn2,1739827486,131768320
paymentservice,paymentservice-688f67b6d7-j9qn2,1739827786,133517312
paymentservice,paymentservice-688f67b6d7-j9qn2,1739828086,135491584
paymentservice,paymentservice-688f67b6d7-j9qn2,1739828386,136015872
paymentservice,paymentservice-688f67b6d7-j9qn2,1739828686,138121216
paymentservice,paymentservice-688f67b6d7-j9qn2,1739828986,139939840
paymentservice,paymentservice-688f67b6d7-j9qn2,1739829286,149942272
paymentservice,paymentservice-688f67b6d7-j9qn2,1739829586,151986176
paymentservice,paymentservice-688f67b6d7-j9qn2,1739829886,154288128
paymentservice,paymentservice-688f67b6d7-j9qn2,1739830186,154894336
paymentservice,paymentservice-688f67b6d7-j9qn2,1739830486,157114368
paymentservice,paymentservice-688f67b6d7-j9qn2,1739830786,159080448
paymentservice,paymentservice-688f67b6d7-j9qn2,1739831086,160911360
paymentservice,paymentservice-688f67b6d7-j9qn2,1739831386,162664448
shippingservice,shippingservice-76f585f5df-w296c,1739226586,70148096
shippingservice,shippingservice-76f585f5df-w296c,1739226886,70467584
shippingservice,shippingservice-76f585f5df-w296c,1739227186,70799360
shippingservice,shippingservice-76f585f5df-w296c,1739227486,70803456
shippingservice,shippingservice-76f585f5df-w296c,1739227786,70561792
shippingservice,shippingservice-76f585f5df-w296c,1739228086,71503872
shippingservice,shippingservice-76f585f5df-w296c,1739228386,71254016
shippingservice,shippingservice-76f585f5df-w296c,1739228686,71196672
shippingservice,shippingservice-76f585f5df-w296c,1739228986,71307264
shippingservice,shippingservice-76f585f5df-w296c,1739229286,71286784
shippingservice,shippingservice-76f585f5df-w296c,1739229586,71086080
shippingservice,shippingservice-76f585f5df-w296c,1739229886,71241728
shippingservice,shippingservice-76f585f5df-w296c,1739230186,71581696
shippingservice,shippingservice-76f585f5df-w296c,1739230486,71585792
shippingservice,shippingservice-76f585f5df-w296c,1739230786,72118272
shippingservice,shippingservice-76f585f5df-w296c,1739231086,71675904
shippingservice,shippingservice-76f585f5df-w296c,1739231386,71065600
shippingservice,shippingservice-76f585f5df-w296c,1739231686,71368704
shippingservice,shippingservice-76f585f5df-w296c,1739231986,71823360
shippingservice,shippingservice-76f585f5df-w296c,1739232286,71634944
shippingservice,shippingservice-76f585f5df-w296c,1739232586,71544832
shippingservice,shippingservice-76f585f5df-w296c,1739232886,71680000
shippingservice,shippingservice-76f585f5df-w296c,1739233186,71860224
shippingservice,shippingservice-76f585f5df-w296c,1739233486,71749632
shippingservice,shippingservice-76f585f5df-w296c,1739233786,72146944
shippingservice,shippingservice-76f585f5df-w296c,1739234086,71864320
shippingservice,shippingservice-76f585f5df-w296c,1739234386,71639040
shippingservice,shippingservice-76f585f5df-w296c,1739234686,71528448
shippingservice,shippingservice-76f585f5df-w296c,1739234986,71917568
shippingservice,shippingservice-76f585f5df-w296c,1739235286,72097792
shippingservice,shippingservice-76f585f5df-w296c,1739235586,72007680
shippingservice,shippingservice-76f585f5df-w296c,1739235886,72044544
shippingservice,shippingservice-76f585f5df-w296c,1739236186,72216576
shippingservice,shippingservice-76f585f5df-w296c,1739236486,72048640
shippingservice,shippingservice-76f585f5df-w296c,1739236786,73363456
shippingservice,shippingservice-76f585f5df-w296c,1739237086,73367552
shippingservice,shippingservice-76f585f5df-w296c,1739237386,73691136
shippingservice,shippingservice-76f585f5df-w296c,1739237686,73125888
shippingservice,shippingservice-76f585f5df-w296c,1739237986,73474048
shippingservice,shippingservice-76f585f5df-w296c,1739238286,73003008
shippingservice,shippingservice-76f585f5df-w296c,1739238586,73449472
shippingservice,shippingservice-76f585f5df-w296c,1739238886,73457664
shippingservice,shippingservice-76f585f5df-w296c,1739239186,73371648
shippingservice,shippingservice-76f585f5df-w296c,1739239486,73183232
shippingservice,shippingservice-76f585f5df-w296c,1739239786,73510912
shippingservice,shippingservice-76f585f5df-w296c,1739240086,73531392
shippingservice,shippingservice-76f585f5df-w296c,1739240386,73601024
shippingservice,shippingservice-76f585f5df-w296c,1739240686,73515008
shippingservice,shippingservice-76f585f5df-w296c,1739240986,73519104
shippingservice,shippingservice-76f585f5df-w296c,1739241286,74059776
shippingservice,shippingservice-76f585f5df-w296c,1739241586,72962048
shippingservice,shippingservice-76f585f5df-w296c,1739241886,73539584
shippingservice,shippingservice-76f585f5df-w296c,1739242186,73510912
shippingservice,shippingservice-76f585f5df-w296c,1739242486,73424896
shippingservice,shippingservice-76f585f5df-w296c,1739242786,73916416
shippingservice,shippingservice-76f585f5df-w296c,1739243086,73703424
shippingservice,shippingservice-76f585f5df-w296c,1739243386,73830400
shippingservice,shippingservice-76f585f5df-w296c,1739243686,73461760
shippingservice,shippingservice-76f585f5df-w296c,1739243986,74035200
shippingservice,shippingservice-76f585f5df-w296c,1739244286,73969664
shippingservice,shippingservice-76f585f5df-w296c,1739244586,73641984
shippingservice,shippingservice-76f585f5df-w296c,1739244886,73801728
shippingservice,shippingservice-76f585f5df-w296c,1739245186,74186752
shippingservice,shippingservice-76f585f5df-w296c,1739245486,73355264
shippingservice,shippingservice-76f585f5df-w296c,1739245786,73740288
shippingservice,shippingservice-76f585f5df-w296c,1739246086,73658368
shippingservice,shippingservice-76f585f5df-w296c,1739246386,73072640
shippingservice,shippingservice-76f585f5df-w296c,1739246686,73863168
shippingservice,shippingservice-76f585f5df-w296c,1739246986,73756672
shippingservice,shippingservice-76f585f5df-w296c,1739247286,73854976
shippingservice,shippingservice-76f585f5df-w296c,1739247586,74080256
shippingservice,shippingservice-76f585f5df-w296c,1739247886,74539008
shippingservice,shippingservice-76f585f5df-w296c,1739248186,74575872
shippingservice,shippingservice-76f585f5df-w296c,1739248486,74502144
shippingservice,shippingservice-76f585f5df-w296c,1739248786,74223616
shippingservice,shippingservice-76f585f5df-w296c,1739249086,74690560
shippingservice,shippingservice-76f585f5df-w296c,1739249386,74452992
shippingservice,shippingservice-76f585f5df-w296c,1739249686,74436608
shippingservice,shippingservice-76f585f5df-w296c,1739249986,74252288
shippingservice,shippingservice-76f585f5df-w296c,1739250286,74412032
shippingservice,shippingservice-76f585f5df-w296c,1739250586,74752000
shippingservice,shippingservice-76f585f5df-w296c,1739250886,74485760
shippingservice,shippingservice-76f585f5df-w296c,1739251186,74567680
shippingservice,shippingservice-76f585f5df-w296c,1739251486,74166272
shippingservice,shippingservice-76f585f5df-w296c,1739251786,73854976
shippingservice,shippingservice-76f585f5df-w296c,1739252086,74838016
shippingservice,shippingservice-76f585f5df-w296c,1739252386,75091968
shippingservice,shippingservice-76f585f5df-w296c,1739252686,74809344
shippingservice,shippingservice-76f585f5df-w296c,1739252986,76238848
shippingservice,shippingservice-76f585f5df-w296c,1739253286,76595200
shippingservice,shippingservice-76f585f5df-w296c,1739253586,76226560
shippingservice,shippingservice-76f585f5df-w296c,1739253886,76341248
shippingservice,shippingservice-76f585f5df-w296c,1739254186,76300288
shippingservice,shippingservice-76f585f5df-w296c,1739254486,76709888
shippingservice,shippingservice-76f585f5df-w296c,1739254786,76423168
shippingservice,shippingservice-76f585f5df-w296c,1739255086,76513280
shippingservice,shippingservice-76f585f5df-w296c,1739255386,77221888
shippingservice,shippingservice-76f585f5df-w296c,1739255686,77172736
shippingservice,shippingservice-76f585f5df-w296c,1739255986,77115392
shippingservice,shippingservice-76f585f5df-w296c,1739256286,77131776
shippingservice,shippingservice-76f585f5df-w296c,1739256586,77303808
shippingservice,shippingservice-76f585f5df-w296c,1739256886,76468224
shippingservice,shippingservice-76f585f5df-w296c,1739257186,75853824
shippingservice,shippingservice-76f585f5df-w296c,1739257486,76414976
shippingservice,shippingservice-76f585f5df-w296c,1739257786,76705792
shippingservice,shippingservice-76f585f5df-w296c,1739258086,76890112
shippingservice,shippingservice-76f585f5df-w296c,1739258386,75948032
shippingservice,shippingservice-76f585f5df-w296c,1739258686,76165120
shippingservice,shippingservice-76f585f5df-w296c,1739258986,76263424
shippingservice,shippingservice-76f585f5df-w296c,1739259286,76263424
shippingservice,shippingservice-76f585f5df-w296c,1739259586,76361728
shippingservice,shippingservice-76f585f5df-w296c,1739259886,75767808
shippingservice,shippingservice-76f585f5df-w296c,1739260186,77012992
shippingservice,shippingservice-76f585f5df-w296c,1739260486,77115392
shippingservice,shippingservice-76f585f5df-w296c,1739260786,77103104
shippingservice,shippingservice-76f585f5df-w296c,1739261086,76820480
shippingservice,shippingservice-76f585f5df-w296c,1739261386,77070336
shippingservice,shippingservice-76f585f5df-w296c,1739261686,76414976
shippingservice,shippingservice-76f585f5df-w296c,1739261986,76369920
shippingservice,shippingservice-76f585f5df-w296c,1739262286,75771904
shippingservice,shippingservice-76f585f5df-w296c,1739262586,76648448
shippingservice,shippingservice-76f585f5df-w296c,1739262886,76619776
shippingservice,shippingservice-76f585f5df-w296c,1739263186,79142912
shippingservice,shippingservice-76f585f5df-w296c,1739263486,79286272
shippingservice,shippingservice-76f585f5df-w296c,1739263786,78630912
shippingservice,shippingservice-76f585f5df-w296c,1739264086,78401536
shippingservice,shippingservice-76f585f5df-w296c,1739264386,79175680
shippingservice,shippingservice-76f585f5df-w296c,1739264686,78737408
shippingservice,shippingservice-76f585f5df-w296c,1739264986,79171584
shippingservice,shippingservice-76f585f5df-w296c,1739265286,79290368
shippingservice,shippingservice-76f585f5df-w296c,1739265586,78757888
shippingservice,shippingservice-76f585f5df-w296c,1739265886,78630912
shippingservice,shippingservice-76f585f5df-w296c,1739266186,79650816
shippingservice,shippingservice-76f585f5df-w296c,1739266486,79454208
shippingservice,shippingservice-76f585f5df-w296c,1739266786,79482880
shippingservice,shippingservice-76f585f5df-w296c,1739267086,79605760
shippingservice,shippingservice-76f585f5df-w296c,1739267386,79851520
shippingservice,shippingservice-76f585f5df-w296c,1739267686,79720448
shippingservice,shippingservice-76f585f5df-w296c,1739267986,78417920
shippingservice,shippingservice-76f585f5df-w296c,1739268286,78684160
shippingservice,shippingservice-76f585f5df-w296c,1739268586,78417920
shippingservice,shippingservice-76f585f5df-w296c,1739268886,78413824
shippingservice,shippingservice-76f585f5df-w296c,1739269186,78393344
shippingservice,shippingservice-76f585f5df-w296c,1739269486,77475840
shippingservice,shippingservice-76f585f5df-w296c,1739269786,78614528
shippingservice,shippingservice-76f585f5df-w296c,1739270086,78966784
shippingservice,shippingservice-76f585f5df-w296c,1739270386,78446592
shippingservice,shippingservice-76f585f5df-w296c,1739270686,78397440
shippingservice,shippingservice-76f585f5df-w296c,1739270986,78254080
shippingservice,shippingservice-76f585f5df-w296c,1739271286,79450112
shippingservice,shippingservice-76f585f5df-w296c,1739271586,79106048
shippingservice,shippingservice-76f585f5df-w296c,1739271886,79417344
shippingservice,shippingservice-76f585f5df-w296c,1739272186,79327232
shippingservice,shippingservice-76f585f5df-w296c,1739272486,79351808
shippingservice,shippingservice-76f585f5df-w296c,1739272786,79314944
shippingservice,shippingservice-76f585f5df-w296c,1739273086,78921728
shippingservice,shippingservice-76f585f5df-w296c,1739273386,79106048
shippingservice,shippingservice-76f585f5df-w296c,1739273686,78413824
shippingservice,shippingservice-76f585f5df-w296c,1739273986,78430208
shippingservice,shippingservice-76f585f5df-w296c,1739274286,79138816
shippingservice,shippingservice-76f585f5df-w296c,1739274586,78888960
shippingservice,shippingservice-76f585f5df-w296c,1739274886,78790656
shippingservice,shippingservice-76f585f5df-w296c,1739275186,78647296
shippingservice,shippingservice-76f585f5df-w296c,1739275486,78675968
shippingservice,shippingservice-76f585f5df-w296c,1739275786,78188544
shippingservice,shippingservice-76f585f5df-w296c,1739276086,78548992
shippingservice,shippingservice-76f585f5df-w296c,1739276386,78622720
shippingservice,shippingservice-76f585f5df-w296c,1739276686,78659584
shippingservice,shippingservice-76f585f5df-w296c,1739276986,78508032
shippingservice,shippingservice-76f585f5df-w296c,1739277286,78970880
shippingservice,shippingservice-76f585f5df-w296c,1739277586,78712832
shippingservice,shippingservice-76f585f5df-w296c,1739277886,78553088
shippingservice,shippingservice-76f585f5df-w296c,1739278186,78364672
shippingservice,shippingservice-76f585f5df-w296c,1739278486,79110144
shippingservice,shippingservice-76f585f5df-w296c,1739278786,78815232
shippingservice,shippingservice-76f585f5df-w296c,1739279086,78901248
shippingservice,shippingservice-76f585f5df-w296c,1739279386,79028224
shippingservice,shippingservice-76f585f5df-w296c,1739279686,78729216
shippingservice,shippingservice-76f585f5df-w296c,1739279986,78815232
shippingservice,shippingservice-76f585f5df-w296c,1739280286,79413248
shippingservice,shippingservice-76f585f5df-w296c,1739280586,79052800
shippingservice,shippingservice-76f585f5df-w296c,1739280886,78848000
shippingservice,shippingservice-76f585f5df-w296c,1739281186,78577664
shippingservice,shippingservice-76f585f5df-w296c,1739281486,77930496
shippingservice,shippingservice-76f585f5df-w296c,1739281786,78426112
shippingservice,shippingservice-76f585f5df-w296c,1739282086,78426112
shippingservice,shippingservice-76f585f5df-w296c,1739282386,78364672
shippingservice,shippingservice-76f585f5df-w296c,1739282686,78512128
shippingservice,shippingservice-76f585f5df-w296c,1739282986,78794752
shippingservice,shippingservice-76f585f5df-w296c,1739283286,78503936
shippingservice,shippingservice-76f585f5df-w296c,1739283586,78409728
shippingservice,shippingservice-76f585f5df-w296c,1739283886,78372864
shippingservice,shippingservice-76f585f5df-w296c,1739284186,79106048
shippingservice,shippingservice-76f585f5df-w296c,1739284486,78995456
shippingservice,shippingservice-76f585f5df-w296c,1739284786,78938112
shippingservice,shippingservice-76f585f5df-w296c,1739285086,79233024
shippingservice,shippingservice-76f585f5df-w296c,1739285386,77561856
shippingservice,shippingservice-76f585f5df-w296c,1739285686,77627392
shippingservice,shippingservice-76f585f5df-w296c,1739285986,77877248
shippingservice,shippingservice-76f585f5df-w296c,1739286286,78213120
shippingservice,shippingservice-76f585f5df-w296c,1739286586,78868480
shippingservice,shippingservice-76f585f5df-w296c,1739286886,78794752
shippingservice,shippingservice-76f585f5df-w296c,1739287186,78422016
shippingservice,shippingservice-76f585f5df-w296c,1739287486,78536704
shippingservice,shippingservice-76f585f5df-w296c,1739287786,60567552
shippingservice,shippingservice-76f585f5df-w296c,1739288086,75571200
shippingservice,shippingservice-76f585f5df-w296c,1739288386,78901248
shippingservice,shippingservice-76f585f5df-w296c,1739288686,79204352
shippingservice,shippingservice-76f585f5df-w296c,1739288986,79454208
shippingservice,shippingservice-76f585f5df-w296c,1739289286,80584704
shippingservice,shippingservice-76f585f5df-w296c,1739289586,83087360
shippingservice,shippingservice-76f585f5df-w296c,1739289886,84656128
shippingservice,shippingservice-76f585f5df-w296c,1739290186,85192704
shippingservice,shippingservice-76f585f5df-w296c,1739290486,84287488
shippingservice,shippingservice-76f585f5df-w296c,1739290786,84729856
shippingservice,shippingservice-76f585f5df-w296c,1739291086,84729856
shippingservice,shippingservice-76f585f5df-w296c,1739291386,84664320
shippingservice,shippingservice-76f585f5df-w296c,1739291686,84774912
shippingservice,shippingservice-76f585f5df-w296c,1739291986,84828160
shippingservice,shippingservice-76f585f5df-w296c,1739292286,84779008
shippingservice,shippingservice-76f585f5df-w296c,1739292586,84758528
shippingservice,shippingservice-76f585f5df-w296c,1739292886,84942848
shippingservice,shippingservice-76f585f5df-w296c,1739293186,85114880
shippingservice,shippingservice-76f585f5df-w296c,1739293486,84889600
shippingservice,shippingservice-76f585f5df-w296c,1739293786,85196800
shippingservice,shippingservice-76f585f5df-w296c,1739294086,84807680
shippingservice,shippingservice-76f585f5df-w296c,1739294386,85078016
shippingservice,shippingservice-76f585f5df-w296c,1739294686,84996096
shippingservice,shippingservice-76f585f5df-w296c,1739294986,85217280
shippingservice,shippingservice-76f585f5df-w296c,1739295286,85045248
shippingservice,shippingservice-76f585f5df-w296c,1739295586,85483520
shippingservice,shippingservice-76f585f5df-w296c,1739295886,85471232
shippingservice,shippingservice-76f585f5df-w296c,1739296186,85696512
shippingservice,shippingservice-76f585f5df-w296c,1739296486,85508096
shippingservice,shippingservice-76f585f5df-w296c,1739296786,85389312
shippingservice,shippingservice-76f585f5df-w296c,1739297086,85504000
shippingservice,shippingservice-76f585f5df-w296c,1739297386,85749760
shippingservice,shippingservice-76f585f5df-w296c,1739297686,85745664
shippingservice,shippingservice-76f585f5df-w296c,1739297986,85602304
shippingservice,shippingservice-76f585f5df-w296c,1739298286,84570112
shippingservice,shippingservice-76f585f5df-w296c,1739298586,85594112
shippingservice,shippingservice-76f585f5df-w296c,1739298886,85049344
shippingservice,shippingservice-76f585f5df-w296c,1739299186,84779008
shippingservice,shippingservice-76f585f5df-w296c,1739299486,85131264
shippingservice,shippingservice-76f585f5df-w296c,1739299786,85319680
shippingservice,shippingservice-76f585f5df-w296c,1739300086,85274624
shippingservice,shippingservice-76f585f5df-w296c,1739300386,85417984
shippingservice,shippingservice-76f585f5df-w296c,1739300686,85331968
shippingservice,shippingservice-76f585f5df-w296c,1739300986,85794816
shippingservice,shippingservice-76f585f5df-w296c,1739301286,85807104
shippingservice,shippingservice-76f585f5df-w296c,1739301586,85786624
shippingservice,shippingservice-76f585f5df-w296c,1739301886,85807104
shippingservice,shippingservice-76f585f5df-w296c,1739302186,85999616
shippingservice,shippingservice-76f585f5df-w296c,1739302486,85614592
shippingservice,shippingservice-76f585f5df-w296c,1739302786,84992000
shippingservice,shippingservice-76f585f5df-w296c,1739303086,85467136
shippingservice,shippingservice-76f585f5df-w296c,1739303386,84701184
shippingservice,shippingservice-76f585f5df-w296c,1739303686,84828160
shippingservice,shippingservice-76f585f5df-w296c,1739303986,84750336
shippingservice,shippingservice-76f585f5df-w296c,1739304286,84668416
shippingservice,shippingservice-76f585f5df-w296c,1739304586,85393408
shippingservice,shippingservice-76f585f5df-w296c,1739304886,85069824
shippingservice,shippingservice-76f585f5df-w296c,1739305186,85446656
shippingservice,shippingservice-76f585f5df-w296c,1739305486,85213184
shippingservice,shippingservice-76f585f5df-w296c,1739305786,85352448
shippingservice,shippingservice-76f585f5df-w296c,1739306086,85397504
shippingservice,shippingservice-76f585f5df-w296c,1739306386,86302720
shippingservice,shippingservice-76f585f5df-w296c,1739306686,86065152
shippingservice,shippingservice-76f585f5df-w296c,1739306986,86376448
shippingservice,shippingservice-76f585f5df-w296c,1739307286,85180416
shippingservice,shippingservice-76f585f5df-w296c,1739307586,85827584
shippingservice,shippingservice-76f585f5df-w296c,1739307886,85016576
shippingservice,shippingservice-76f585f5df-w296c,1739308186,85131264
shippingservice,shippingservice-76f585f5df-w296c,1739308486,85024768
shippingservice,shippingservice-76f585f5df-w296c,1739308786,85053440
shippingservice,shippingservice-76f585f5df-w296c,1739309086,85401600
shippingservice,shippingservice-76f585f5df-w296c,1739309386,85090304
shippingservice,shippingservice-76f585f5df-w296c,1739309686,85184512
shippingservice,shippingservice-76f585f5df-w296c,1739309986,85573632
shippingservice,shippingservice-76f585f5df-w296c,1739310286,85409792
shippingservice,shippingservice-76f585f5df-w296c,1739310586,85286912
shippingservice,shippingservice-76f585f5df-w296c,1739310886,85315584
shippingservice,shippingservice-76f585f5df-w296c,1739311186,85565440
shippingservice,shippingservice-76f585f5df-w296c,1739311486,84860928
shippingservice,shippingservice-76f585f5df-w296c,1739311786,85467136
shippingservice,shippingservice-76f585f5df-w296c,1739312086,85065728
shippingservice,shippingservice-76f585f5df-w296c,1739312386,85442560
shippingservice,shippingservice-76f585f5df-w296c,1739312686,85397504
shippingservice,shippingservice-76f585f5df-w296c,1739312986,85057536
shippingservice,shippingservice-76f585f5df-w296c,1739313286,85331968
shippingservice,shippingservice-76f585f5df-w296c,1739313586,85692416
shippingservice,shippingservice-76f585f5df-w296c,1739313886,85381120
shippingservice,shippingservice-76f585f5df-w296c,1739314186,85274624
shippingservice,shippingservice-76f585f5df-w296c,1739314486,85569536
shippingservice,shippingservice-76f585f5df-w296c,1739314786,85921792
shippingservice,shippingservice-76f585f5df-w296c,1739315086,85512192
shippingservice,shippingservice-76f585f5df-w296c,1739315386,85860352
shippingservice,shippingservice-76f585f5df-w296c,1739315686,85704704
shippingservice,shippingservice-76f585f5df-w296c,1739315986,85520384
shippingservice,shippingservice-76f585f5df-w296c,1739316286,84660224
shippingservice,shippingservice-76f585f5df-w296c,1739316586,84701184
shippingservice,shippingservice-76f585f5df-w296c,1739316886,84897792
shippingservice,shippingservice-76f585f5df-w296c,1739317186,85065728
shippingservice,shippingservice-76f585f5df-w296c,1739317486,84987904
shippingservice,shippingservice-76f585f5df-w296c,1739317786,85151744
shippingservice,shippingservice-76f585f5df-w296c,1739318086,84951040
shippingservice,shippingservice-76f585f5df-w296c,1739318386,85180416
shippingservice,shippingservice-76f585f5df-w296c,1739318686,85053440
shippingservice,shippingservice-76f585f5df-w296c,1739318986,85266432
shippingservice,shippingservice-76f585f5df-w296c,1739319286,85123072
shippingservice,shippingservice-76f585f5df-w296c,1739319586,85274624
shippingservice,shippingservice-76f585f5df-w296c,1739319886,84467712
shippingservice,shippingservice-76f585f5df-w296c,1739320186,85135360
shippingservice,shippingservice-76f585f5df-w296c,1739320486,85012480
shippingservice,shippingservice-76f585f5df-w296c,1739320786,85438464
shippingservice,shippingservice-76f585f5df-w296c,1739321086,85422080
shippingservice,shippingservice-76f585f5df-w296c,1739321386,85458944
shippingservice,shippingservice-76f585f5df-w296c,1739321686,85495808
shippingservice,shippingservice-76f585f5df-w296c,1739321986,85024768
shippingservice,shippingservice-76f585f5df-w296c,1739322286,85307392
shippingservice,shippingservice-76f585f5df-w296c,1739322586,87252992
shippingservice,shippingservice-76f585f5df-w296c,1739322886,87519232
shippingservice,shippingservice-76f585f5df-w296c,1739323186,88293376
shippingservice,shippingservice-76f585f5df-w296c,1739323486,88555520
shippingservice,shippingservice-76f585f5df-w296c,1739323786,88645632
shippingservice,shippingservice-76f585f5df-w296c,1739324086,88055808
shippingservice,shippingservice-76f585f5df-w296c,1739324386,87887872
shippingservice,shippingservice-76f585f5df-w296c,1739324686,87838720
shippingservice,shippingservice-76f585f5df-w296c,1739324986,86921216
shippingservice,shippingservice-76f585f5df-w296c,1739325286,87470080
shippingservice,shippingservice-76f585f5df-w296c,1739325586,87101440
shippingservice,shippingservice-76f585f5df-w296c,1739325886,87535616
shippingservice,shippingservice-76f585f5df-w296c,1739326186,89661440
shippingservice,shippingservice-76f585f5df-w296c,1739326486,89579520
shippingservice,shippingservice-76f585f5df-w296c,1739326786,89767936
shippingservice,shippingservice-76f585f5df-w296c,1739327086,89628672
shippingservice,shippingservice-76f585f5df-w296c,1739327386,89993216
shippingservice,shippingservice-76f585f5df-w296c,1739327686,90472448
shippingservice,shippingservice-76f585f5df-w296c,1739327986,90402816
shippingservice,shippingservice-76f585f5df-w296c,1739328286,90095616
shippingservice,shippingservice-76f585f5df-w296c,1739328586,90259456
shippingservice,shippingservice-76f585f5df-w296c,1739328886,90079232
shippingservice,shippingservice-76f585f5df-w296c,1739329186,89370624
shippingservice,shippingservice-76f585f5df-w296c,1739329486,88977408
shippingservice,shippingservice-76f585f5df-w296c,1739329786,89313280
shippingservice,shippingservice-76f585f5df-w296c,1739330086,89292800
shippingservice,shippingservice-76f585f5df-w296c,1739330386,89493504
shippingservice,shippingservice-76f585f5df-w296c,1739330686,89825280
shippingservice,shippingservice-76f585f5df-w296c,1739330986,89563136
shippingservice,shippingservice-76f585f5df-w296c,1739331286,89661440
shippingservice,shippingservice-76f585f5df-w296c,1739331586,90120192
shippingservice,shippingservice-76f585f5df-w296c,1739331886,90537984
shippingservice,shippingservice-76f585f5df-w296c,1739332186,90025984
shippingservice,shippingservice-76f585f5df-w296c,1739332486,89841664
shippingservice,shippingservice-76f585f5df-w296c,1739332786,89989120
shippingservice,shippingservice-76f585f5df-w296c,1739333086,89853952
shippingservice,shippingservice-76f585f5df-w296c,1739333386,90091520
shippingservice,shippingservice-76f585f5df-w296c,1739333686,89112576
shippingservice,shippingservice-76f585f5df-w296c,1739333986,89407488
shippingservice,shippingservice-76f585f5df-w296c,1739334286,89489408
shippingservice,shippingservice-76f585f5df-w296c,1739334586,89264128
shippingservice,shippingservice-76f585f5df-w296c,1739334886,89325568
shippingservice,shippingservice-76f585f5df-w296c,1739335186,89235456
shippingservice,shippingservice-76f585f5df-w296c,1739335486,89604096
shippingservice,shippingservice-76f585f5df-w296c,1739335786,89661440
shippingservice,shippingservice-76f585f5df-w296c,1739336086,89489408
shippingservice,shippingservice-76f585f5df-w296c,1739336386,89747456
shippingservice,shippingservice-76f585f5df-w296c,1739336686,89739264
shippingservice,shippingservice-76f585f5df-w296c,1739336986,89866240
shippingservice,shippingservice-76f585f5df-w296c,1739337286,89935872
shippingservice,shippingservice-76f585f5df-w296c,1739337586,90120192
shippingservice,shippingservice-76f585f5df-w296c,1739337886,89735168
shippingservice,shippingservice-76f585f5df-w296c,1739338186,90284032
shippingservice,shippingservice-76f585f5df-w296c,1739338486,89501696
shippingservice,shippingservice-76f585f5df-w296c,1739338786,89477120
shippingservice,shippingservice-76f585f5df-w296c,1739339086,89608192
shippingservice,shippingservice-76f585f5df-w296c,1739339386,90132480
shippingservice,shippingservice-76f585f5df-w296c,1739339686,89706496
shippingservice,shippingservice-76f585f5df-w296c,1739339986,90189824
shippingservice,shippingservice-76f585f5df-w296c,1739340286,90349568
shippingservice,shippingservice-76f585f5df-w296c,1739340586,89841664
shippingservice,shippingservice-76f585f5df-w296c,1739340886,90034176
shippingservice,shippingservice-76f585f5df-w296c,1739341186,90046464
shippingservice,shippingservice-76f585f5df-w296c,1739341486,90124288
shippingservice,shippingservice-76f585f5df-w296c,1739341786,90099712
shippingservice,shippingservice-76f585f5df-w296c,1739342086,90296320
shippingservice,shippingservice-76f585f5df-w296c,1739342386,89784320
shippingservice,shippingservice-76f585f5df-w296c,1739342686,90226688
shippingservice,shippingservice-76f585f5df-w296c,1739342986,90292224
shippingservice,shippingservice-76f585f5df-w296c,1739343286,90312704
shippingservice,shippingservice-76f585f5df-w296c,1739343586,89149440
shippingservice,shippingservice-76f585f5df-w296c,1739343886,88764416
shippingservice,shippingservice-76f585f5df-w296c,1739344186,88784896
shippingservice,shippingservice-76f585f5df-w296c,1739344486,88956928
shippingservice,shippingservice-76f585f5df-w296c,1739344786,89501696
shippingservice,shippingservice-76f585f5df-w296c,1739345086,89137152
shippingservice,shippingservice-76f585f5df-w296c,1739345386,88936448
shippingservice,shippingservice-76f585f5df-w296c,1739345686,89292800
shippingservice,shippingservice-76f585f5df-w296c,1739345986,89276416
shippingservice,shippingservice-76f585f5df-w296c,1739346286,89153536
shippingservice,shippingservice-76f585f5df-w296c,1739346586,89575424
shippingservice,shippingservice-76f585f5df-w296c,1739346886,89395200
shippingservice,shippingservice-76f585f5df-w296c,1739347186,89460736
shippingservice,shippingservice-76f585f5df-w296c,1739347486,89505792
shippingservice,shippingservice-76f585f5df-w296c,1739347786,89825280
shippingservice,shippingservice-76f585f5df-w296c,1739348086,89796608
shippingservice,shippingservice-76f585f5df-w296c,1739348386,89415680
shippingservice,shippingservice-76f585f5df-w296c,1739348686,89886720
shippingservice,shippingservice-76f585f5df-w296c,1739348986,89210880
shippingservice,shippingservice-76f585f5df-w296c,1739349286,89567232
shippingservice,shippingservice-76f585f5df-w296c,1739349586,89329664
shippingservice,shippingservice-76f585f5df-w296c,1739349886,89157632
shippingservice,shippingservice-76f585f5df-w296c,1739350186,89169920
shippingservice,shippingservice-76f585f5df-w296c,1739350486,89567232
shippingservice,shippingservice-76f585f5df-w296c,1739350786,89751552
shippingservice,shippingservice-76f585f5df-w296c,1739351086,89374720
shippingservice,shippingservice-76f585f5df-w296c,1739351386,89538560
shippingservice,shippingservice-76f585f5df-w296c,1739351686,89710592
shippingservice,shippingservice-76f585f5df-w296c,1739351986,89731072
shippingservice,shippingservice-76f585f5df-w296c,1739352286,89526272
shippingservice,shippingservice-76f585f5df-w296c,1739352586,89796608
shippingservice,shippingservice-76f585f5df-w296c,1739352886,89534464
shippingservice,shippingservice-76f585f5df-w296c,1739353186,89997312
shippingservice,shippingservice-76f585f5df-w296c,1739353486,89436160
shippingservice,shippingservice-76f585f5df-w296c,1739353786,89223168
shippingservice,shippingservice-76f585f5df-w296c,1739354086,89235456
shippingservice,shippingservice-76f585f5df-w296c,1739354386,89321472
shippingservice,shippingservice-76f585f5df-w296c,1739354686,89690112
shippingservice,shippingservice-76f585f5df-w296c,1739354986,89358336
shippingservice,shippingservice-76f585f5df-w296c,1739355286,89763840
shippingservice,shippingservice-76f585f5df-w296c,1739355586,89600000
shippingservice,shippingservice-76f585f5df-w296c,1739355886,90112000
shippingservice,shippingservice-76f585f5df-w296c,1739356186,89812992
shippingservice,shippingservice-76f585f5df-w296c,1739356486,90038272
shippingservice,shippingservice-76f585f5df-w296c,1739356786,90271744
shippingservice,shippingservice-76f585f5df-w296c,1739357086,90894336
shippingservice,shippingservice-76f585f5df-w296c,1739357386,90927104
shippingservice,shippingservice-76f585f5df-w296c,1739357686,90742784
shippingservice,shippingservice-76f585f5df-w296c,1739357986,90734592
shippingservice,shippingservice-76f585f5df-w296c,1739358286,89448448
shippingservice,shippingservice-76f585f5df-w296c,1739358586,89808896
shippingservice,shippingservice-76f585f5df-w296c,1739358886,88952832
shippingservice,shippingservice-76f585f5df-w296c,1739359186,88961024
shippingservice,shippingservice-76f585f5df-w296c,1739359486,89202688
shippingservice,shippingservice-76f585f5df-w296c,1739359786,89432064
shippingservice,shippingservice-76f585f5df-w296c,1739360086,89567232
shippingservice,shippingservice-76f585f5df-w296c,1739360386,89210880
shippingservice,shippingservice-76f585f5df-w296c,1739360686,89767936
shippingservice,shippingservice-76f585f5df-w296c,1739360986,89972736
shippingservice,shippingservice-76f585f5df-w296c,1739361286,89833472
shippingservice,shippingservice-76f585f5df-w296c,1739361586,90095616
shippingservice,shippingservice-76f585f5df-w296c,1739361886,89997312
shippingservice,shippingservice-76f585f5df-w296c,1739362186,90152960
shippingservice,shippingservice-76f585f5df-w296c,1739362486,90177536
shippingservice,shippingservice-76f585f5df-w296c,1739362786,90374144
shippingservice,shippingservice-76f585f5df-w296c,1739363086,90324992
shippingservice,shippingservice-76f585f5df-w296c,1739363386,89616384
shippingservice,shippingservice-76f585f5df-w296c,1739363686,89796608
shippingservice,shippingservice-76f585f5df-w296c,1739363986,88952832
shippingservice,shippingservice-76f585f5df-w296c,1739364286,89055232
shippingservice,shippingservice-76f585f5df-w296c,1739364586,89210880
shippingservice,shippingservice-76f585f5df-w296c,1739364886,89378816
shippingservice,shippingservice-76f585f5df-w296c,1739365186,89288704
shippingservice,shippingservice-76f585f5df-w296c,1739365486,89591808
shippingservice,shippingservice-76f585f5df-w296c,1739365786,89513984
shippingservice,shippingservice-76f585f5df-w296c,1739366086,89559040
shippingservice,shippingservice-76f585f5df-w296c,1739366386,89489408
shippingservice,shippingservice-76f585f5df-w296c,1739366686,89612288
shippingservice,shippingservice-76f585f5df-w296c,1739366986,89538560
shippingservice,shippingservice-76f585f5df-w296c,1739367286,89587712
shippingservice,shippingservice-76f585f5df-w296c,1739367586,89591808
shippingservice,shippingservice-76f585f5df-w296c,1739367886,90042368
shippingservice,shippingservice-76f585f5df-w296c,1739368186,89927680
shippingservice,shippingservice-76f585f5df-w296c,1739368486,89911296
shippingservice,shippingservice-76f585f5df-w296c,1739368786,90361856
shippingservice,shippingservice-76f585f5df-w296c,1739369086,90284032
shippingservice,shippingservice-76f585f5df-w296c,1739369386,89194496
shippingservice,shippingservice-76f585f5df-w296c,1739369686,89366528
shippingservice,shippingservice-76f585f5df-w296c,1739369986,89391104
shippingservice,shippingservice-76f585f5df-w296c,1739370286,89391104
shippingservice,shippingservice-76f585f5df-w296c,1739370586,89391104
shippingservice,shippingservice-76f585f5df-w296c,1739370886,88948736
shippingservice,shippingservice-76f585f5df-w296c,1739371186,90140672
shippingservice,shippingservice-76f585f5df-w296c,1739371486,89620480
shippingservice,shippingservice-76f585f5df-w296c,1739371786,89796608
shippingservice,shippingservice-76f585f5df-w296c,1739372086,89718784
shippingservice,shippingservice-76f585f5df-w296c,1739372386,89694208
shippingservice,shippingservice-76f585f5df-w296c,1739372686,89751552
shippingservice,shippingservice-76f585f5df-w296c,1739372986,89264128
shippingservice,shippingservice-76f585f5df-w296c,1739373286,89604096
shippingservice,shippingservice-76f585f5df-w296c,1739373586,89538560
shippingservice,shippingservice-76f585f5df-w296c,1739373886,90087424
shippingservice,shippingservice-76f585f5df-w296c,1739374186,89812992
shippingservice,shippingservice-76f585f5df-w296c,1739374486,89133056
shippingservice,shippingservice-76f585f5df-w296c,1739374786,89427968
shippingservice,shippingservice-76f585f5df-w296c,1739375086,88842240
shippingservice,shippingservice-76f585f5df-w296c,1739375386,88801280
shippingservice,shippingservice-76f585f5df-w296c,1739375686,88735744
shippingservice,shippingservice-76f585f5df-w296c,1739375986,89190400
shippingservice,shippingservice-76f585f5df-w296c,1739376286,89255936
shippingservice,shippingservice-76f585f5df-w296c,1739376586,89235456
shippingservice,shippingservice-76f585f5df-w296c,1739376886,89350144
shippingservice,shippingservice-76f585f5df-w296c,1739377186,89583616
shippingservice,shippingservice-76f585f5df-w296c,1739377486,89501696
shippingservice,shippingservice-76f585f5df-w296c,1739377786,89374720
shippingservice,shippingservice-76f585f5df-w296c,1739378086,89726976
shippingservice,shippingservice-76f585f5df-w296c,1739378386,89657344
shippingservice,shippingservice-76f585f5df-w296c,1739378686,89530368
shippingservice,shippingservice-76f585f5df-w296c,1739378986,92012544
shippingservice,shippingservice-76f585f5df-w296c,1739379286,91922432
shippingservice,shippingservice-76f585f5df-w296c,1739379586,92413952
shippingservice,shippingservice-76f585f5df-w296c,1739379886,91779072
shippingservice,shippingservice-76f585f5df-w296c,1739380186,91148288
shippingservice,shippingservice-76f585f5df-w296c,1739380486,91168768
shippingservice,shippingservice-76f585f5df-w296c,1739380786,90836992
shippingservice,shippingservice-76f585f5df-w296c,1739381086,90910720
shippingservice,shippingservice-76f585f5df-w296c,1739381386,90865664
shippingservice,shippingservice-76f585f5df-w296c,1739381686,91213824
shippingservice,shippingservice-76f585f5df-w296c,1739381986,91246592
shippingservice,shippingservice-76f585f5df-w296c,1739382286,91455488
shippingservice,shippingservice-76f585f5df-w296c,1739382586,91439104
shippingservice,shippingservice-76f585f5df-w296c,1739382886,91353088
shippingservice,shippingservice-76f585f5df-w296c,1739383186,92020736
shippingservice,shippingservice-76f585f5df-w296c,1739383486,91877376
shippingservice,shippingservice-76f585f5df-w296c,1739383786,91729920
shippingservice,shippingservice-76f585f5df-w296c,1739384086,91701248
shippingservice,shippingservice-76f585f5df-w296c,1739384386,91688960
shippingservice,shippingservice-76f585f5df-w296c,1739384686,91746304
shippingservice,shippingservice-76f585f5df-w296c,1739384986,91754496
shippingservice,shippingservice-76f585f5df-w296c,1739385286,91856896
shippingservice,shippingservice-76f585f5df-w296c,1739385586,91746304
shippingservice,shippingservice-76f585f5df-w296c,1739385886,91684864
shippingservice,shippingservice-76f585f5df-w296c,1739386186,91148288
shippingservice,shippingservice-76f585f5df-w296c,1739386486,91291648
shippingservice,shippingservice-76f585f5df-w296c,1739386786,91234304
shippingservice,shippingservice-76f585f5df-w296c,1739387086,57004032
shippingservice,shippingservice-76f585f5df-w296c,1739387386,57864192
shippingservice,shippingservice-76f585f5df-w296c,1739387686,60063744
shippingservice,shippingservice-76f585f5df-w296c,1739387986,60297216
shippingservice,shippingservice-76f585f5df-w296c,1739388286,60395520
shippingservice,shippingservice-76f585f5df-w296c,1739388586,60375040
shippingservice,shippingservice-76f585f5df-w296c,1739388886,62738432
shippingservice,shippingservice-76f585f5df-w296c,1739389186,62992384
shippingservice,shippingservice-76f585f5df-w296c,1739389486,62889984
shippingservice,shippingservice-76f585f5df-w296c,1739389786,65753088
shippingservice,shippingservice-76f585f5df-w296c,1739390086,65761280
shippingservice,shippingservice-76f585f5df-w296c,1739390386,65789952
shippingservice,shippingservice-76f585f5df-w296c,1739390686,66953216
shippingservice,shippingservice-76f585f5df-w296c,1739390986,67158016
shippingservice,shippingservice-76f585f5df-w296c,1739391286,66936832
shippingservice,shippingservice-76f585f5df-w296c,1739391586,67198976
shippingservice,shippingservice-76f585f5df-w296c,1739391886,67063808
shippingservice,shippingservice-76f585f5df-w296c,1739392186,67170304
shippingservice,shippingservice-76f585f5df-w296c,1739392486,67223552
shippingservice,shippingservice-76f585f5df-w296c,1739392786,67850240
shippingservice,shippingservice-76f585f5df-w296c,1739393086,68452352
shippingservice,shippingservice-76f585f5df-w296c,1739393386,68419584
shippingservice,shippingservice-76f585f5df-w296c,1739393686,68149248
shippingservice,shippingservice-76f585f5df-w296c,1739393986,68333568
shippingservice,shippingservice-76f585f5df-w296c,1739394286,68837376
shippingservice,shippingservice-76f585f5df-w296c,1739394586,68145152
shippingservice,shippingservice-76f585f5df-w296c,1739394886,68546560
shippingservice,shippingservice-76f585f5df-w296c,1739395186,68870144
shippingservice,shippingservice-76f585f5df-w296c,1739395486,68935680
shippingservice,shippingservice-76f585f5df-w296c,1739395786,69521408
shippingservice,shippingservice-76f585f5df-w296c,1739396086,69234688
shippingservice,shippingservice-76f585f5df-w296c,1739396386,68886528
shippingservice,shippingservice-76f585f5df-w296c,1739396686,68890624
shippingservice,shippingservice-76f585f5df-w296c,1739396986,69201920
shippingservice,shippingservice-76f585f5df-w296c,1739397286,69406720
shippingservice,shippingservice-76f585f5df-w296c,1739397586,69095424
shippingservice,shippingservice-76f585f5df-w296c,1739397886,69079040
shippingservice,shippingservice-76f585f5df-w296c,1739398186,69230592
shippingservice,shippingservice-76f585f5df-w296c,1739398486,68456448
shippingservice,shippingservice-76f585f5df-w296c,1739398786,68767744
shippingservice,shippingservice-76f585f5df-w296c,1739399086,68227072
shippingservice,shippingservice-76f585f5df-w296c,1739399386,68300800
shippingservice,shippingservice-76f585f5df-w296c,1739399686,68583424
shippingservice,shippingservice-76f585f5df-w296c,1739399986,68706304
shippingservice,shippingservice-76f585f5df-w296c,1739400286,68644864
shippingservice,shippingservice-76f585f5df-w296c,1739400586,68669440
shippingservice,shippingservice-76f585f5df-w296c,1739400886,69242880
shippingservice,shippingservice-76f585f5df-w296c,1739401186,68960256
shippingservice,shippingservice-76f585f5df-w296c,1739401486,69275648
shippingservice,shippingservice-76f585f5df-w296c,1739401786,68874240
shippingservice,shippingservice-76f585f5df-w296c,1739402086,68571136
shippingservice,shippingservice-76f585f5df-w296c,1739402386,69144576
shippingservice,shippingservice-76f585f5df-w296c,1739402686,69079040
shippingservice,shippingservice-76f585f5df-w296c,1739402986,69083136
shippingservice,shippingservice-76f585f5df-w296c,1739403286,69124096
shippingservice,shippingservice-76f585f5df-w296c,1739403586,69513216
shippingservice,shippingservice-76f585f5df-w296c,1739403886,68218880
shippingservice,shippingservice-76f585f5df-w296c,1739404186,68812800
shippingservice,shippingservice-76f585f5df-w296c,1739404486,69193728
shippingservice,shippingservice-76f585f5df-w296c,1739404786,68882432
shippingservice,shippingservice-76f585f5df-w296c,1739405086,68837376
shippingservice,shippingservice-76f585f5df-w296c,1739405386,68960256
shippingservice,shippingservice-76f585f5df-w296c,1739405686,69062656
shippingservice,shippingservice-76f585f5df-w296c,1739405986,69410816
shippingservice,shippingservice-76f585f5df-w296c,1739406286,69652480
shippingservice,shippingservice-76f585f5df-w296c,1739406586,69423104
shippingservice,shippingservice-76f585f5df-w296c,1739406886,69578752
shippingservice,shippingservice-76f585f5df-w296c,1739407186,69758976
shippingservice,shippingservice-76f585f5df-w296c,1739407486,69414912
shippingservice,shippingservice-76f585f5df-w296c,1739407786,69586944
shippingservice,shippingservice-76f585f5df-w296c,1739408086,69734400
shippingservice,shippingservice-76f585f5df-w296c,1739408386,69607424
shippingservice,shippingservice-76f585f5df-w296c,1739408686,69173248
shippingservice,shippingservice-76f585f5df-w296c,1739408986,69070848
shippingservice,shippingservice-76f585f5df-w296c,1739409286,69308416
shippingservice,shippingservice-76f585f5df-w296c,1739409586,68866048
shippingservice,shippingservice-76f585f5df-w296c,1739409886,68853760
shippingservice,shippingservice-76f585f5df-w296c,1739410186,68771840
shippingservice,shippingservice-76f585f5df-w296c,1739410486,68784128
shippingservice,shippingservice-76f585f5df-w296c,1739410786,68878336
shippingservice,shippingservice-76f585f5df-w296c,1739411086,69046272
shippingservice,shippingservice-76f585f5df-w296c,1739411386,69042176
shippingservice,shippingservice-76f585f5df-w296c,1739411686,69201920
shippingservice,shippingservice-76f585f5df-w296c,1739411986,69885952
shippingservice,shippingservice-76f585f5df-w296c,1739412286,69353472
shippingservice,shippingservice-76f585f5df-w296c,1739412586,69361664
shippingservice,shippingservice-76f585f5df-w296c,1739412886,69386240
shippingservice,shippingservice-76f585f5df-w296c,1739413186,69578752
shippingservice,shippingservice-76f585f5df-w296c,1739413486,69279744
shippingservice,shippingservice-76f585f5df-w296c,1739413786,68464640
shippingservice,shippingservice-76f585f5df-w296c,1739414086,69062656
shippingservice,shippingservice-76f585f5df-w296c,1739414386,68898816
shippingservice,shippingservice-76f585f5df-w296c,1739414686,68820992
shippingservice,shippingservice-76f585f5df-w296c,1739414986,69062656
shippingservice,shippingservice-76f585f5df-w296c,1739415286,69332992
shippingservice,shippingservice-76f585f5df-w296c,1739415586,69410816
shippingservice,shippingservice-76f585f5df-w296c,1739415886,69214208
shippingservice,shippingservice-76f585f5df-w296c,1739416186,69222400
shippingservice,shippingservice-76f585f5df-w296c,1739416486,69505024
shippingservice,shippingservice-76f585f5df-w296c,1739416786,69414912
shippingservice,shippingservice-76f585f5df-w296c,1739417086,69386240
shippingservice,shippingservice-76f585f5df-w296c,1739417386,69505024
shippingservice,shippingservice-76f585f5df-w296c,1739417686,69918720
shippingservice,shippingservice-76f585f5df-w296c,1739417986,70148096
shippingservice,shippingservice-76f585f5df-w296c,1739418286,69902336
shippingservice,shippingservice-76f585f5df-w296c,1739418586,69652480
shippingservice,shippingservice-76f585f5df-w296c,1739418886,69685248
shippingservice,shippingservice-76f585f5df-w296c,1739419186,69021696
shippingservice,shippingservice-76f585f5df-w296c,1739419486,69541888
shippingservice,shippingservice-76f585f5df-w296c,1739419786,69021696
shippingservice,shippingservice-76f585f5df-w296c,1739420086,69586944
shippingservice,shippingservice-76f585f5df-w296c,1739420386,69537792
shippingservice,shippingservice-76f585f5df-w296c,1739420686,70139904
shippingservice,shippingservice-76f585f5df-w296c,1739420986,69918720
shippingservice,shippingservice-76f585f5df-w296c,1739421286,69746688
shippingservice,shippingservice-76f585f5df-w296c,1739421586,69713920
shippingservice,shippingservice-76f585f5df-w296c,1739421886,71962624
shippingservice,shippingservice-76f585f5df-w296c,1739422186,71823360
shippingservice,shippingservice-76f585f5df-w296c,1739422486,71274496
shippingservice,shippingservice-76f585f5df-w296c,1739422786,72151040
shippingservice,shippingservice-76f585f5df-w296c,1739423086,71954432
shippingservice,shippingservice-76f585f5df-w296c,1739423386,72101888
shippingservice,shippingservice-76f585f5df-w296c,1739423686,71966720
shippingservice,shippingservice-76f585f5df-w296c,1739423986,72187904
shippingservice,shippingservice-76f585f5df-w296c,1739424286,71147520
shippingservice,shippingservice-76f585f5df-w296c,1739424586,71528448
shippingservice,shippingservice-76f585f5df-w296c,1739424886,71249920
shippingservice,shippingservice-76f585f5df-w296c,1739425186,71057408
shippingservice,shippingservice-76f585f5df-w296c,1739425486,71557120
shippingservice,shippingservice-76f585f5df-w296c,1739425786,72048640
shippingservice,shippingservice-76f585f5df-w296c,1739426086,71745536
shippingservice,shippingservice-76f585f5df-w296c,1739426386,71892992
shippingservice,shippingservice-76f585f5df-w296c,1739426686,72118272
shippingservice,shippingservice-76f585f5df-w296c,1739426986,71892992
shippingservice,shippingservice-76f585f5df-w296c,1739427286,72028160
shippingservice,shippingservice-76f585f5df-w296c,1739427586,72118272
shippingservice,shippingservice-76f585f5df-w296c,1739427886,71860224
shippingservice,shippingservice-76f585f5df-w296c,1739428186,72368128
shippingservice,shippingservice-76f585f5df-w296c,1739428486,72118272
shippingservice,shippingservice-76f585f5df-w296c,1739428786,72019968
shippingservice,shippingservice-76f585f5df-w296c,1739429086,72171520
shippingservice,shippingservice-76f585f5df-w296c,1739429386,72335360
shippingservice,shippingservice-76f585f5df-w296c,1739429686,71413760
shippingservice,shippingservice-76f585f5df-w296c,1739429986,71495680
shippingservice,shippingservice-76f585f5df-w296c,1739430286,70852608
shippingservice,shippingservice-76f585f5df-w296c,1739430586,73334784
shippingservice,shippingservice-76f585f5df-w296c,1739430886,73105408
shippingservice,shippingservice-76f585f5df-w296c,1739431186,73691136
shippingservice,shippingservice-76f585f5df-w296c,1739431486,73461760
shippingservice,shippingservice-76f585f5df-w296c,1739431786,73969664
shippingservice,shippingservice-76f585f5df-w296c,1739432086,73920512
shippingservice,shippingservice-76f585f5df-w296c,1739432386,73637888
shippingservice,shippingservice-76f585f5df-w296c,1739432686,73605120
shippingservice,shippingservice-76f585f5df-w296c,1739432986,73408512
shippingservice,shippingservice-76f585f5df-w296c,1739433286,73367552
shippingservice,shippingservice-76f585f5df-w296c,1739433586,73601024
shippingservice,shippingservice-76f585f5df-w296c,1739433886,73900032
shippingservice,shippingservice-76f585f5df-w296c,1739434186,73977856
shippingservice,shippingservice-76f585f5df-w296c,1739434486,73719808
shippingservice,shippingservice-76f585f5df-w296c,1739434786,73924608
shippingservice,shippingservice-76f585f5df-w296c,1739435086,72650752
shippingservice,shippingservice-76f585f5df-w296c,1739435386,72650752
shippingservice,shippingservice-76f585f5df-w296c,1739435686,72884224
shippingservice,shippingservice-76f585f5df-w296c,1739435986,73232384
shippingservice,shippingservice-76f585f5df-w296c,1739436286,73416704
shippingservice,shippingservice-76f585f5df-w296c,1739436586,73842688
shippingservice,shippingservice-76f585f5df-w296c,1739436886,73945088
shippingservice,shippingservice-76f585f5df-w296c,1739437186,73752576
shippingservice,shippingservice-76f585f5df-w296c,1739437486,73641984
shippingservice,shippingservice-76f585f5df-w296c,1739437786,73666560
shippingservice,shippingservice-76f585f5df-w296c,1739438086,73867264
shippingservice,shippingservice-76f585f5df-w296c,1739438386,74297344
shippingservice,shippingservice-76f585f5df-w296c,1739438686,73875456
shippingservice,shippingservice-76f585f5df-w296c,1739438986,73945088
shippingservice,shippingservice-76f585f5df-w296c,1739439286,73859072
shippingservice,shippingservice-76f585f5df-w296c,1739439586,74731520
shippingservice,shippingservice-76f585f5df-w296c,1739439886,74153984
shippingservice,shippingservice-76f585f5df-w296c,1739440186,75268096
shippingservice,shippingservice-76f585f5df-w296c,1739440486,76972032
shippingservice,shippingservice-76f585f5df-w296c,1739440786,76001280
shippingservice,shippingservice-76f585f5df-w296c,1739441086,76529664
shippingservice,shippingservice-76f585f5df-w296c,1739441386,75403264
shippingservice,shippingservice-76f585f5df-w296c,1739441686,75493376
shippingservice,shippingservice-76f585f5df-w296c,1739441986,75558912
shippingservice,shippingservice-76f585f5df-w296c,1739442286,75968512
shippingservice,shippingservice-76f585f5df-w296c,1739442586,75788288
shippingservice,shippingservice-76f585f5df-w296c,1739442886,75567104
shippingservice,shippingservice-76f585f5df-w296c,1739443186,75907072
shippingservice,shippingservice-76f585f5df-w296c,1739443486,75481088
shippingservice,shippingservice-76f585f5df-w296c,1739443786,75841536
shippingservice,shippingservice-76f585f5df-w296c,1739444086,76091392
shippingservice,shippingservice-76f585f5df-w296c,1739444386,75853824
shippingservice,shippingservice-76f585f5df-w296c,1739444686,75513856
shippingservice,shippingservice-76f585f5df-w296c,1739444986,75587584
shippingservice,shippingservice-76f585f5df-w296c,1739445286,75669504
shippingservice,shippingservice-76f585f5df-w296c,1739445586,75726848
shippingservice,shippingservice-76f585f5df-w296c,1739445886,76001280
shippingservice,shippingservice-76f585f5df-w296c,1739446186,76279808
shippingservice,shippingservice-76f585f5df-w296c,1739446486,74719232
shippingservice,shippingservice-76f585f5df-w296c,1739446786,75239424
shippingservice,shippingservice-76f585f5df-w296c,1739447086,74874880
shippingservice,shippingservice-76f585f5df-w296c,1739447386,74903552
shippingservice,shippingservice-76f585f5df-w296c,1739447686,74919936
shippingservice,shippingservice-76f585f5df-w296c,1739447986,74801152
shippingservice,shippingservice-76f585f5df-w296c,1739448286,74985472
shippingservice,shippingservice-76f585f5df-w296c,1739448586,75452416
shippingservice,shippingservice-76f585f5df-w296c,1739448886,75628544
shippingservice,shippingservice-76f585f5df-w296c,1739449186,75943936
shippingservice,shippingservice-76f585f5df-w296c,1739449486,75964416
shippingservice,shippingservice-76f585f5df-w296c,1739449786,75788288
shippingservice,shippingservice-76f585f5df-w296c,1739450086,75689984
shippingservice,shippingservice-76f585f5df-w296c,1739450386,75509760
shippingservice,shippingservice-76f585f5df-w296c,1739450686,78233600
shippingservice,shippingservice-76f585f5df-w296c,1739450986,79192064
shippingservice,shippingservice-76f585f5df-w296c,1739451286,78766080
shippingservice,shippingservice-76f585f5df-w296c,1739451586,79257600
shippingservice,shippingservice-76f585f5df-w296c,1739451886,78995456
shippingservice,shippingservice-76f585f5df-w296c,1739452186,77103104
shippingservice,shippingservice-76f585f5df-w296c,1739452486,77504512
shippingservice,shippingservice-76f585f5df-w296c,1739452786,77627392
shippingservice,shippingservice-76f585f5df-w296c,1739453086,77819904
shippingservice,shippingservice-76f585f5df-w296c,1739453386,77733888
shippingservice,shippingservice-76f585f5df-w296c,1739453686,77611008
shippingservice,shippingservice-76f585f5df-w296c,1739453986,77434880
shippingservice,shippingservice-76f585f5df-w296c,1739454286,78016512
shippingservice,shippingservice-76f585f5df-w296c,1739454586,77832192
shippingservice,shippingservice-76f585f5df-w296c,1739454886,77955072
shippingservice,shippingservice-76f585f5df-w296c,1739455186,77967360
shippingservice,shippingservice-76f585f5df-w296c,1739455486,78012416
shippingservice,shippingservice-76f585f5df-w296c,1739455786,78163968
shippingservice,shippingservice-76f585f5df-w296c,1739456086,78327808
shippingservice,shippingservice-76f585f5df-w296c,1739456386,78213120
shippingservice,shippingservice-76f585f5df-w296c,1739456686,78254080
shippingservice,shippingservice-76f585f5df-w296c,1739456986,78229504
shippingservice,shippingservice-76f585f5df-w296c,1739457286,77852672
shippingservice,shippingservice-76f585f5df-w296c,1739457586,78028800
shippingservice,shippingservice-76f585f5df-w296c,1739457886,78172160
shippingservice,shippingservice-76f585f5df-w296c,1739458186,77295616
shippingservice,shippingservice-76f585f5df-w296c,1739458486,78508032
shippingservice,shippingservice-76f585f5df-w296c,1739458786,77770752
shippingservice,shippingservice-76f585f5df-w296c,1739459086,77938688
shippingservice,shippingservice-76f585f5df-w296c,1739459386,77848576
shippingservice,shippingservice-76f585f5df-w296c,1739459686,77934592
shippingservice,shippingservice-76f585f5df-w296c,1739459986,78053376
shippingservice,shippingservice-76f585f5df-w296c,1739460286,78585856
shippingservice,shippingservice-76f585f5df-w296c,1739460586,77746176
shippingservice,shippingservice-76f585f5df-w296c,1739460886,78000128
shippingservice,shippingservice-76f585f5df-w296c,1739461186,78548992
shippingservice,shippingservice-76f585f5df-w296c,1739461486,78487552
shippingservice,shippingservice-76f585f5df-w296c,1739461786,78761984
shippingservice,shippingservice-76f585f5df-w296c,1739462086,79245312
shippingservice,shippingservice-76f585f5df-w296c,1739462386,79106048
shippingservice,shippingservice-76f585f5df-w296c,1739462686,79015936
shippingservice,shippingservice-76f585f5df-w296c,1739462986,78802944
shippingservice,shippingservice-76f585f5df-w296c,1739463286,78864384
shippingservice,shippingservice-76f585f5df-w296c,1739463586,78868480
shippingservice,shippingservice-76f585f5df-w296c,1739463886,78966784
shippingservice,shippingservice-76f585f5df-w296c,1739464186,79114240
shippingservice,shippingservice-76f585f5df-w296c,1739464486,78131200
shippingservice,shippingservice-76f585f5df-w296c,1739464786,77910016
shippingservice,shippingservice-76f585f5df-w296c,1739465086,77172736
shippingservice,shippingservice-76f585f5df-w296c,1739465386,77312000
shippingservice,shippingservice-76f585f5df-w296c,1739465686,77991936
shippingservice,shippingservice-76f585f5df-w296c,1739465986,78004224
shippingservice,shippingservice-76f585f5df-w296c,1739466286,77922304
shippingservice,shippingservice-76f585f5df-w296c,1739466586,77926400
shippingservice,shippingservice-76f585f5df-w296c,1739466886,78127104
shippingservice,shippingservice-76f585f5df-w296c,1739467186,78163968
shippingservice,shippingservice-76f585f5df-w296c,1739467486,78716928
shippingservice,shippingservice-76f585f5df-w296c,1739467786,78168064
shippingservice,shippingservice-76f585f5df-w296c,1739468086,78565376
shippingservice,shippingservice-76f585f5df-w296c,1739468386,78712832
shippingservice,shippingservice-76f585f5df-w296c,1739468686,78475264
shippingservice,shippingservice-76f585f5df-w296c,1739468986,78376960
shippingservice,shippingservice-76f585f5df-w296c,1739469286,78835712
shippingservice,shippingservice-76f585f5df-w296c,1739469586,78389248
shippingservice,shippingservice-76f585f5df-w296c,1739469886,78143488
shippingservice,shippingservice-76f585f5df-w296c,1739470186,77979648
shippingservice,shippingservice-76f585f5df-w296c,1739470486,77819904
shippingservice,shippingservice-76f585f5df-w296c,1739470786,77697024
shippingservice,shippingservice-76f585f5df-w296c,1739471086,77070336
shippingservice,shippingservice-76f585f5df-w296c,1739471386,77115392
shippingservice,shippingservice-76f585f5df-w296c,1739471686,77217792
shippingservice,shippingservice-76f585f5df-w296c,1739471986,77725696
shippingservice,shippingservice-76f585f5df-w296c,1739472286,78381056
shippingservice,shippingservice-76f585f5df-w296c,1739472586,78069760
shippingservice,shippingservice-76f585f5df-w296c,1739472886,78172160
shippingservice,shippingservice-76f585f5df-w296c,1739473186,77950976
shippingservice,shippingservice-76f585f5df-w296c,1739473486,78282752
shippingservice,shippingservice-76f585f5df-w296c,1739473786,78331904
shippingservice,shippingservice-76f585f5df-w296c,1739474086,78053376
shippingservice,shippingservice-76f585f5df-w296c,1739474386,78180352
shippingservice,shippingservice-76f585f5df-w296c,1739474686,78331904
shippingservice,shippingservice-76f585f5df-w296c,1739474986,78016512
shippingservice,shippingservice-76f585f5df-w296c,1739475286,78266368
shippingservice,shippingservice-76f585f5df-w296c,1739475586,77910016
shippingservice,shippingservice-76f585f5df-w296c,1739475886,78213120
shippingservice,shippingservice-76f585f5df-w296c,1739476186,78020608
shippingservice,shippingservice-76f585f5df-w296c,1739476486,78168064
shippingservice,shippingservice-76f585f5df-w296c,1739476786,78057472
shippingservice,shippingservice-76f585f5df-w296c,1739477086,77258752
shippingservice,shippingservice-76f585f5df-w296c,1739477386,77938688
shippingservice,shippingservice-76f585f5df-w296c,1739477686,77574144
shippingservice,shippingservice-76f585f5df-w296c,1739477986,77561856
shippingservice,shippingservice-76f585f5df-w296c,1739478286,77783040
shippingservice,shippingservice-76f585f5df-w296c,1739478586,77799424
shippingservice,shippingservice-76f585f5df-w296c,1739478886,77619200
shippingservice,shippingservice-76f585f5df-w296c,1739479186,77623296
shippingservice,shippingservice-76f585f5df-w296c,1739479486,77275136
shippingservice,shippingservice-76f585f5df-w296c,1739479786,77598720
shippingservice,shippingservice-76f585f5df-w296c,1739480086,78528512
shippingservice,shippingservice-76f585f5df-w296c,1739480386,78282752
shippingservice,shippingservice-76f585f5df-w296c,1739480686,79028224
shippingservice,shippingservice-76f585f5df-w296c,1739480986,78643200
shippingservice,shippingservice-76f585f5df-w296c,1739481286,78888960
shippingservice,shippingservice-76f585f5df-w296c,1739481586,78659584
shippingservice,shippingservice-76f585f5df-w296c,1739481886,78946304
shippingservice,shippingservice-76f585f5df-w296c,1739482186,79081472
shippingservice,shippingservice-76f585f5df-w296c,1739482486,78741504
shippingservice,shippingservice-76f585f5df-w296c,1739482786,78516224
shippingservice,shippingservice-76f585f5df-w296c,1739483086,78331904
shippingservice,shippingservice-76f585f5df-w296c,1739483386,77918208
shippingservice,shippingservice-76f585f5df-w296c,1739483686,78413824
shippingservice,shippingservice-76f585f5df-w296c,1739483986,77295616
shippingservice,shippingservice-76f585f5df-w296c,1739484286,77692928
shippingservice,shippingservice-76f585f5df-w296c,1739484586,77819904
shippingservice,shippingservice-76f585f5df-w296c,1739484886,77672448
shippingservice,shippingservice-76f585f5df-w296c,1739485186,77643776
shippingservice,shippingservice-76f585f5df-w296c,1739485486,77828096
shippingservice,shippingservice-76f585f5df-w296c,1739485786,78229504
shippingservice,shippingservice-76f585f5df-w296c,1739486086,78090240
shippingservice,shippingservice-76f585f5df-w296c,1739486386,78360576
shippingservice,shippingservice-76f585f5df-w296c,1739486686,77922304
shippingservice,shippingservice-76f585f5df-w296c,1739486986,78995456
shippingservice,shippingservice-76f585f5df-w296c,1739487286,77869056
shippingservice,shippingservice-76f585f5df-w296c,1739487586,77705216
shippingservice,shippingservice-76f585f5df-w296c,1739487886,78454784
shippingservice,shippingservice-76f585f5df-w296c,1739488186,78512128
shippingservice,shippingservice-76f585f5df-w296c,1739488486,78553088
shippingservice,shippingservice-76f585f5df-w296c,1739488786,78352384
shippingservice,shippingservice-76f585f5df-w296c,1739489086,78516224
shippingservice,shippingservice-76f585f5df-w296c,1739489386,78475264
shippingservice,shippingservice-76f585f5df-w296c,1739489686,78225408
shippingservice,shippingservice-76f585f5df-w296c,1739489986,78184448
shippingservice,shippingservice-76f585f5df-w296c,1739490286,78012416
shippingservice,shippingservice-76f585f5df-w296c,1739490586,78172160
shippingservice,shippingservice-76f585f5df-w296c,1739490886,77594624
shippingservice,shippingservice-76f585f5df-w296c,1739491186,77791232
shippingservice,shippingservice-76f585f5df-w296c,1739491486,78856192
shippingservice,shippingservice-76f585f5df-w296c,1739491786,78594048
shippingservice,shippingservice-76f585f5df-w296c,1739492086,78508032
shippingservice,shippingservice-76f585f5df-w296c,1739492386,78266368
shippingservice,shippingservice-76f585f5df-w296c,1739492686,78348288
shippingservice,shippingservice-76f585f5df-w296c,1739492986,78356480
shippingservice,shippingservice-76f585f5df-w296c,1739493286,78581760
shippingservice,shippingservice-76f585f5df-w296c,1739493586,78524416
shippingservice,shippingservice-76f585f5df-w296c,1739493886,78274560
shippingservice,shippingservice-76f585f5df-w296c,1739494186,78176256
shippingservice,shippingservice-76f585f5df-w296c,1739494486,78135296
shippingservice,shippingservice-76f585f5df-w296c,1739494786,78434304
shippingservice,shippingservice-76f585f5df-w296c,1739495086,78098432
shippingservice,shippingservice-76f585f5df-w296c,1739495386,77983744
shippingservice,shippingservice-76f585f5df-w296c,1739495686,78614528
shippingservice,shippingservice-76f585f5df-w296c,1739495986,78450688
shippingservice,shippingservice-76f585f5df-w296c,1739496286,77615104
shippingservice,shippingservice-76f585f5df-w296c,1739496586,77582336
shippingservice,shippingservice-76f585f5df-w296c,1739496886,78139392
shippingservice,shippingservice-76f585f5df-w296c,1739497186,77549568
shippingservice,shippingservice-76f585f5df-w296c,1739497486,77598720
shippingservice,shippingservice-76f585f5df-w296c,1739497786,77672448
shippingservice,shippingservice-76f585f5df-w296c,1739498086,77905920
shippingservice,shippingservice-76f585f5df-w296c,1739498386,78229504
shippingservice,shippingservice-76f585f5df-w296c,1739498686,77914112
shippingservice,shippingservice-76f585f5df-w296c,1739498986,77824000
shippingservice,shippingservice-76f585f5df-w296c,1739499286,77942784
shippingservice,shippingservice-76f585f5df-w296c,1739499586,78008320
shippingservice,shippingservice-76f585f5df-w296c,1739499886,78405632
shippingservice,shippingservice-76f585f5df-w296c,1739500186,78561280
shippingservice,shippingservice-76f585f5df-w296c,1739500486,78274560
shippingservice,shippingservice-76f585f5df-w296c,1739500786,78348288
shippingservice,shippingservice-76f585f5df-w296c,1739501086,78565376
shippingservice,shippingservice-76f585f5df-w296c,1739501386,78626816
shippingservice,shippingservice-76f585f5df-w296c,1739501686,78008320
shippingservice,shippingservice-76f585f5df-w296c,1739501986,78675968
shippingservice,shippingservice-76f585f5df-w296c,1739502286,78520320
shippingservice,shippingservice-76f585f5df-w296c,1739502586,78680064
shippingservice,shippingservice-76f585f5df-w296c,1739502886,77713408
shippingservice,shippingservice-76f585f5df-w296c,1739503186,78008320
shippingservice,shippingservice-76f585f5df-w296c,1739503486,77639680
shippingservice,shippingservice-76f585f5df-w296c,1739503786,77885440
shippingservice,shippingservice-76f585f5df-w296c,1739504086,77598720
shippingservice,shippingservice-76f585f5df-w296c,1739504386,77475840
shippingservice,shippingservice-76f585f5df-w296c,1739504686,77733888
shippingservice,shippingservice-76f585f5df-w296c,1739504986,77991936
shippingservice,shippingservice-76f585f5df-w296c,1739505286,77922304
shippingservice,shippingservice-76f585f5df-w296c,1739505586,77881344
shippingservice,shippingservice-76f585f5df-w296c,1739505886,78114816
shippingservice,shippingservice-76f585f5df-w296c,1739506186,78458880
shippingservice,shippingservice-76f585f5df-w296c,1739506486,78401536
shippingservice,shippingservice-76f585f5df-w296c,1739506786,78274560
shippingservice,shippingservice-76f585f5df-w296c,1739507086,78589952
shippingservice,shippingservice-76f585f5df-w296c,1739507386,78192640
shippingservice,shippingservice-76f585f5df-w296c,1739507686,78143488
shippingservice,shippingservice-76f585f5df-w296c,1739507986,78172160
shippingservice,shippingservice-76f585f5df-w296c,1739508286,78708736
shippingservice,shippingservice-76f585f5df-w296c,1739508586,78311424
shippingservice,shippingservice-76f585f5df-w296c,1739508886,78544896
shippingservice,shippingservice-76f585f5df-w296c,1739509186,78544896
shippingservice,shippingservice-76f585f5df-w296c,1739509486,77484032
shippingservice,shippingservice-76f585f5df-w296c,1739509786,77533184
shippingservice,shippingservice-76f585f5df-w296c,1739510086,77082624
shippingservice,shippingservice-76f585f5df-w296c,1739510386,77082624
shippingservice,shippingservice-76f585f5df-w296c,1739510686,77086720
shippingservice,shippingservice-76f585f5df-w296c,1739510986,77271040
shippingservice,shippingservice-76f585f5df-w296c,1739511286,77975552
shippingservice,shippingservice-76f585f5df-w296c,1739511586,78905344
shippingservice,shippingservice-76f585f5df-w296c,1739511886,79302656
shippingservice,shippingservice-76f585f5df-w296c,1739512186,79646720
shippingservice,shippingservice-76f585f5df-w296c,1739512486,79650816
shippingservice,shippingservice-76f585f5df-w296c,1739512786,79560704
shippingservice,shippingservice-76f585f5df-w296c,1739513086,79278080
shippingservice,shippingservice-76f585f5df-w296c,1739513386,79458304
shippingservice,shippingservice-76f585f5df-w296c,1739513686,79261696
shippingservice,shippingservice-76f585f5df-w296c,1739513986,78807040
shippingservice,shippingservice-76f585f5df-w296c,1739514286,78798848
shippingservice,shippingservice-76f585f5df-w296c,1739514586,78557184
shippingservice,shippingservice-76f585f5df-w296c,1739514886,79249408
shippingservice,shippingservice-76f585f5df-w296c,1739515186,79347712
shippingservice,shippingservice-76f585f5df-w296c,1739515486,78934016
shippingservice,shippingservice-76f585f5df-w296c,1739515786,79310848
shippingservice,shippingservice-76f585f5df-w296c,1739516086,79368192
shippingservice,shippingservice-76f585f5df-w296c,1739516386,79671296
shippingservice,shippingservice-76f585f5df-w296c,1739516686,79892480
shippingservice,shippingservice-76f585f5df-w296c,1739516986,79638528
shippingservice,shippingservice-76f585f5df-w296c,1739517286,78692352
shippingservice,shippingservice-76f585f5df-w296c,1739517586,78278656
shippingservice,shippingservice-76f585f5df-w296c,1739517886,78278656
shippingservice,shippingservice-76f585f5df-w296c,1739518186,78200832
shippingservice,shippingservice-76f585f5df-w296c,1739518486,78585856
shippingservice,shippingservice-76f585f5df-w296c,1739518786,78741504
shippingservice,shippingservice-76f585f5df-w296c,1739519086,78970880
shippingservice,shippingservice-76f585f5df-w296c,1739519386,78917632
shippingservice,shippingservice-76f585f5df-w296c,1739519686,79388672
shippingservice,shippingservice-76f585f5df-w296c,1739519986,78934016
shippingservice,shippingservice-76f585f5df-w296c,1739520286,79085568
shippingservice,shippingservice-76f585f5df-w296c,1739520586,78860288
shippingservice,shippingservice-76f585f5df-w296c,1739520886,79302656
shippingservice,shippingservice-76f585f5df-w296c,1739521186,79261696
shippingservice,shippingservice-76f585f5df-w296c,1739521486,79564800
shippingservice,shippingservice-76f585f5df-w296c,1739521786,79036416
shippingservice,shippingservice-76f585f5df-w296c,1739522086,78868480
shippingservice,shippingservice-76f585f5df-w296c,1739522386,78856192
shippingservice,shippingservice-76f585f5df-w296c,1739522686,78798848
shippingservice,shippingservice-76f585f5df-w296c,1739522986,79142912
shippingservice,shippingservice-76f585f5df-w296c,1739523286,78594048
shippingservice,shippingservice-76f585f5df-w296c,1739523586,79421440
shippingservice,shippingservice-76f585f5df-w296c,1739523886,78729216
shippingservice,shippingservice-76f585f5df-w296c,1739524186,79011840
shippingservice,shippingservice-76f585f5df-w296c,1739524486,78204928
shippingservice,shippingservice-76f585f5df-w296c,1739524786,78127104
shippingservice,shippingservice-76f585f5df-w296c,1739525086,78209024
shippingservice,shippingservice-76f585f5df-w296c,1739525386,78995456
shippingservice,shippingservice-76f585f5df-w296c,1739525686,79192064
shippingservice,shippingservice-76f585f5df-w296c,1739525986,78733312
shippingservice,shippingservice-76f585f5df-w296c,1739526286,78196736
shippingservice,shippingservice-76f585f5df-w296c,1739526586,78700544
shippingservice,shippingservice-76f585f5df-w296c,1739526886,78831616
shippingservice,shippingservice-76f585f5df-w296c,1739527186,79437824
shippingservice,shippingservice-76f585f5df-w296c,1739527486,79458304
shippingservice,shippingservice-76f585f5df-w296c,1739527786,79220736
shippingservice,shippingservice-76f585f5df-w296c,1739528086,79646720
shippingservice,shippingservice-76f585f5df-w296c,1739528386,79085568
shippingservice,shippingservice-76f585f5df-w296c,1739528686,79024128
shippingservice,shippingservice-76f585f5df-w296c,1739528986,79237120
shippingservice,shippingservice-76f585f5df-w296c,1739529286,79331328
shippingservice,shippingservice-76f585f5df-w296c,1739529586,79233024
shippingservice,shippingservice-76f585f5df-w296c,1739529886,79204352
shippingservice,shippingservice-76f585f5df-w296c,1739530186,79310848
shippingservice,shippingservice-76f585f5df-w296c,1739530486,79400960
shippingservice,shippingservice-76f585f5df-w296c,1739530786,77766656
shippingservice,shippingservice-76f585f5df-w296c,1739531086,78794752
shippingservice,shippingservice-76f585f5df-w296c,1739531386,78077952
shippingservice,shippingservice-76f585f5df-w296c,1739531686,78188544
shippingservice,shippingservice-76f585f5df-w296c,1739531986,78073856
shippingservice,shippingservice-76f585f5df-w296c,1739532286,78139392
shippingservice,shippingservice-76f585f5df-w296c,1739532586,78761984
shippingservice,shippingservice-76f585f5df-w296c,1739532886,78311424
shippingservice,shippingservice-76f585f5df-w296c,1739533186,78270464
shippingservice,shippingservice-76f585f5df-w296c,1739533486,78139392
shippingservice,shippingservice-76f585f5df-w296c,1739533786,78176256
shippingservice,shippingservice-76f585f5df-w296c,1739534086,78958592
shippingservice,shippingservice-76f585f5df-w296c,1739534386,78508032
shippingservice,shippingservice-76f585f5df-w296c,1739534686,78823424
shippingservice,shippingservice-76f585f5df-w296c,1739534986,78688256
shippingservice,shippingservice-76f585f5df-w296c,1739535286,78376960
shippingservice,shippingservice-76f585f5df-w296c,1739535586,78823424
shippingservice,shippingservice-76f585f5df-w296c,1739535886,78622720
shippingservice,shippingservice-76f585f5df-w296c,1739536186,78524416
shippingservice,shippingservice-76f585f5df-w296c,1739536486,78483456
shippingservice,shippingservice-76f585f5df-w296c,1739536786,78913536
shippingservice,shippingservice-76f585f5df-w296c,1739537086,78868480
shippingservice,shippingservice-76f585f5df-w296c,1739537386,74104832
shippingservice,shippingservice-76f585f5df-w296c,1739537686,76873728
shippingservice,shippingservice-76f585f5df-w296c,1739537986,76308480
shippingservice,shippingservice-76f585f5df-w296c,1739538286,77774848
shippingservice,shippingservice-76f585f5df-w296c,1739538586,77991936
shippingservice,shippingservice-76f585f5df-w296c,1739538886,77987840
shippingservice,shippingservice-76f585f5df-w296c,1739539186,77881344
shippingservice,shippingservice-76f585f5df-w296c,1739539486,77799424
shippingservice,shippingservice-76f585f5df-w296c,1739539786,78028800
shippingservice,shippingservice-76f585f5df-w296c,1739540086,78573568
shippingservice,shippingservice-76f585f5df-w296c,1739540386,78942208
shippingservice,shippingservice-76f585f5df-w296c,1739540686,78856192
shippingservice,shippingservice-76f585f5df-w296c,1739540986,78749696
shippingservice,shippingservice-76f585f5df-w296c,1739541286,79728640
shippingservice,shippingservice-76f585f5df-w296c,1739541586,79626240
shippingservice,shippingservice-76f585f5df-w296c,1739541886,79519744
shippingservice,shippingservice-76f585f5df-w296c,1739542186,79310848
shippingservice,shippingservice-76f585f5df-w296c,1739542486,79101952
shippingservice,shippingservice-76f585f5df-w296c,1739542786,79413248
shippingservice,shippingservice-76f585f5df-w296c,1739543086,79446016
shippingservice,shippingservice-76f585f5df-w296c,1739543386,79650816
shippingservice,shippingservice-76f585f5df-w296c,1739543686,79679488
shippingservice,shippingservice-76f585f5df-w296c,1739543986,79704064
shippingservice,shippingservice-76f585f5df-w296c,1739544286,79937536
shippingservice,shippingservice-76f585f5df-w296c,1739544586,79753216
shippingservice,shippingservice-76f585f5df-w296c,1739544886,79478784
shippingservice,shippingservice-76f585f5df-w296c,1739545186,79015936
shippingservice,shippingservice-76f585f5df-w296c,1739545486,79228928
shippingservice,shippingservice-76f585f5df-w296c,1739545786,77991936
shippingservice,shippingservice-76f585f5df-w296c,1739546086,78024704
shippingservice,shippingservice-76f585f5df-w296c,1739546386,77914112
shippingservice,shippingservice-76f585f5df-w296c,1739546686,78241792
shippingservice,shippingservice-76f585f5df-w296c,1739546986,78450688
shippingservice,shippingservice-76f585f5df-w296c,1739547286,78393344
shippingservice,shippingservice-76f585f5df-w296c,1739547586,78536704
shippingservice,shippingservice-76f585f5df-w296c,1739547886,78848000
shippingservice,shippingservice-76f585f5df-w296c,1739548186,78835712
shippingservice,shippingservice-76f585f5df-w296c,1739548486,79147008
shippingservice,shippingservice-76f585f5df-w296c,1739548786,78573568
shippingservice,shippingservice-76f585f5df-w296c,1739549086,78434304
shippingservice,shippingservice-76f585f5df-w296c,1739549386,78913536
shippingservice,shippingservice-76f585f5df-w296c,1739549686,79314944
shippingservice,shippingservice-76f585f5df-w296c,1739549986,79261696
shippingservice,shippingservice-76f585f5df-w296c,1739550286,79364096
shippingservice,shippingservice-76f585f5df-w296c,1739550586,79679488
shippingservice,shippingservice-76f585f5df-w296c,1739550886,78999552
shippingservice,shippingservice-76f585f5df-w296c,1739551186,79142912
shippingservice,shippingservice-76f585f5df-w296c,1739551486,79351808
shippingservice,shippingservice-76f585f5df-w296c,1739551786,79589376
shippingservice,shippingservice-76f585f5df-w296c,1739552086,78884864
shippingservice,shippingservice-76f585f5df-w296c,1739552386,77557760
shippingservice,shippingservice-76f585f5df-w296c,1739552686,77959168
shippingservice,shippingservice-76f585f5df-w296c,1739552986,77955072
shippingservice,shippingservice-76f585f5df-w296c,1739553286,78008320
shippingservice,shippingservice-76f585f5df-w296c,1739553586,78229504
shippingservice,shippingservice-76f585f5df-w296c,1739553886,77987840
shippingservice,shippingservice-76f585f5df-w296c,1739554186,78503936
shippingservice,shippingservice-76f585f5df-w296c,1739554486,78159872
shippingservice,shippingservice-76f585f5df-w296c,1739554786,79073280
shippingservice,shippingservice-76f585f5df-w296c,1739555086,78962688
shippingservice,shippingservice-76f585f5df-w296c,1739555386,79036416
shippingservice,shippingservice-76f585f5df-w296c,1739555686,79048704
shippingservice,shippingservice-76f585f5df-w296c,1739555986,78831616
shippingservice,shippingservice-76f585f5df-w296c,1739556286,78348288
shippingservice,shippingservice-76f585f5df-w296c,1739556586,79298560
shippingservice,shippingservice-76f585f5df-w296c,1739556886,79421440
shippingservice,shippingservice-76f585f5df-w296c,1739557186,79122432
shippingservice,shippingservice-76f585f5df-w296c,1739557486,79085568
shippingservice,shippingservice-76f585f5df-w296c,1739557786,78794752
shippingservice,shippingservice-76f585f5df-w296c,1739558086,78512128
shippingservice,shippingservice-76f585f5df-w296c,1739558386,78700544
shippingservice,shippingservice-76f585f5df-w296c,1739558686,79155200
shippingservice,shippingservice-76f585f5df-w296c,1739558986,78868480
shippingservice,shippingservice-76f585f5df-w296c,1739559286,79171584
shippingservice,shippingservice-76f585f5df-w296c,1739559586,78843904
shippingservice,shippingservice-76f585f5df-w296c,1739559886,77766656
shippingservice,shippingservice-76f585f5df-w296c,1739560186,77795328
shippingservice,shippingservice-76f585f5df-w296c,1739560486,77197312
shippingservice,shippingservice-76f585f5df-w296c,1739560786,78032896
shippingservice,shippingservice-76f585f5df-w296c,1739561086,78528512
shippingservice,shippingservice-76f585f5df-w296c,1739561386,78405632
shippingservice,shippingservice-76f585f5df-w296c,1739561686,77975552
shippingservice,shippingservice-76f585f5df-w296c,1739561986,78352384
shippingservice,shippingservice-76f585f5df-w296c,1739562286,78200832
shippingservice,shippingservice-76f585f5df-w296c,1739562586,78069760
shippingservice,shippingservice-76f585f5df-w296c,1739562886,79151104
shippingservice,shippingservice-76f585f5df-w296c,1739563186,78282752
shippingservice,shippingservice-76f585f5df-w296c,1739563486,78848000
shippingservice,shippingservice-76f585f5df-w296c,1739563786,78708736
shippingservice,shippingservice-76f585f5df-w296c,1739564086,79024128
shippingservice,shippingservice-76f585f5df-w296c,1739564386,78909440
shippingservice,shippingservice-76f585f5df-w296c,1739564686,79093760
shippingservice,shippingservice-76f585f5df-w296c,1739564986,75591680
shippingservice,shippingservice-76f585f5df-w296c,1739565286,78610432
shippingservice,shippingservice-76f585f5df-w296c,1739565586,78917632
shippingservice,shippingservice-76f585f5df-w296c,1739565886,79998976
shippingservice,shippingservice-76f585f5df-w296c,1739566186,80003072
shippingservice,shippingservice-76f585f5df-w296c,1739566486,80654336
shippingservice,shippingservice-76f585f5df-w296c,1739566786,80068608
shippingservice,shippingservice-76f585f5df-w296c,1739567086,80470016
shippingservice,shippingservice-76f585f5df-w296c,1739567386,80809984
shippingservice,shippingservice-76f585f5df-w296c,1739567686,80904192
shippingservice,shippingservice-76f585f5df-w296c,1739567986,80822272
shippingservice,shippingservice-76f585f5df-w296c,1739568286,79933440
shippingservice,shippingservice-76f585f5df-w296c,1739568586,80506880
shippingservice,shippingservice-76f585f5df-w296c,1739568886,80252928
shippingservice,shippingservice-76f585f5df-w296c,1739569186,80961536
shippingservice,shippingservice-76f585f5df-w296c,1739569486,80887808
shippingservice,shippingservice-76f585f5df-w296c,1739569786,80875520
shippingservice,shippingservice-76f585f5df-w296c,1739570086,80982016
shippingservice,shippingservice-76f585f5df-w296c,1739570386,80957440
shippingservice,shippingservice-76f585f5df-w296c,1739570686,80666624
shippingservice,shippingservice-76f585f5df-w296c,1739570986,80293888
shippingservice,shippingservice-76f585f5df-w296c,1739571286,80805888
shippingservice,shippingservice-76f585f5df-w296c,1739571586,79814656
shippingservice,shippingservice-76f585f5df-w296c,1739571886,80244736
shippingservice,shippingservice-76f585f5df-w296c,1739572186,80334848
shippingservice,shippingservice-76f585f5df-w296c,1739572486,80203776
shippingservice,shippingservice-76f585f5df-w296c,1739572786,80596992
shippingservice,shippingservice-76f585f5df-w296c,1739573086,80343040
shippingservice,shippingservice-76f585f5df-w296c,1739573386,80515072
shippingservice,shippingservice-76f585f5df-w296c,1739573686,80482304
shippingservice,shippingservice-76f585f5df-w296c,1739573986,80171008
shippingservice,shippingservice-76f585f5df-w296c,1739574286,80654336
shippingservice,shippingservice-76f585f5df-w296c,1739574586,80887808
shippingservice,shippingservice-76f585f5df-w296c,1739574886,80334848
shippingservice,shippingservice-76f585f5df-w296c,1739575186,80232448
shippingservice,shippingservice-76f585f5df-w296c,1739575486,80551936
shippingservice,shippingservice-76f585f5df-w296c,1739575786,80441344
shippingservice,shippingservice-76f585f5df-w296c,1739576086,79970304
shippingservice,shippingservice-76f585f5df-w296c,1739576386,79966208
shippingservice,shippingservice-76f585f5df-w296c,1739576686,79998976
shippingservice,shippingservice-76f585f5df-w296c,1739576986,79925248
shippingservice,shippingservice-76f585f5df-w296c,1739577286,80420864
shippingservice,shippingservice-76f585f5df-w296c,1739577586,79978496
shippingservice,shippingservice-76f585f5df-w296c,1739577886,79974400
shippingservice,shippingservice-76f585f5df-w296c,1739578186,80261120
shippingservice,shippingservice-76f585f5df-w296c,1739578486,80158720
shippingservice,shippingservice-76f585f5df-w296c,1739578786,80478208
shippingservice,shippingservice-76f585f5df-w296c,1739579086,80457728
shippingservice,shippingservice-76f585f5df-w296c,1739579386,80502784
shippingservice,shippingservice-76f585f5df-w296c,1739579686,80404480
shippingservice,shippingservice-76f585f5df-w296c,1739579986,80609280
shippingservice,shippingservice-76f585f5df-w296c,1739580286,80760832
shippingservice,shippingservice-76f585f5df-w296c,1739580586,80543744
shippingservice,shippingservice-76f585f5df-w296c,1739580886,80584704
shippingservice,shippingservice-76f585f5df-w296c,1739581186,80064512
shippingservice,shippingservice-76f585f5df-w296c,1739581486,80363520
shippingservice,shippingservice-76f585f5df-w296c,1739581786,80076800
shippingservice,shippingservice-76f585f5df-w296c,1739582086,80093184
shippingservice,shippingservice-76f585f5df-w296c,1739582386,80044032
shippingservice,shippingservice-76f585f5df-w296c,1739582686,79835136
shippingservice,shippingservice-76f585f5df-w296c,1739582986,80703488
shippingservice,shippingservice-76f585f5df-w296c,1739583286,80191488
shippingservice,shippingservice-76f585f5df-w296c,1739583586,80379904
shippingservice,shippingservice-76f585f5df-w296c,1739583886,80359424
shippingservice,shippingservice-76f585f5df-w296c,1739584186,80457728
shippingservice,shippingservice-76f585f5df-w296c,1739584486,80510976
shippingservice,shippingservice-76f585f5df-w296c,1739584786,80130048
shippingservice,shippingservice-76f585f5df-w296c,1739585086,80494592
shippingservice,shippingservice-76f585f5df-w296c,1739585386,80355328
shippingservice,shippingservice-76f585f5df-w296c,1739585686,80527360
shippingservice,shippingservice-76f585f5df-w296c,1739585986,80363520
shippingservice,shippingservice-76f585f5df-w296c,1739586286,79908864
shippingservice,shippingservice-76f585f5df-w296c,1739586586,80510976
shippingservice,shippingservice-76f585f5df-w296c,1739586886,79454208
shippingservice,shippingservice-76f585f5df-w296c,1739587186,80523264
shippingservice,shippingservice-76f585f5df-w296c,1739587486,80084992
shippingservice,shippingservice-76f585f5df-w296c,1739587786,80220160
shippingservice,shippingservice-76f585f5df-w296c,1739588086,80175104
shippingservice,shippingservice-76f585f5df-w296c,1739588386,79966208
shippingservice,shippingservice-76f585f5df-w296c,1739588686,80576512
shippingservice,shippingservice-76f585f5df-w296c,1739588986,80625664
shippingservice,shippingservice-76f585f5df-w296c,1739589286,80457728
shippingservice,shippingservice-76f585f5df-w296c,1739589586,80867328
shippingservice,shippingservice-76f585f5df-w296c,1739589886,80621568
shippingservice,shippingservice-76f585f5df-w296c,1739590186,81281024
shippingservice,shippingservice-76f585f5df-w296c,1739590486,80797696
shippingservice,shippingservice-76f585f5df-w296c,1739590786,81035264
shippingservice,shippingservice-76f585f5df-w296c,1739591086,80957440
shippingservice,shippingservice-76f585f5df-w296c,1739591386,81051648
shippingservice,shippingservice-76f585f5df-w296c,1739591686,81080320
shippingservice,shippingservice-76f585f5df-w296c,1739591986,81104896
shippingservice,shippingservice-76f585f5df-w296c,1739592286,80629760
shippingservice,shippingservice-76f585f5df-w296c,1739592586,80965632
shippingservice,shippingservice-76f585f5df-w296c,1739592886,80359424
shippingservice,shippingservice-76f585f5df-w296c,1739593186,80240640
shippingservice,shippingservice-76f585f5df-w296c,1739593486,80056320
shippingservice,shippingservice-76f585f5df-w296c,1739593786,80494592
shippingservice,shippingservice-76f585f5df-w296c,1739594086,80900096
shippingservice,shippingservice-76f585f5df-w296c,1739594386,80855040
shippingservice,shippingservice-76f585f5df-w296c,1739594686,81055744
shippingservice,shippingservice-76f585f5df-w296c,1739594986,81080320
shippingservice,shippingservice-76f585f5df-w296c,1739595286,81149952
shippingservice,shippingservice-76f585f5df-w296c,1739595586,81027072
shippingservice,shippingservice-76f585f5df-w296c,1739595886,81219584
shippingservice,shippingservice-76f585f5df-w296c,1739596186,80920576
shippingservice,shippingservice-76f585f5df-w296c,1739596486,80494592
shippingservice,shippingservice-76f585f5df-w296c,1739596786,80789504
shippingservice,shippingservice-76f585f5df-w296c,1739597086,81498112
shippingservice,shippingservice-76f585f5df-w296c,1739597386,80670720
shippingservice,shippingservice-76f585f5df-w296c,1739597686,80637952
shippingservice,shippingservice-76f585f5df-w296c,1739597986,80715776
shippingservice,shippingservice-76f585f5df-w296c,1739598286,80211968
shippingservice,shippingservice-76f585f5df-w296c,1739598586,80379904
shippingservice,shippingservice-76f585f5df-w296c,1739598886,80666624
shippingservice,shippingservice-76f585f5df-w296c,1739599186,80510976
shippingservice,shippingservice-76f585f5df-w296c,1739599486,80814080
shippingservice,shippingservice-76f585f5df-w296c,1739599786,80601088
shippingservice,shippingservice-76f585f5df-w296c,1739600086,80392192
shippingservice,shippingservice-76f585f5df-w296c,1739600386,80748544
shippingservice,shippingservice-76f585f5df-w296c,1739600686,80621568
shippingservice,shippingservice-76f585f5df-w296c,1739600986,80429056
shippingservice,shippingservice-76f585f5df-w296c,1739601286,80670720
shippingservice,shippingservice-76f585f5df-w296c,1739601586,80785408
shippingservice,shippingservice-76f585f5df-w296c,1739601886,80842752
shippingservice,shippingservice-76f585f5df-w296c,1739602186,80760832
shippingservice,shippingservice-76f585f5df-w296c,1739602486,80728064
shippingservice,shippingservice-76f585f5df-w296c,1739602786,80568320
shippingservice,shippingservice-76f585f5df-w296c,1739603086,80625664
shippingservice,shippingservice-76f585f5df-w296c,1739603386,81014784
shippingservice,shippingservice-76f585f5df-w296c,1739603686,80039936
shippingservice,shippingservice-76f585f5df-w296c,1739603986,79794176
shippingservice,shippingservice-76f585f5df-w296c,1739604286,79912960
shippingservice,shippingservice-76f585f5df-w296c,1739604586,80396288
shippingservice,shippingservice-76f585f5df-w296c,1739604886,80293888
shippingservice,shippingservice-76f585f5df-w296c,1739605186,80191488
shippingservice,shippingservice-76f585f5df-w296c,1739605486,80896000
shippingservice,shippingservice-76f585f5df-w296c,1739605786,80961536
shippingservice,shippingservice-76f585f5df-w296c,1739606086,80982016
shippingservice,shippingservice-76f585f5df-w296c,1739606386,80994304
shippingservice,shippingservice-76f585f5df-w296c,1739606686,80322560
shippingservice,shippingservice-76f585f5df-w296c,1739606986,80453632
shippingservice,shippingservice-76f585f5df-w296c,1739607286,80830464
shippingservice,shippingservice-76f585f5df-w296c,1739607586,80900096
shippingservice,shippingservice-76f585f5df-w296c,1739607886,80928768
shippingservice,shippingservice-76f585f5df-w296c,1739608186,80752640
shippingservice,shippingservice-76f585f5df-w296c,1739608486,80121856
shippingservice,shippingservice-76f585f5df-w296c,1739608786,80330752
shippingservice,shippingservice-76f585f5df-w296c,1739609086,80306176
shippingservice,shippingservice-76f585f5df-w296c,1739609386,80183296
shippingservice,shippingservice-76f585f5df-w296c,1739609686,80089088
shippingservice,shippingservice-76f585f5df-w296c,1739609986,80736256
shippingservice,shippingservice-76f585f5df-w296c,1739610286,80101376
shippingservice,shippingservice-76f585f5df-w296c,1739610586,80424960
shippingservice,shippingservice-76f585f5df-w296c,1739610886,80809984
shippingservice,shippingservice-76f585f5df-w296c,1739611186,80723968
shippingservice,shippingservice-76f585f5df-w296c,1739611486,80781312
shippingservice,shippingservice-76f585f5df-w296c,1739611786,80740352
shippingservice,shippingservice-76f585f5df-w296c,1739612086,80343040
shippingservice,shippingservice-76f585f5df-w296c,1739612386,80347136
shippingservice,shippingservice-76f585f5df-w296c,1739612686,80670720
shippingservice,shippingservice-76f585f5df-w296c,1739612986,80707584
shippingservice,shippingservice-76f585f5df-w296c,1739613286,80924672
shippingservice,shippingservice-76f585f5df-w296c,1739613586,80982016
shippingservice,shippingservice-76f585f5df-w296c,1739613886,81170432
shippingservice,shippingservice-76f585f5df-w296c,1739614186,80715776
shippingservice,shippingservice-76f585f5df-w296c,1739614486,80039936
shippingservice,shippingservice-76f585f5df-w296c,1739614786,80826368
shippingservice,shippingservice-76f585f5df-w296c,1739615086,80404480
shippingservice,shippingservice-76f585f5df-w296c,1739615386,80269312
shippingservice,shippingservice-76f585f5df-w296c,1739615686,80351232
shippingservice,shippingservice-76f585f5df-w296c,1739615986,80355328
shippingservice,shippingservice-76f585f5df-w296c,1739616286,80588800
shippingservice,shippingservice-76f585f5df-w296c,1739616586,80531456
shippingservice,shippingservice-76f585f5df-w296c,1739616886,80539648
shippingservice,shippingservice-76f585f5df-w296c,1739617186,80388096
shippingservice,shippingservice-76f585f5df-w296c,1739617486,80658432
shippingservice,shippingservice-76f585f5df-w296c,1739617786,80875520
shippingservice,shippingservice-76f585f5df-w296c,1739618086,80760832
shippingservice,shippingservice-76f585f5df-w296c,1739618386,81035264
shippingservice,shippingservice-76f585f5df-w296c,1739618686,81076224
shippingservice,shippingservice-76f585f5df-w296c,1739618986,81014784
shippingservice,shippingservice-76f585f5df-w296c,1739619286,81154048
shippingservice,shippingservice-76f585f5df-w296c,1739619586,81539072
shippingservice,shippingservice-76f585f5df-w296c,1739619886,81022976
shippingservice,shippingservice-76f585f5df-w296c,1739620186,80269312
shippingservice,shippingservice-76f585f5df-w296c,1739620486,80269312
shippingservice,shippingservice-76f585f5df-w296c,1739620786,79536128
shippingservice,shippingservice-76f585f5df-w296c,1739621086,80011264
shippingservice,shippingservice-76f585f5df-w296c,1739621386,79798272
shippingservice,shippingservice-76f585f5df-w296c,1739621686,80384000
shippingservice,shippingservice-76f585f5df-w296c,1739621986,79851520
shippingservice,shippingservice-76f585f5df-w296c,1739622286,79765504
shippingservice,shippingservice-76f585f5df-w296c,1739622586,80142336
shippingservice,shippingservice-76f585f5df-w296c,1739622886,80031744
shippingservice,shippingservice-76f585f5df-w296c,1739623186,80105472
shippingservice,shippingservice-76f585f5df-w296c,1739623486,80142336
shippingservice,shippingservice-76f585f5df-w296c,1739623786,80138240
shippingservice,shippingservice-76f585f5df-w296c,1739624086,79958016
shippingservice,shippingservice-76f585f5df-w296c,1739624386,79732736
shippingservice,shippingservice-76f585f5df-w296c,1739624686,80543744
shippingservice,shippingservice-76f585f5df-w296c,1739624986,80343040
shippingservice,shippingservice-76f585f5df-w296c,1739625286,80023552
shippingservice,shippingservice-76f585f5df-w296c,1739625586,80199680
shippingservice,shippingservice-76f585f5df-w296c,1739625886,79970304
shippingservice,shippingservice-76f585f5df-w296c,1739626186,80850944
shippingservice,shippingservice-76f585f5df-w296c,1739626486,80187392
shippingservice,shippingservice-76f585f5df-w296c,1739626786,80510976
shippingservice,shippingservice-76f585f5df-w296c,1739627086,80535552
shippingservice,shippingservice-76f585f5df-w296c,1739627386,80584704
shippingservice,shippingservice-76f585f5df-w296c,1739627686,80646144
shippingservice,shippingservice-76f585f5df-w296c,1739627986,80465920
shippingservice,shippingservice-76f585f5df-w296c,1739628286,80474112
shippingservice,shippingservice-76f585f5df-w296c,1739628586,81043456
shippingservice,shippingservice-76f585f5df-w296c,1739628886,80670720
shippingservice,shippingservice-76f585f5df-w296c,1739629186,80777216
shippingservice,shippingservice-76f585f5df-w296c,1739629486,80617472
shippingservice,shippingservice-76f585f5df-w296c,1739629786,80531456
shippingservice,shippingservice-76f585f5df-w296c,1739630086,80793600
shippingservice,shippingservice-76f585f5df-w296c,1739630386,80556032
shippingservice,shippingservice-76f585f5df-w296c,1739630686,80392192
shippingservice,shippingservice-76f585f5df-w296c,1739630986,80367616
shippingservice,shippingservice-76f585f5df-w296c,1739631286,80519168
shippingservice,shippingservice-76f585f5df-w296c,1739631586,79536128
shippingservice,shippingservice-76f585f5df-w296c,1739631886,79650816
shippingservice,shippingservice-76f585f5df-w296c,1739632186,79667200
shippingservice,shippingservice-76f585f5df-w296c,1739632486,80076800
shippingservice,shippingservice-76f585f5df-w296c,1739632786,79978496
shippingservice,shippingservice-76f585f5df-w296c,1739633086,79585280
shippingservice,shippingservice-76f585f5df-w296c,1739633386,80015360
shippingservice,shippingservice-76f585f5df-w296c,1739633686,80130048
shippingservice,shippingservice-76f585f5df-w296c,1739633986,80449536
shippingservice,shippingservice-76f585f5df-w296c,1739634286,80457728
shippingservice,shippingservice-76f585f5df-w296c,1739634586,80482304
shippingservice,shippingservice-76f585f5df-w296c,1739634886,80486400
shippingservice,shippingservice-76f585f5df-w296c,1739635186,80338944
shippingservice,shippingservice-76f585f5df-w296c,1739635486,80510976
shippingservice,shippingservice-76f585f5df-w296c,1739635786,80953344
shippingservice,shippingservice-76f585f5df-w296c,1739636086,80035840
shippingservice,shippingservice-76f585f5df-w296c,1739636386,81530880
shippingservice,shippingservice-76f585f5df-w296c,1739636686,80744448
shippingservice,shippingservice-76f585f5df-w296c,1739636986,80322560
shippingservice,shippingservice-76f585f5df-w296c,1739637286,81027072
shippingservice,shippingservice-76f585f5df-w296c,1739637586,81670144
shippingservice,shippingservice-76f585f5df-w296c,1739637886,81637376
shippingservice,shippingservice-76f585f5df-w296c,1739638186,80953344
shippingservice,shippingservice-76f585f5df-w296c,1739638486,80183296
shippingservice,shippingservice-76f585f5df-w296c,1739638786,80408576
shippingservice,shippingservice-76f585f5df-w296c,1739639086,80150528
shippingservice,shippingservice-76f585f5df-w296c,1739639386,80089088
shippingservice,shippingservice-76f585f5df-w296c,1739639686,79990784
shippingservice,shippingservice-76f585f5df-w296c,1739639986,80453632
shippingservice,shippingservice-76f585f5df-w296c,1739640286,80211968
shippingservice,shippingservice-76f585f5df-w296c,1739640586,80269312
shippingservice,shippingservice-76f585f5df-w296c,1739640886,80629760
shippingservice,shippingservice-76f585f5df-w296c,1739641186,80666624
shippingservice,shippingservice-76f585f5df-w296c,1739641486,81072128
shippingservice,shippingservice-76f585f5df-w296c,1739641786,80752640
shippingservice,shippingservice-76f585f5df-w296c,1739642086,80711680
shippingservice,shippingservice-76f585f5df-w296c,1739642386,80891904
shippingservice,shippingservice-76f585f5df-w296c,1739642686,80588800
shippingservice,shippingservice-76f585f5df-w296c,1739642986,81342464
shippingservice,shippingservice-76f585f5df-w296c,1739643286,81448960
shippingservice,shippingservice-76f585f5df-w296c,1739643586,81473536
shippingservice,shippingservice-76f585f5df-w296c,1739643886,81317888
shippingservice,shippingservice-76f585f5df-w296c,1739644186,81444864
shippingservice,shippingservice-76f585f5df-w296c,1739644486,82018304
shippingservice,shippingservice-76f585f5df-w296c,1739644786,80429056
shippingservice,shippingservice-76f585f5df-w296c,1739645086,81145856
shippingservice,shippingservice-76f585f5df-w296c,1739645386,79863808
shippingservice,shippingservice-76f585f5df-w296c,1739645686,79806464
shippingservice,shippingservice-76f585f5df-w296c,1739645986,80048128
shippingservice,shippingservice-76f585f5df-w296c,1739646286,80273408
shippingservice,shippingservice-76f585f5df-w296c,1739646586,80769024
shippingservice,shippingservice-76f585f5df-w296c,1739646886,80793600
shippingservice,shippingservice-76f585f5df-w296c,1739647186,80543744
shippingservice,shippingservice-76f585f5df-w296c,1739647486,80846848
shippingservice,shippingservice-76f585f5df-w296c,1739647786,81104896
shippingservice,shippingservice-76f585f5df-w296c,1739648086,80433152
shippingservice,shippingservice-76f585f5df-w296c,1739648386,81121280
shippingservice,shippingservice-76f585f5df-w296c,1739648686,81235968
shippingservice,shippingservice-76f585f5df-w296c,1739648986,81346560
shippingservice,shippingservice-76f585f5df-w296c,1739649286,81104896
shippingservice,shippingservice-76f585f5df-w296c,1739649586,70311936
shippingservice,shippingservice-76f585f5df-w296c,1739649886,70352896
shippingservice,shippingservice-76f585f5df-w296c,1739650186,72220672
shippingservice,shippingservice-76f585f5df-w296c,1739650486,72253440
shippingservice,shippingservice-76f585f5df-w296c,1739650786,71467008
shippingservice,shippingservice-76f585f5df-w296c,1739651086,71421952
shippingservice,shippingservice-76f585f5df-w296c,1739651386,71577600
shippingservice,shippingservice-76f585f5df-w296c,1739651686,72134656
shippingservice,shippingservice-76f585f5df-w296c,1739651986,72261632
shippingservice,shippingservice-76f585f5df-w296c,1739652286,72273920
shippingservice,shippingservice-76f585f5df-w296c,1739652586,72105984
shippingservice,shippingservice-76f585f5df-w296c,1739652886,72327168
shippingservice,shippingservice-76f585f5df-w296c,1739653186,72290304
shippingservice,shippingservice-76f585f5df-w296c,1739653486,74399744
shippingservice,shippingservice-76f585f5df-w296c,1739653786,75071488
shippingservice,shippingservice-76f585f5df-w296c,1739654086,74919936
shippingservice,shippingservice-76f585f5df-w296c,1739654386,75280384
shippingservice,shippingservice-76f585f5df-w296c,1739654686,75550720
shippingservice,shippingservice-76f585f5df-w296c,1739654986,75411456
shippingservice,shippingservice-76f585f5df-w296c,1739655286,75345920
shippingservice,shippingservice-76f585f5df-w296c,1739655586,75579392
shippingservice,shippingservice-76f585f5df-w296c,1739655886,75255808
shippingservice,shippingservice-76f585f5df-w296c,1739656186,75554816
shippingservice,shippingservice-76f585f5df-w296c,1739656486,75489280
shippingservice,shippingservice-76f585f5df-w296c,1739656786,75976704
shippingservice,shippingservice-76f585f5df-w296c,1739657086,76529664
shippingservice,shippingservice-76f585f5df-w296c,1739657386,75231232
shippingservice,shippingservice-76f585f5df-w296c,1739657686,75022336
shippingservice,shippingservice-76f585f5df-w296c,1739657986,75018240
shippingservice,shippingservice-76f585f5df-w296c,1739658286,77377536
shippingservice,shippingservice-76f585f5df-w296c,1739658586,77783040
shippingservice,shippingservice-76f585f5df-w296c,1739658886,77778944
shippingservice,shippingservice-76f585f5df-w296c,1739659186,78295040
shippingservice,shippingservice-76f585f5df-w296c,1739659486,77905920
shippingservice,shippingservice-76f585f5df-w296c,1739659786,76750848
shippingservice,shippingservice-76f585f5df-w296c,1739660086,76718080
shippingservice,shippingservice-76f585f5df-w296c,1739660386,76836864
shippingservice,shippingservice-76f585f5df-w296c,1739660686,77316096
shippingservice,shippingservice-76f585f5df-w296c,1739660986,77107200
shippingservice,shippingservice-76f585f5df-w296c,1739661286,77197312
shippingservice,shippingservice-76f585f5df-w296c,1739661586,77766656
shippingservice,shippingservice-76f585f5df-w296c,1739661886,77639680
shippingservice,shippingservice-76f585f5df-w296c,1739662186,77520896
shippingservice,shippingservice-76f585f5df-w296c,1739662486,78368768
shippingservice,shippingservice-76f585f5df-w296c,1739662786,77795328
shippingservice,shippingservice-76f585f5df-w296c,1739663086,78053376
shippingservice,shippingservice-76f585f5df-w296c,1739663386,77930496
shippingservice,shippingservice-76f585f5df-w296c,1739663686,77545472
shippingservice,shippingservice-76f585f5df-w296c,1739663986,77623296
shippingservice,shippingservice-76f585f5df-w296c,1739664286,78241792
shippingservice,shippingservice-76f585f5df-w296c,1739664586,77971456
shippingservice,shippingservice-76f585f5df-w296c,1739664886,77676544
shippingservice,shippingservice-76f585f5df-w296c,1739665186,77893632
shippingservice,shippingservice-76f585f5df-w296c,1739665486,78434304
shippingservice,shippingservice-76f585f5df-w296c,1739665786,77955072
shippingservice,shippingservice-76f585f5df-w296c,1739666086,78282752
shippingservice,shippingservice-76f585f5df-w296c,1739666386,78065664
shippingservice,shippingservice-76f585f5df-w296c,1739666686,78258176
shippingservice,shippingservice-76f585f5df-w296c,1739666986,78053376
shippingservice,shippingservice-76f585f5df-w296c,1739667286,80113664
shippingservice,shippingservice-76f585f5df-w296c,1739667586,80330752
shippingservice,shippingservice-76f585f5df-w296c,1739667886,80347136
shippingservice,shippingservice-76f585f5df-w296c,1739668186,80723968
shippingservice,shippingservice-76f585f5df-w296c,1739668486,80420864
shippingservice,shippingservice-76f585f5df-w296c,1739668786,81051648
shippingservice,shippingservice-76f585f5df-w296c,1739669086,80523264
shippingservice,shippingservice-76f585f5df-w296c,1739669386,80834560
shippingservice,shippingservice-76f585f5df-w296c,1739669686,80416768
shippingservice,shippingservice-76f585f5df-w296c,1739669986,80580608
shippingservice,shippingservice-76f585f5df-w296c,1739670286,79863808
shippingservice,shippingservice-76f585f5df-w296c,1739670586,80039936
shippingservice,shippingservice-76f585f5df-w296c,1739670886,80134144
shippingservice,shippingservice-76f585f5df-w296c,1739671186,80015360
shippingservice,shippingservice-76f585f5df-w296c,1739671486,80646144
shippingservice,shippingservice-76f585f5df-w296c,1739671786,80179200
shippingservice,shippingservice-76f585f5df-w296c,1739672086,80306176
shippingservice,shippingservice-76f585f5df-w296c,1739672386,80207872
shippingservice,shippingservice-76f585f5df-w296c,1739672686,80138240
shippingservice,shippingservice-76f585f5df-w296c,1739672986,79241216
shippingservice,shippingservice-76f585f5df-w296c,1739673286,80420864
shippingservice,shippingservice-76f585f5df-w296c,1739673586,80150528
shippingservice,shippingservice-76f585f5df-w296c,1739673886,80441344
shippingservice,shippingservice-76f585f5df-w296c,1739674186,79978496
shippingservice,shippingservice-76f585f5df-w296c,1739674486,79847424
shippingservice,shippingservice-76f585f5df-w296c,1739674786,80322560
shippingservice,shippingservice-76f585f5df-w296c,1739675086,80461824
shippingservice,shippingservice-76f585f5df-w296c,1739675386,80322560
shippingservice,shippingservice-76f585f5df-w296c,1739675686,80273408
shippingservice,shippingservice-76f585f5df-w296c,1739675986,80048128
shippingservice,shippingservice-76f585f5df-w296c,1739676286,80396288
shippingservice,shippingservice-76f585f5df-w296c,1739676586,80429056
shippingservice,shippingservice-76f585f5df-w296c,1739676886,80904192
shippingservice,shippingservice-76f585f5df-w296c,1739677186,80338944
shippingservice,shippingservice-76f585f5df-w296c,1739677486,80347136
shippingservice,shippingservice-76f585f5df-w296c,1739677786,80494592
shippingservice,shippingservice-76f585f5df-w296c,1739678086,80322560
shippingservice,shippingservice-76f585f5df-w296c,1739678386,80412672
shippingservice,shippingservice-76f585f5df-w296c,1739678686,80297984
shippingservice,shippingservice-76f585f5df-w296c,1739678986,80351232
shippingservice,shippingservice-76f585f5df-w296c,1739679286,80576512
shippingservice,shippingservice-76f585f5df-w296c,1739679586,80392192
shippingservice,shippingservice-76f585f5df-w296c,1739679886,80392192
shippingservice,shippingservice-76f585f5df-w296c,1739680186,80445440
shippingservice,shippingservice-76f585f5df-w296c,1739680486,79134720
shippingservice,shippingservice-76f585f5df-w296c,1739680786,79507456
shippingservice,shippingservice-76f585f5df-w296c,1739681086,79532032
shippingservice,shippingservice-76f585f5df-w296c,1739681386,79187968
shippingservice,shippingservice-76f585f5df-w296c,1739681686,79646720
shippingservice,shippingservice-76f585f5df-w296c,1739681986,79581184
shippingservice,shippingservice-76f585f5df-w296c,1739682286,79790080
shippingservice,shippingservice-76f585f5df-w296c,1739682586,80056320
shippingservice,shippingservice-76f585f5df-w296c,1739682886,79892480
shippingservice,shippingservice-76f585f5df-w296c,1739683186,80142336
shippingservice,shippingservice-76f585f5df-w296c,1739683486,79912960
shippingservice,shippingservice-76f585f5df-w296c,1739683786,80130048
shippingservice,shippingservice-76f585f5df-w296c,1739684086,80056320
shippingservice,shippingservice-76f585f5df-w296c,1739684386,79855616
shippingservice,shippingservice-76f585f5df-w296c,1739684686,79986688
shippingservice,shippingservice-76f585f5df-w296c,1739684986,80011264
shippingservice,shippingservice-76f585f5df-w296c,1739685286,79917056
shippingservice,shippingservice-76f585f5df-w296c,1739685586,80117760
shippingservice,shippingservice-76f585f5df-w296c,1739685886,80035840
shippingservice,shippingservice-76f585f5df-w296c,1739686186,79654912
shippingservice,shippingservice-76f585f5df-w296c,1739686486,80121856
shippingservice,shippingservice-76f585f5df-w296c,1739686786,80171008
shippingservice,shippingservice-76f585f5df-w296c,1739687086,80637952
shippingservice,shippingservice-76f585f5df-w296c,1739687386,80064512
shippingservice,shippingservice-76f585f5df-w296c,1739687686,80302080
shippingservice,shippingservice-76f585f5df-w296c,1739687986,80224256
shippingservice,shippingservice-76f585f5df-w296c,1739688286,80060416
shippingservice,shippingservice-76f585f5df-w296c,1739688586,80347136
shippingservice,shippingservice-76f585f5df-w296c,1739688886,80166912
shippingservice,shippingservice-76f585f5df-w296c,1739689186,80527360
shippingservice,shippingservice-76f585f5df-w296c,1739689486,81162240
shippingservice,shippingservice-76f585f5df-w296c,1739689786,80756736
shippingservice,shippingservice-76f585f5df-w296c,1739690086,80818176
shippingservice,shippingservice-76f585f5df-w296c,1739690386,80539648
shippingservice,shippingservice-76f585f5df-w296c,1739690686,80683008
shippingservice,shippingservice-76f585f5df-w296c,1739690986,81022976
shippingservice,shippingservice-76f585f5df-w296c,1739691286,81117184
shippingservice,shippingservice-76f585f5df-w296c,1739691586,79974400
shippingservice,shippingservice-76f585f5df-w296c,1739691886,80437248
shippingservice,shippingservice-76f585f5df-w296c,1739692186,80388096
shippingservice,shippingservice-76f585f5df-w296c,1739692486,80138240
shippingservice,shippingservice-76f585f5df-w296c,1739692786,80465920
shippingservice,shippingservice-76f585f5df-w296c,1739693086,80269312
shippingservice,shippingservice-76f585f5df-w296c,1739693386,80220160
shippingservice,shippingservice-76f585f5df-w296c,1739693686,80338944
shippingservice,shippingservice-76f585f5df-w296c,1739693986,80412672
shippingservice,shippingservice-76f585f5df-w296c,1739694286,79396864
shippingservice,shippingservice-76f585f5df-w296c,1739694586,79810560
shippingservice,shippingservice-76f585f5df-w296c,1739694886,80228352
shippingservice,shippingservice-76f585f5df-w296c,1739695186,77086720
shippingservice,shippingservice-76f585f5df-w296c,1739695486,77529088
shippingservice,shippingservice-76f585f5df-w296c,1739695786,77262848
shippingservice,shippingservice-76f585f5df-w296c,1739696086,76808192
shippingservice,shippingservice-76f585f5df-w296c,1739696386,77176832
shippingservice,shippingservice-76f585f5df-w296c,1739696686,77004800
shippingservice,shippingservice-76f585f5df-w296c,1739696986,77369344
shippingservice,shippingservice-76f585f5df-w296c,1739697286,77127680
shippingservice,shippingservice-76f585f5df-w296c,1739697586,77258752
shippingservice,shippingservice-76f585f5df-w296c,1739697886,76984320
shippingservice,shippingservice-76f585f5df-w296c,1739698186,76951552
shippingservice,shippingservice-76f585f5df-w296c,1739698486,77553664
shippingservice,shippingservice-76f585f5df-w296c,1739698786,77262848
shippingservice,shippingservice-76f585f5df-w296c,1739699086,77508608
shippingservice,shippingservice-76f585f5df-w296c,1739699386,77455360
shippingservice,shippingservice-76f585f5df-w296c,1739699686,79114240
shippingservice,shippingservice-76f585f5df-w296c,1739699986,79499264
shippingservice,shippingservice-76f585f5df-w296c,1739700286,79716352
shippingservice,shippingservice-76f585f5df-w296c,1739700586,79687680
shippingservice,shippingservice-76f585f5df-w296c,1739700886,80003072
shippingservice,shippingservice-76f585f5df-w296c,1739701186,80171008
shippingservice,shippingservice-76f585f5df-w296c,1739701486,80216064
shippingservice,shippingservice-76f585f5df-w296c,1739701786,80302080
shippingservice,shippingservice-76f585f5df-w296c,1739702086,79712256
shippingservice,shippingservice-76f585f5df-w296c,1739702386,80568320
shippingservice,shippingservice-76f585f5df-w296c,1739702686,80896000
shippingservice,shippingservice-76f585f5df-w296c,1739702986,80375808
shippingservice,shippingservice-76f585f5df-w296c,1739703286,79683584
shippingservice,shippingservice-76f585f5df-w296c,1739703586,80015360
shippingservice,shippingservice-76f585f5df-w296c,1739703886,80330752
shippingservice,shippingservice-76f585f5df-w296c,1739704186,80986112
shippingservice,shippingservice-76f585f5df-w296c,1739704486,80445440
shippingservice,shippingservice-76f585f5df-w296c,1739704786,80482304
shippingservice,shippingservice-76f585f5df-w296c,1739705086,80171008
shippingservice,shippingservice-76f585f5df-w296c,1739705386,80846848
shippingservice,shippingservice-76f585f5df-w296c,1739705686,80969728
shippingservice,shippingservice-76f585f5df-w296c,1739705986,81137664
shippingservice,shippingservice-76f585f5df-w296c,1739706286,81227776
shippingservice,shippingservice-76f585f5df-w296c,1739706586,80990208
shippingservice,shippingservice-76f585f5df-w296c,1739706886,81498112
shippingservice,shippingservice-76f585f5df-w296c,1739707186,81014784
shippingservice,shippingservice-76f585f5df-w296c,1739707486,81330176
shippingservice,shippingservice-76f585f5df-w296c,1739707786,81240064
shippingservice,shippingservice-76f585f5df-w296c,1739708086,80261120
shippingservice,shippingservice-76f585f5df-w296c,1739708386,80932864
shippingservice,shippingservice-76f585f5df-w296c,1739708686,83738624
shippingservice,shippingservice-76f585f5df-w296c,1739708986,84291584
shippingservice,shippingservice-76f585f5df-w296c,1739709286,82518016
shippingservice,shippingservice-76f585f5df-w296c,1739709586,82857984
shippingservice,shippingservice-76f585f5df-w296c,1739709886,83615744
shippingservice,shippingservice-76f585f5df-w296c,1739710186,86364160
shippingservice,shippingservice-76f585f5df-w296c,1739710486,86372352
shippingservice,shippingservice-76f585f5df-w296c,1739710786,86388736
shippingservice,shippingservice-76f585f5df-w296c,1739711086,86933504
shippingservice,shippingservice-76f585f5df-w296c,1739711386,86896640
shippingservice,shippingservice-76f585f5df-w296c,1739711686,87101440
shippingservice,shippingservice-76f585f5df-w296c,1739711986,87289856
shippingservice,shippingservice-76f585f5df-w296c,1739712286,87515136
shippingservice,shippingservice-76f585f5df-w296c,1739712586,87552000
shippingservice,shippingservice-76f585f5df-w296c,1739712886,87719936
shippingservice,shippingservice-76f585f5df-w296c,1739713186,87814144
shippingservice,shippingservice-76f585f5df-w296c,1739713486,88363008
shippingservice,shippingservice-76f585f5df-w296c,1739713786,88707072
shippingservice,shippingservice-76f585f5df-w296c,1739714086,87863296
shippingservice,shippingservice-76f585f5df-w296c,1739714386,88059904
shippingservice,shippingservice-76f585f5df-w296c,1739714686,88072192
shippingservice,shippingservice-76f585f5df-w296c,1739714986,87777280
shippingservice,shippingservice-76f585f5df-w296c,1739715286,86999040
shippingservice,shippingservice-76f585f5df-w296c,1739715586,89505792
shippingservice,shippingservice-76f585f5df-w296c,1739715886,89579520
shippingservice,shippingservice-76f585f5df-w296c,1739716186,89985024
shippingservice,shippingservice-76f585f5df-w296c,1739716486,90509312
shippingservice,shippingservice-76f585f5df-w296c,1739716786,91049984
shippingservice,shippingservice-76f585f5df-w296c,1739717086,90677248
shippingservice,shippingservice-76f585f5df-w296c,1739717386,90546176
shippingservice,shippingservice-76f585f5df-w296c,1739717686,90382336
shippingservice,shippingservice-76f585f5df-w296c,1739717986,90300416
shippingservice,shippingservice-76f585f5df-w296c,1739718286,90677248
shippingservice,shippingservice-76f585f5df-w296c,1739718586,90378240
shippingservice,shippingservice-76f585f5df-w296c,1739718886,90128384
shippingservice,shippingservice-76f585f5df-w296c,1739719186,90066944
shippingservice,shippingservice-76f585f5df-w296c,1739719486,90214400
shippingservice,shippingservice-76f585f5df-w296c,1739719786,90259456
shippingservice,shippingservice-76f585f5df-w296c,1739720086,90062848
shippingservice,shippingservice-76f585f5df-w296c,1739720386,90431488
shippingservice,shippingservice-76f585f5df-w296c,1739720686,89939968
shippingservice,shippingservice-76f585f5df-w296c,1739720986,90206208
shippingservice,shippingservice-76f585f5df-w296c,1739721286,89251840
shippingservice,shippingservice-76f585f5df-w296c,1739721586,90320896
shippingservice,shippingservice-76f585f5df-w296c,1739721886,90165248
shippingservice,shippingservice-76f585f5df-w296c,1739722186,90058752
shippingservice,shippingservice-76f585f5df-w296c,1739722486,90083328
shippingservice,shippingservice-76f585f5df-w296c,1739722786,90365952
shippingservice,shippingservice-76f585f5df-w296c,1739723086,90161152
shippingservice,shippingservice-76f585f5df-w296c,1739723386,90259456
shippingservice,shippingservice-76f585f5df-w296c,1739723686,90611712
shippingservice,shippingservice-76f585f5df-w296c,1739723986,90570752
shippingservice,shippingservice-76f585f5df-w296c,1739724286,90943488
shippingservice,shippingservice-76f585f5df-w296c,1739724586,90750976
shippingservice,shippingservice-76f585f5df-w296c,1739724886,90431488
shippingservice,shippingservice-76f585f5df-w296c,1739725186,90951680
shippingservice,shippingservice-76f585f5df-w296c,1739725486,90542080
shippingservice,shippingservice-76f585f5df-w296c,1739725786,90501120
shippingservice,shippingservice-76f585f5df-w296c,1739726086,90710016
shippingservice,shippingservice-76f585f5df-w296c,1739726386,90853376
shippingservice,shippingservice-76f585f5df-w296c,1739726686,91115520
shippingservice,shippingservice-76f585f5df-w296c,1739726986,89980928
shippingservice,shippingservice-76f585f5df-w296c,1739727286,90968064
shippingservice,shippingservice-76f585f5df-w296c,1739727586,91025408
shippingservice,shippingservice-76f585f5df-w296c,1739727886,90951680
shippingservice,shippingservice-76f585f5df-w296c,1739728186,91430912
shippingservice,shippingservice-76f585f5df-w296c,1739728486,91017216
shippingservice,shippingservice-76f585f5df-w296c,1739728786,90873856
shippingservice,shippingservice-76f585f5df-w296c,1739729086,91574272
shippingservice,shippingservice-76f585f5df-w296c,1739729386,91430912
shippingservice,shippingservice-76f585f5df-w296c,1739729686,91439104
shippingservice,shippingservice-76f585f5df-w296c,1739729986,91684864
shippingservice,shippingservice-76f585f5df-w296c,1739730286,91574272
shippingservice,shippingservice-76f585f5df-w296c,1739730586,91746304
shippingservice,shippingservice-76f585f5df-w296c,1739730886,91328512
shippingservice,shippingservice-76f585f5df-w296c,1739731186,93564928
shippingservice,shippingservice-76f585f5df-w296c,1739731486,93503488
shippingservice,shippingservice-76f585f5df-w296c,1739731786,93675520
shippingservice,shippingservice-76f585f5df-w296c,1739732086,93876224
shippingservice,shippingservice-76f585f5df-w296c,1739732386,92725248
shippingservice,shippingservice-76f585f5df-w296c,1739732686,92876800
shippingservice,shippingservice-76f585f5df-w296c,1739732986,92655616
shippingservice,shippingservice-76f585f5df-w296c,1739733286,92393472
shippingservice,shippingservice-76f585f5df-w296c,1739733586,93020160
shippingservice,shippingservice-76f585f5df-w296c,1739733886,92504064
shippingservice,shippingservice-76f585f5df-w296c,1739734186,92958720
shippingservice,shippingservice-76f585f5df-w296c,1739734486,93224960
shippingservice,shippingservice-76f585f5df-w296c,1739734786,92524544
shippingservice,shippingservice-76f585f5df-w296c,1739735086,92536832
shippingservice,shippingservice-76f585f5df-w296c,1739735386,92794880
shippingservice,shippingservice-76f585f5df-w296c,1739735686,92565504
shippingservice,shippingservice-76f585f5df-w296c,1739735986,92979200
shippingservice,shippingservice-76f585f5df-w296c,1739736286,92200960
shippingservice,shippingservice-76f585f5df-w296c,1739736586,92631040
shippingservice,shippingservice-76f585f5df-w296c,1739736886,92213248
shippingservice,shippingservice-76f585f5df-w296c,1739737186,92614656
shippingservice,shippingservice-76f585f5df-w296c,1739737486,92262400
shippingservice,shippingservice-76f585f5df-w296c,1739737786,92233728
shippingservice,shippingservice-76f585f5df-w296c,1739738086,92401664
shippingservice,shippingservice-76f585f5df-w296c,1739738386,92098560
shippingservice,shippingservice-76f585f5df-w296c,1739738686,93052928
shippingservice,shippingservice-76f585f5df-w296c,1739738986,92270592
shippingservice,shippingservice-76f585f5df-w296c,1739739286,92491776
shippingservice,shippingservice-76f585f5df-w296c,1739739586,91926528
shippingservice,shippingservice-76f585f5df-w296c,1739739886,92303360
shippingservice,shippingservice-76f585f5df-w296c,1739740186,92413952
shippingservice,shippingservice-76f585f5df-w296c,1739740486,92200960
shippingservice,shippingservice-76f585f5df-w296c,1739740786,92618752
shippingservice,shippingservice-76f585f5df-w296c,1739741086,92250112
shippingservice,shippingservice-76f585f5df-w296c,1739741386,91062272
shippingservice,shippingservice-76f585f5df-w296c,1739741686,91123712
shippingservice,shippingservice-76f585f5df-w296c,1739741986,91131904
shippingservice,shippingservice-76f585f5df-w296c,1739742286,91185152
shippingservice,shippingservice-76f585f5df-w296c,1739742586,91271168
shippingservice,shippingservice-76f585f5df-w296c,1739742886,91475968
shippingservice,shippingservice-76f585f5df-w296c,1739743186,91389952
shippingservice,shippingservice-76f585f5df-w296c,1739743486,91283456
shippingservice,shippingservice-76f585f5df-w296c,1739743786,91242496
shippingservice,shippingservice-76f585f5df-w296c,1739744086,91463680
shippingservice,shippingservice-76f585f5df-w296c,1739744386,91643904
shippingservice,shippingservice-76f585f5df-w296c,1739744686,91500544
shippingservice,shippingservice-76f585f5df-w296c,1739744986,91648000
shippingservice,shippingservice-76f585f5df-w296c,1739745286,91246592
shippingservice,shippingservice-76f585f5df-w296c,1739745586,91299840
shippingservice,shippingservice-76f585f5df-w296c,1739745886,91402240
shippingservice,shippingservice-76f585f5df-w296c,1739746186,91389952
shippingservice,shippingservice-76f585f5df-w296c,1739746486,91451392
shippingservice,shippingservice-76f585f5df-w296c,1739746786,91598848
shippingservice,shippingservice-76f585f5df-w296c,1739747086,91627520
shippingservice,shippingservice-76f585f5df-w296c,1739747386,92291072
shippingservice,shippingservice-76f585f5df-w296c,1739747686,89624576
shippingservice,shippingservice-76f585f5df-w296c,1739747986,90288128
shippingservice,shippingservice-76f585f5df-w296c,1739748286,89169920
shippingservice,shippingservice-76f585f5df-w296c,1739748586,89456640
shippingservice,shippingservice-76f585f5df-w296c,1739748886,89288704
shippingservice,shippingservice-76f585f5df-w296c,1739749186,89214976
shippingservice,shippingservice-76f585f5df-w296c,1739749486,89128960
shippingservice,shippingservice-76f585f5df-w296c,1739749786,89976832
shippingservice,shippingservice-76f585f5df-w296c,1739750086,90210304
shippingservice,shippingservice-76f585f5df-w296c,1739750386,90263552
shippingservice,shippingservice-76f585f5df-w296c,1739750686,90537984
shippingservice,shippingservice-76f585f5df-w296c,1739750986,90185728
shippingservice,shippingservice-76f585f5df-w296c,1739751286,90038272
shippingservice,shippingservice-76f585f5df-w296c,1739751586,89677824
shippingservice,shippingservice-76f585f5df-w296c,1739751886,90308608
shippingservice,shippingservice-76f585f5df-w296c,1739752186,90419200
shippingservice,shippingservice-76f585f5df-w296c,1739752486,90370048
shippingservice,shippingservice-76f585f5df-w296c,1739752786,90193920
shippingservice,shippingservice-76f585f5df-w296c,1739753086,90439680
shippingservice,shippingservice-76f585f5df-w296c,1739753386,90288128
shippingservice,shippingservice-76f585f5df-w296c,1739753686,90189824
shippingservice,shippingservice-76f585f5df-w296c,1739753986,90083328
shippingservice,shippingservice-76f585f5df-w296c,1739754286,89858048
shippingservice,shippingservice-76f585f5df-w296c,1739754586,90161152
shippingservice,shippingservice-76f585f5df-w296c,1739754886,90435584
shippingservice,shippingservice-76f585f5df-w296c,1739755186,90456064
shippingservice,shippingservice-76f585f5df-w296c,1739755486,90279936
shippingservice,shippingservice-76f585f5df-w296c,1739755786,90775552
shippingservice,shippingservice-76f585f5df-w296c,1739756086,90791936
shippingservice,shippingservice-76f585f5df-w296c,1739756386,89505792
shippingservice,shippingservice-76f585f5df-w296c,1739756686,90247168
shippingservice,shippingservice-76f585f5df-w296c,1739756986,90284032
shippingservice,shippingservice-76f585f5df-w296c,1739757286,90308608
shippingservice,shippingservice-76f585f5df-w296c,1739757586,90312704
shippingservice,shippingservice-76f585f5df-w296c,1739757886,90284032
shippingservice,shippingservice-76f585f5df-w296c,1739758186,90222592
shippingservice,shippingservice-76f585f5df-w296c,1739758486,90243072
shippingservice,shippingservice-76f585f5df-w296c,1739758786,90259456
shippingservice,shippingservice-76f585f5df-w296c,1739759086,90267648
shippingservice,shippingservice-76f585f5df-w296c,1739759386,90365952
shippingservice,shippingservice-76f585f5df-w296c,1739759686,90775552
shippingservice,shippingservice-76f585f5df-w296c,1739759986,89903104
shippingservice,shippingservice-76f585f5df-w296c,1739760286,90714112
shippingservice,shippingservice-76f585f5df-w296c,1739760586,90865664
shippingservice,shippingservice-76f585f5df-w296c,1739760886,90312704
shippingservice,shippingservice-76f585f5df-w296c,1739761186,90198016
shippingservice,shippingservice-76f585f5df-w296c,1739761486,90230784
shippingservice,shippingservice-76f585f5df-w296c,1739761786,90112000
shippingservice,shippingservice-76f585f5df-w296c,1739762086,90562560
shippingservice,shippingservice-76f585f5df-w296c,1739762386,90619904
shippingservice,shippingservice-76f585f5df-w296c,1739762686,90628096
shippingservice,shippingservice-76f585f5df-w296c,1739762986,90730496
shippingservice,shippingservice-76f585f5df-w296c,1739763286,90595328
shippingservice,shippingservice-76f585f5df-w296c,1739763586,90349568
shippingservice,shippingservice-76f585f5df-w296c,1739763886,91074560
shippingservice,shippingservice-76f585f5df-w296c,1739764186,91021312
shippingservice,shippingservice-76f585f5df-w296c,1739764486,89952256
shippingservice,shippingservice-76f585f5df-w296c,1739764786,90624000
shippingservice,shippingservice-76f585f5df-w296c,1739765086,91107328
shippingservice,shippingservice-76f585f5df-w296c,1739765386,90583040
shippingservice,shippingservice-76f585f5df-w296c,1739765686,90652672
shippingservice,shippingservice-76f585f5df-w296c,1739765986,90664960
shippingservice,shippingservice-76f585f5df-w296c,1739766286,91226112
shippingservice,shippingservice-76f585f5df-w296c,1739766586,91201536
shippingservice,shippingservice-76f585f5df-w296c,1739766886,91365376
shippingservice,shippingservice-76f585f5df-w296c,1739767186,91160576
shippingservice,shippingservice-76f585f5df-w296c,1739767486,91447296
shippingservice,shippingservice-76f585f5df-w296c,1739767786,91283456
shippingservice,shippingservice-76f585f5df-w296c,1739768086,91258880
shippingservice,shippingservice-76f585f5df-w296c,1739768386,91291648
shippingservice,shippingservice-76f585f5df-w296c,1739768686,91475968
shippingservice,shippingservice-76f585f5df-w296c,1739768986,91271168
shippingservice,shippingservice-76f585f5df-w296c,1739769286,91111424
shippingservice,shippingservice-76f585f5df-w296c,1739769586,91246592
shippingservice,shippingservice-76f585f5df-w296c,1739769886,91271168
shippingservice,shippingservice-76f585f5df-w296c,1739770186,91283456
shippingservice,shippingservice-76f585f5df-w296c,1739770486,91320320
shippingservice,shippingservice-76f585f5df-w296c,1739770786,91541504
shippingservice,shippingservice-76f585f5df-w296c,1739771086,91492352
shippingservice,shippingservice-76f585f5df-w296c,1739771386,91598848
shippingservice,shippingservice-76f585f5df-w296c,1739771686,90738688
shippingservice,shippingservice-76f585f5df-w296c,1739771986,90861568
shippingservice,shippingservice-76f585f5df-w296c,1739772286,91348992
shippingservice,shippingservice-76f585f5df-w296c,1739772586,91746304
shippingservice,shippingservice-76f585f5df-w296c,1739772886,91439104
shippingservice,shippingservice-76f585f5df-w296c,1739773186,90144768
shippingservice,shippingservice-76f585f5df-w296c,1739773486,90181632
shippingservice,shippingservice-76f585f5df-w296c,1739773786,91070464
shippingservice,shippingservice-76f585f5df-w296c,1739774086,90681344
shippingservice,shippingservice-76f585f5df-w296c,1739774386,91070464
shippingservice,shippingservice-76f585f5df-w296c,1739774686,91119616
shippingservice,shippingservice-76f585f5df-w296c,1739774986,91627520
shippingservice,shippingservice-76f585f5df-w296c,1739775286,91049984
shippingservice,shippingservice-76f585f5df-w296c,1739775586,91639808
shippingservice,shippingservice-76f585f5df-w296c,1739775886,91336704
shippingservice,shippingservice-76f585f5df-w296c,1739776186,91291648
shippingservice,shippingservice-76f585f5df-w296c,1739776486,91848704
shippingservice,shippingservice-76f585f5df-w296c,1739776786,91713536
shippingservice,shippingservice-76f585f5df-w296c,1739777086,92065792
shippingservice,shippingservice-76f585f5df-w296c,1739777386,91930624
shippingservice,shippingservice-76f585f5df-w296c,1739777686,91291648
shippingservice,shippingservice-76f585f5df-w296c,1739777986,91406336
shippingservice,shippingservice-76f585f5df-w296c,1739778286,90914816
shippingservice,shippingservice-76f585f5df-w296c,1739778586,91811840
shippingservice,shippingservice-76f585f5df-w296c,1739778886,91496448
shippingservice,shippingservice-76f585f5df-w296c,1739779186,91303936
shippingservice,shippingservice-76f585f5df-w296c,1739779486,91541504
shippingservice,shippingservice-76f585f5df-w296c,1739779786,91922432
shippingservice,shippingservice-76f585f5df-w296c,1739780086,92155904
shippingservice,shippingservice-76f585f5df-w296c,1739780386,91713536
shippingservice,shippingservice-76f585f5df-w296c,1739780686,91414528
shippingservice,shippingservice-76f585f5df-w296c,1739780986,91619328
shippingservice,shippingservice-76f585f5df-w296c,1739781286,92200960
shippingservice,shippingservice-76f585f5df-w296c,1739781586,92184576
shippingservice,shippingservice-76f585f5df-w296c,1739781886,92336128
shippingservice,shippingservice-76f585f5df-w296c,1739782186,92602368
shippingservice,shippingservice-76f585f5df-w296c,1739782486,92614656
shippingservice,shippingservice-76f585f5df-w296c,1739782786,92540928
shippingservice,shippingservice-76f585f5df-w296c,1739783086,92717056
shippingservice,shippingservice-76f585f5df-w296c,1739783386,92672000
shippingservice,shippingservice-76f585f5df-w296c,1739783686,91770880
shippingservice,shippingservice-76f585f5df-w296c,1739783986,91860992
shippingservice,shippingservice-76f585f5df-w296c,1739784286,91992064
shippingservice,shippingservice-76f585f5df-w296c,1739784586,91938816
shippingservice,shippingservice-76f585f5df-w296c,1739784886,92368896
shippingservice,shippingservice-76f585f5df-w296c,1739785186,92508160
shippingservice,shippingservice-76f585f5df-w296c,1739785486,92299264
shippingservice,shippingservice-76f585f5df-w296c,1739785786,92360704
shippingservice,shippingservice-76f585f5df-w296c,1739786086,92266496
shippingservice,shippingservice-76f585f5df-w296c,1739786386,92069888
shippingservice,shippingservice-76f585f5df-w296c,1739786686,92094464
shippingservice,shippingservice-76f585f5df-w296c,1739786986,92418048
shippingservice,shippingservice-76f585f5df-w296c,1739787286,92127232
shippingservice,shippingservice-76f585f5df-w296c,1739787586,92057600
shippingservice,shippingservice-76f585f5df-w296c,1739787886,92549120
shippingservice,shippingservice-76f585f5df-w296c,1739788186,92160000
shippingservice,shippingservice-76f585f5df-w296c,1739788486,91844608
shippingservice,shippingservice-76f585f5df-w296c,1739788786,91889664
shippingservice,shippingservice-76f585f5df-w296c,1739789086,91967488
shippingservice,shippingservice-76f585f5df-w296c,1739789386,92340224
shippingservice,shippingservice-76f585f5df-w296c,1739789686,91475968
shippingservice,shippingservice-76f585f5df-w296c,1739789986,91443200
shippingservice,shippingservice-76f585f5df-w296c,1739790286,91451392
shippingservice,shippingservice-76f585f5df-w296c,1739790586,91201536
shippingservice,shippingservice-76f585f5df-w296c,1739790886,91320320
shippingservice,shippingservice-76f585f5df-w296c,1739791186,91308032
shippingservice,shippingservice-76f585f5df-w296c,1739791486,91447296
shippingservice,shippingservice-76f585f5df-w296c,1739791786,91463680
shippingservice,shippingservice-76f585f5df-w296c,1739792086,91459584
shippingservice,shippingservice-76f585f5df-w296c,1739792386,91516928
shippingservice,shippingservice-76f585f5df-w296c,1739792686,91373568
shippingservice,shippingservice-76f585f5df-w296c,1739792986,91721728
shippingservice,shippingservice-76f585f5df-w296c,1739793286,91869184
shippingservice,shippingservice-76f585f5df-w296c,1739793586,91893760
shippingservice,shippingservice-76f585f5df-w296c,1739793886,91635712
shippingservice,shippingservice-76f585f5df-w296c,1739794186,90992640
shippingservice,shippingservice-76f585f5df-w296c,1739794486,91623424
shippingservice,shippingservice-76f585f5df-w296c,1739794786,91144192
shippingservice,shippingservice-76f585f5df-w296c,1739795086,91332608
shippingservice,shippingservice-76f585f5df-w296c,1739795386,91402240
shippingservice,shippingservice-76f585f5df-w296c,1739795686,91443200
shippingservice,shippingservice-76f585f5df-w296c,1739795986,91615232
shippingservice,shippingservice-76f585f5df-w296c,1739796286,91955200
shippingservice,shippingservice-76f585f5df-w296c,1739796586,91766784
shippingservice,shippingservice-76f585f5df-w296c,1739796886,80506880
shippingservice,shippingservice-76f585f5df-w296c,1739797186,80846848
shippingservice,shippingservice-76f585f5df-w296c,1739797486,82980864
shippingservice,shippingservice-76f585f5df-w296c,1739797786,84561920
shippingservice,shippingservice-76f585f5df-w296c,1739798086,85585920
shippingservice,shippingservice-76f585f5df-w296c,1739798386,85925888
shippingservice,shippingservice-76f585f5df-w296c,1739798686,85704704
shippingservice,shippingservice-76f585f5df-w296c,1739798986,86392832
shippingservice,shippingservice-76f585f5df-w296c,1739799286,86122496
shippingservice,shippingservice-76f585f5df-w296c,1739799586,86188032
shippingservice,shippingservice-76f585f5df-w296c,1739799886,86171648
shippingservice,shippingservice-76f585f5df-w296c,1739800186,86446080
shippingservice,shippingservice-76f585f5df-w296c,1739800486,86228992
shippingservice,shippingservice-76f585f5df-w296c,1739800786,86245376
shippingservice,shippingservice-76f585f5df-w296c,1739801086,86220800
shippingservice,shippingservice-76f585f5df-w296c,1739801386,86241280
shippingservice,shippingservice-76f585f5df-w296c,1739801686,86994944
shippingservice,shippingservice-76f585f5df-w296c,1739801986,87027712
shippingservice,shippingservice-76f585f5df-w296c,1739802286,86831104
shippingservice,shippingservice-76f585f5df-w296c,1739802586,86540288
shippingservice,shippingservice-76f585f5df-w296c,1739802886,86548480
shippingservice,shippingservice-76f585f5df-w296c,1739803186,86777856
shippingservice,shippingservice-76f585f5df-w296c,1739803486,86982656
shippingservice,shippingservice-76f585f5df-w296c,1739803786,86937600
shippingservice,shippingservice-76f585f5df-w296c,1739804086,86917120
shippingservice,shippingservice-76f585f5df-w296c,1739804386,87244800
shippingservice,shippingservice-76f585f5df-w296c,1739804686,87105536
shippingservice,shippingservice-76f585f5df-w296c,1739804986,87375872
shippingservice,shippingservice-76f585f5df-w296c,1739805286,87502848
shippingservice,shippingservice-76f585f5df-w296c,1739805586,87298048
shippingservice,shippingservice-76f585f5df-w296c,1739805886,87216128
shippingservice,shippingservice-76f585f5df-w296c,1739806186,86274048
shippingservice,shippingservice-76f585f5df-w296c,1739806486,86523904
shippingservice,shippingservice-76f585f5df-w296c,1739806786,86700032
shippingservice,shippingservice-76f585f5df-w296c,1739807086,86839296
shippingservice,shippingservice-76f585f5df-w296c,1739807386,86294528
shippingservice,shippingservice-76f585f5df-w296c,1739807686,86228992
shippingservice,shippingservice-76f585f5df-w296c,1739807986,86437888
shippingservice,shippingservice-76f585f5df-w296c,1739808286,87216128
shippingservice,shippingservice-76f585f5df-w296c,1739808586,87191552
shippingservice,shippingservice-76f585f5df-w296c,1739808886,87166976
shippingservice,shippingservice-76f585f5df-w296c,1739809186,87396352
shippingservice,shippingservice-76f585f5df-w296c,1739809486,87588864
shippingservice,shippingservice-76f585f5df-w296c,1739809786,87597056
shippingservice,shippingservice-76f585f5df-w296c,1739810086,87916544
shippingservice,shippingservice-76f585f5df-w296c,1739810386,87560192
shippingservice,shippingservice-76f585f5df-w296c,1739810686,88231936
shippingservice,shippingservice-76f585f5df-w296c,1739810986,87875584
shippingservice,shippingservice-76f585f5df-w296c,1739811286,87887872
shippingservice,shippingservice-76f585f5df-w296c,1739811586,88018944
shippingservice,shippingservice-76f585f5df-w296c,1739811886,88080384
shippingservice,shippingservice-76f585f5df-w296c,1739812186,87511040
shippingservice,shippingservice-76f585f5df-w296c,1739812486,87613440
shippingservice,shippingservice-76f585f5df-w296c,1739812786,87740416
shippingservice,shippingservice-76f585f5df-w296c,1739813086,87965696
shippingservice,shippingservice-76f585f5df-w296c,1739813386,87228416
shippingservice,shippingservice-76f585f5df-w296c,1739813686,88064000
shippingservice,shippingservice-76f585f5df-w296c,1739813986,87891968
shippingservice,shippingservice-76f585f5df-w296c,1739814286,88002560
shippingservice,shippingservice-76f585f5df-w296c,1739814586,88465408
shippingservice,shippingservice-76f585f5df-w296c,1739814886,88182784
shippingservice,shippingservice-76f585f5df-w296c,1739815186,88080384
shippingservice,shippingservice-76f585f5df-w296c,1739815486,88129536
shippingservice,shippingservice-76f585f5df-w296c,1739815786,88363008
shippingservice,shippingservice-76f585f5df-w296c,1739816086,88424448
shippingservice,shippingservice-76f585f5df-w296c,1739816386,88420352
shippingservice,shippingservice-76f585f5df-w296c,1739816686,88170496
shippingservice,shippingservice-76f585f5df-w296c,1739816986,88264704
shippingservice,shippingservice-76f585f5df-w296c,1739817286,88158208
shippingservice,shippingservice-76f585f5df-w296c,1739817586,88522752
shippingservice,shippingservice-76f585f5df-w296c,1739817886,88408064
shippingservice,shippingservice-76f585f5df-w296c,1739818186,88330240
shippingservice,shippingservice-76f585f5df-w296c,1739818486,88608768
shippingservice,shippingservice-76f585f5df-w296c,1739818786,87175168
shippingservice,shippingservice-76f585f5df-w296c,1739819086,88498176
shippingservice,shippingservice-76f585f5df-w296c,1739819386,88494080
shippingservice,shippingservice-76f585f5df-w296c,1739819686,88526848
shippingservice,shippingservice-76f585f5df-w296c,1739819986,88670208
shippingservice,shippingservice-76f585f5df-w296c,1739820286,88514560
shippingservice,shippingservice-76f585f5df-w296c,1739820586,88293376
shippingservice,shippingservice-76f585f5df-w296c,1739820886,88420352
shippingservice,shippingservice-76f585f5df-w296c,1739821186,87724032
shippingservice,shippingservice-76f585f5df-w296c,1739821486,87953408
shippingservice,shippingservice-76f585f5df-w296c,1739821786,87986176
shippingservice,shippingservice-76f585f5df-w296c,1739822086,87769088
shippingservice,shippingservice-76f585f5df-w296c,1739822386,88256512
shippingservice,shippingservice-76f585f5df-w296c,1739822686,88764416
shippingservice,shippingservice-76f585f5df-w296c,1739822986,88969216
shippingservice,shippingservice-76f585f5df-w296c,1739823286,88465408
shippingservice,shippingservice-76f585f5df-w296c,1739823586,88240128
shippingservice,shippingservice-76f585f5df-w296c,1739823886,87777280
shippingservice,shippingservice-76f585f5df-w296c,1739824186,87834624
shippingservice,shippingservice-76f585f5df-w296c,1739824486,87941120
shippingservice,shippingservice-76f585f5df-w296c,1739824786,87896064
shippingservice,shippingservice-76f585f5df-w296c,1739825086,87740416
shippingservice,shippingservice-76f585f5df-w296c,1739825386,88027136
shippingservice,shippingservice-76f585f5df-w296c,1739825686,88477696
shippingservice,shippingservice-76f585f5df-w296c,1739825986,88354816
shippingservice,shippingservice-76f585f5df-w296c,1739826286,88551424
shippingservice,shippingservice-76f585f5df-w296c,1739826586,87695360
shippingservice,shippingservice-76f585f5df-w296c,1739826886,78364672
shippingservice,shippingservice-76f585f5df-w296c,1739827186,82948096
shippingservice,shippingservice-76f585f5df-w296c,1739827486,83939328
shippingservice,shippingservice-76f585f5df-w296c,1739827786,84443136
shippingservice,shippingservice-76f585f5df-w296c,1739828086,84819968
shippingservice,shippingservice-76f585f5df-w296c,1739828386,85336064
shippingservice,shippingservice-76f585f5df-w296c,1739828686,86183936
shippingservice,shippingservice-76f585f5df-w296c,1739828986,86028288
shippingservice,shippingservice-76f585f5df-w296c,1739829286,86032384
shippingservice,shippingservice-76f585f5df-w296c,1739829586,86360064
shippingservice,shippingservice-76f585f5df-w296c,1739829886,86269952
shippingservice,shippingservice-76f585f5df-w296c,1739830186,86835200
shippingservice,shippingservice-76f585f5df-w296c,1739830486,86822912
shippingservice,shippingservice-76f585f5df-w296c,1739830786,85659648
shippingservice,shippingservice-76f585f5df-w296c,1739831086,86700032
shippingservice,shippingservice-76f585f5df-w296c,1739831386,87371776
emailservice,emailservice-7d59c5dc9f-p486q,1739226586,107347968
emailservice,emailservice-7d59c5dc9f-p486q,1739226886,107520000
emailservice,emailservice-7d59c5dc9f-p486q,1739227186,108015616
emailservice,emailservice-7d59c5dc9f-p486q,1739227486,108269568
emailservice,emailservice-7d59c5dc9f-p486q,1739227786,107716608
emailservice,emailservice-7d59c5dc9f-p486q,1739228086,108032000
emailservice,emailservice-7d59c5dc9f-p486q,1739228386,107880448
emailservice,emailservice-7d59c5dc9f-p486q,1739228686,107905024
emailservice,emailservice-7d59c5dc9f-p486q,1739228986,107937792
emailservice,emailservice-7d59c5dc9f-p486q,1739229286,107950080
emailservice,emailservice-7d59c5dc9f-p486q,1739229586,108077056
emailservice,emailservice-7d59c5dc9f-p486q,1739229886,108077056
emailservice,emailservice-7d59c5dc9f-p486q,1739230186,107978752
emailservice,emailservice-7d59c5dc9f-p486q,1739230486,108003328
emailservice,emailservice-7d59c5dc9f-p486q,1739230786,108068864
emailservice,emailservice-7d59c5dc9f-p486q,1739231086,108085248
emailservice,emailservice-7d59c5dc9f-p486q,1739231386,108130304
emailservice,emailservice-7d59c5dc9f-p486q,1739231686,108171264
emailservice,emailservice-7d59c5dc9f-p486q,1739231986,108183552
emailservice,emailservice-7d59c5dc9f-p486q,1739232286,107941888
emailservice,emailservice-7d59c5dc9f-p486q,1739232586,108294144
emailservice,emailservice-7d59c5dc9f-p486q,1739232886,108523520
emailservice,emailservice-7d59c5dc9f-p486q,1739233186,108548096
emailservice,emailservice-7d59c5dc9f-p486q,1739233486,109035520
emailservice,emailservice-7d59c5dc9f-p486q,1739233786,108818432
emailservice,emailservice-7d59c5dc9f-p486q,1739234086,109060096
emailservice,emailservice-7d59c5dc9f-p486q,1739234386,109084672
emailservice,emailservice-7d59c5dc9f-p486q,1739234686,109088768
emailservice,emailservice-7d59c5dc9f-p486q,1739234986,108986368
emailservice,emailservice-7d59c5dc9f-p486q,1739235286,108986368
emailservice,emailservice-7d59c5dc9f-p486q,1739235586,108421120
emailservice,emailservice-7d59c5dc9f-p486q,1739235886,109486080
emailservice,emailservice-7d59c5dc9f-p486q,1739236186,109047808
emailservice,emailservice-7d59c5dc9f-p486q,1739236486,109092864
emailservice,emailservice-7d59c5dc9f-p486q,1739236786,109113344
emailservice,emailservice-7d59c5dc9f-p486q,1739237086,109117440
emailservice,emailservice-7d59c5dc9f-p486q,1739237386,109137920
emailservice,emailservice-7d59c5dc9f-p486q,1739237686,108175360
emailservice,emailservice-7d59c5dc9f-p486q,1739237986,108183552
emailservice,emailservice-7d59c5dc9f-p486q,1739238286,108183552
emailservice,emailservice-7d59c5dc9f-p486q,1739238586,108187648
emailservice,emailservice-7d59c5dc9f-p486q,1739238886,108199936
emailservice,emailservice-7d59c5dc9f-p486q,1739239186,108888064
emailservice,emailservice-7d59c5dc9f-p486q,1739239486,108892160
emailservice,emailservice-7d59c5dc9f-p486q,1739239786,108634112
emailservice,emailservice-7d59c5dc9f-p486q,1739240086,108638208
emailservice,emailservice-7d59c5dc9f-p486q,1739240386,108646400
emailservice,emailservice-7d59c5dc9f-p486q,1739240686,108646400
emailservice,emailservice-7d59c5dc9f-p486q,1739240986,109031424
emailservice,emailservice-7d59c5dc9f-p486q,1739241286,109027328
emailservice,emailservice-7d59c5dc9f-p486q,1739241586,109023232
emailservice,emailservice-7d59c5dc9f-p486q,1739241886,109031424
emailservice,emailservice-7d59c5dc9f-p486q,1739242186,108847104
emailservice,emailservice-7d59c5dc9f-p486q,1739242486,108531712
emailservice,emailservice-7d59c5dc9f-p486q,1739242786,108290048
emailservice,emailservice-7d59c5dc9f-p486q,1739243086,108294144
emailservice,emailservice-7d59c5dc9f-p486q,1739243386,108294144
emailservice,emailservice-7d59c5dc9f-p486q,1739243686,108298240
emailservice,emailservice-7d59c5dc9f-p486q,1739243986,108675072
emailservice,emailservice-7d59c5dc9f-p486q,1739244286,108384256
emailservice,emailservice-7d59c5dc9f-p486q,1739244586,108609536
emailservice,emailservice-7d59c5dc9f-p486q,1739244886,108347392
emailservice,emailservice-7d59c5dc9f-p486q,1739245186,108445696
emailservice,emailservice-7d59c5dc9f-p486q,1739245486,108453888
emailservice,emailservice-7d59c5dc9f-p486q,1739245786,108478464
emailservice,emailservice-7d59c5dc9f-p486q,1739246086,108666880
emailservice,emailservice-7d59c5dc9f-p486q,1739246386,108560384
emailservice,emailservice-7d59c5dc9f-p486q,1739246686,109060096
emailservice,emailservice-7d59c5dc9f-p486q,1739246986,109072384
emailservice,emailservice-7d59c5dc9f-p486q,1739247286,109084672
emailservice,emailservice-7d59c5dc9f-p486q,1739247586,108380160
emailservice,emailservice-7d59c5dc9f-p486q,1739247886,108421120
emailservice,emailservice-7d59c5dc9f-p486q,1739248186,108445696
emailservice,emailservice-7d59c5dc9f-p486q,1739248486,108699648
emailservice,emailservice-7d59c5dc9f-p486q,1739248786,108929024
emailservice,emailservice-7d59c5dc9f-p486q,1739249086,108818432
emailservice,emailservice-7d59c5dc9f-p486q,1739249386,109129728
emailservice,emailservice-7d59c5dc9f-p486q,1739249686,109199360
emailservice,emailservice-7d59c5dc9f-p486q,1739249986,109109248
emailservice,emailservice-7d59c5dc9f-p486q,1739250286,109015040
emailservice,emailservice-7d59c5dc9f-p486q,1739250586,108998656
emailservice,emailservice-7d59c5dc9f-p486q,1739250886,109023232
emailservice,emailservice-7d59c5dc9f-p486q,1739251186,109031424
emailservice,emailservice-7d59c5dc9f-p486q,1739251486,109260800
emailservice,emailservice-7d59c5dc9f-p486q,1739251786,109268992
emailservice,emailservice-7d59c5dc9f-p486q,1739252086,109322240
emailservice,emailservice-7d59c5dc9f-p486q,1739252386,109346816
emailservice,emailservice-7d59c5dc9f-p486q,1739252686,109408256
emailservice,emailservice-7d59c5dc9f-p486q,1739252986,109068288
emailservice,emailservice-7d59c5dc9f-p486q,1739253286,109424640
emailservice,emailservice-7d59c5dc9f-p486q,1739253586,109371392
emailservice,emailservice-7d59c5dc9f-p486q,1739253886,109559808
emailservice,emailservice-7d59c5dc9f-p486q,1739254186,109559808
emailservice,emailservice-7d59c5dc9f-p486q,1739254486,109568000
emailservice,emailservice-7d59c5dc9f-p486q,1739254786,109572096
emailservice,emailservice-7d59c5dc9f-p486q,1739255086,109559808
emailservice,emailservice-7d59c5dc9f-p486q,1739255386,109559808
emailservice,emailservice-7d59c5dc9f-p486q,1739255686,109719552
emailservice,emailservice-7d59c5dc9f-p486q,1739255986,109727744
emailservice,emailservice-7d59c5dc9f-p486q,1739256286,109719552
emailservice,emailservice-7d59c5dc9f-p486q,1739256586,109621248
emailservice,emailservice-7d59c5dc9f-p486q,1739256886,109633536
emailservice,emailservice-7d59c5dc9f-p486q,1739257186,109629440
emailservice,emailservice-7d59c5dc9f-p486q,1739257486,109875200
emailservice,emailservice-7d59c5dc9f-p486q,1739257786,111542272
emailservice,emailservice-7d59c5dc9f-p486q,1739258086,112300032
emailservice,emailservice-7d59c5dc9f-p486q,1739258386,111435776
emailservice,emailservice-7d59c5dc9f-p486q,1739258686,111427584
emailservice,emailservice-7d59c5dc9f-p486q,1739258986,111431680
emailservice,emailservice-7d59c5dc9f-p486q,1739259286,111570944
emailservice,emailservice-7d59c5dc9f-p486q,1739259586,111755264
emailservice,emailservice-7d59c5dc9f-p486q,1739259886,112062464
emailservice,emailservice-7d59c5dc9f-p486q,1739260186,111927296
emailservice,emailservice-7d59c5dc9f-p486q,1739260486,111923200
emailservice,emailservice-7d59c5dc9f-p486q,1739260786,112132096
emailservice,emailservice-7d59c5dc9f-p486q,1739261086,112054272
emailservice,emailservice-7d59c5dc9f-p486q,1739261386,111681536
emailservice,emailservice-7d59c5dc9f-p486q,1739261686,112267264
emailservice,emailservice-7d59c5dc9f-p486q,1739261986,112054272
emailservice,emailservice-7d59c5dc9f-p486q,1739262286,112017408
emailservice,emailservice-7d59c5dc9f-p486q,1739262586,112087040
emailservice,emailservice-7d59c5dc9f-p486q,1739262886,112463872
emailservice,emailservice-7d59c5dc9f-p486q,1739263186,112312320
emailservice,emailservice-7d59c5dc9f-p486q,1739263486,112594944
emailservice,emailservice-7d59c5dc9f-p486q,1739263786,112128000
emailservice,emailservice-7d59c5dc9f-p486q,1739264086,112132096
emailservice,emailservice-7d59c5dc9f-p486q,1739264386,112615424
emailservice,emailservice-7d59c5dc9f-p486q,1739264686,111742976
emailservice,emailservice-7d59c5dc9f-p486q,1739264986,111616000
emailservice,emailservice-7d59c5dc9f-p486q,1739265286,111513600
emailservice,emailservice-7d59c5dc9f-p486q,1739265586,111828992
emailservice,emailservice-7d59c5dc9f-p486q,1739265886,111656960
emailservice,emailservice-7d59c5dc9f-p486q,1739266186,111702016
emailservice,emailservice-7d59c5dc9f-p486q,1739266486,111706112
emailservice,emailservice-7d59c5dc9f-p486q,1739266786,112107520
emailservice,emailservice-7d59c5dc9f-p486q,1739267086,112607232
emailservice,emailservice-7d59c5dc9f-p486q,1739267386,112603136
emailservice,emailservice-7d59c5dc9f-p486q,1739267686,112603136
emailservice,emailservice-7d59c5dc9f-p486q,1739267986,112652288
emailservice,emailservice-7d59c5dc9f-p486q,1739268286,112820224
emailservice,emailservice-7d59c5dc9f-p486q,1739268586,112123904
emailservice,emailservice-7d59c5dc9f-p486q,1739268886,111796224
emailservice,emailservice-7d59c5dc9f-p486q,1739269186,111939584
emailservice,emailservice-7d59c5dc9f-p486q,1739269486,111460352
emailservice,emailservice-7d59c5dc9f-p486q,1739269786,112005120
emailservice,emailservice-7d59c5dc9f-p486q,1739270086,112054272
emailservice,emailservice-7d59c5dc9f-p486q,1739270386,112058368
emailservice,emailservice-7d59c5dc9f-p486q,1739270686,112304128
emailservice,emailservice-7d59c5dc9f-p486q,1739270986,111968256
emailservice,emailservice-7d59c5dc9f-p486q,1739271286,112119808
emailservice,emailservice-7d59c5dc9f-p486q,1739271586,112177152
emailservice,emailservice-7d59c5dc9f-p486q,1739271886,112140288
emailservice,emailservice-7d59c5dc9f-p486q,1739272186,112283648
emailservice,emailservice-7d59c5dc9f-p486q,1739272486,112586752
emailservice,emailservice-7d59c5dc9f-p486q,1739272786,113033216
emailservice,emailservice-7d59c5dc9f-p486q,1739273086,113123328
emailservice,emailservice-7d59c5dc9f-p486q,1739273386,112848896
emailservice,emailservice-7d59c5dc9f-p486q,1739273686,113102848
emailservice,emailservice-7d59c5dc9f-p486q,1739273986,113385472
emailservice,emailservice-7d59c5dc9f-p486q,1739274286,113401856
emailservice,emailservice-7d59c5dc9f-p486q,1739274586,113307648
emailservice,emailservice-7d59c5dc9f-p486q,1739274886,113041408
emailservice,emailservice-7d59c5dc9f-p486q,1739275186,112750592
emailservice,emailservice-7d59c5dc9f-p486q,1739275486,112754688
emailservice,emailservice-7d59c5dc9f-p486q,1739275786,112754688
emailservice,emailservice-7d59c5dc9f-p486q,1739276086,112758784
emailservice,emailservice-7d59c5dc9f-p486q,1739276386,112754688
emailservice,emailservice-7d59c5dc9f-p486q,1739276686,112828416
emailservice,emailservice-7d59c5dc9f-p486q,1739276986,112824320
emailservice,emailservice-7d59c5dc9f-p486q,1739277286,113491968
emailservice,emailservice-7d59c5dc9f-p486q,1739277586,113508352
emailservice,emailservice-7d59c5dc9f-p486q,1739277886,113508352
emailservice,emailservice-7d59c5dc9f-p486q,1739278186,113565696
emailservice,emailservice-7d59c5dc9f-p486q,1739278486,113565696
emailservice,emailservice-7d59c5dc9f-p486q,1739278786,113565696
emailservice,emailservice-7d59c5dc9f-p486q,1739279086,113889280
emailservice,emailservice-7d59c5dc9f-p486q,1739279386,113188864
emailservice,emailservice-7d59c5dc9f-p486q,1739279686,113000448
emailservice,emailservice-7d59c5dc9f-p486q,1739279986,113238016
emailservice,emailservice-7d59c5dc9f-p486q,1739280286,113324032
emailservice,emailservice-7d59c5dc9f-p486q,1739280586,113475584
emailservice,emailservice-7d59c5dc9f-p486q,1739280886,113586176
emailservice,emailservice-7d59c5dc9f-p486q,1739281186,112832512
emailservice,emailservice-7d59c5dc9f-p486q,1739281486,112836608
emailservice,emailservice-7d59c5dc9f-p486q,1739281786,112832512
emailservice,emailservice-7d59c5dc9f-p486q,1739282086,112922624
emailservice,emailservice-7d59c5dc9f-p486q,1739282386,113049600
emailservice,emailservice-7d59c5dc9f-p486q,1739282686,112836608
emailservice,emailservice-7d59c5dc9f-p486q,1739282986,112857088
emailservice,emailservice-7d59c5dc9f-p486q,1739283286,113496064
emailservice,emailservice-7d59c5dc9f-p486q,1739283586,113512448
emailservice,emailservice-7d59c5dc9f-p486q,1739283886,113565696
emailservice,emailservice-7d59c5dc9f-p486q,1739284186,113569792
emailservice,emailservice-7d59c5dc9f-p486q,1739284486,113844224
emailservice,emailservice-7d59c5dc9f-p486q,1739284786,113311744
emailservice,emailservice-7d59c5dc9f-p486q,1739285086,113545216
emailservice,emailservice-7d59c5dc9f-p486q,1739285386,113606656
emailservice,emailservice-7d59c5dc9f-p486q,1739285686,112861184
emailservice,emailservice-7d59c5dc9f-p486q,1739285986,112918528
emailservice,emailservice-7d59c5dc9f-p486q,1739286286,113233920
emailservice,emailservice-7d59c5dc9f-p486q,1739286586,113668096
emailservice,emailservice-7d59c5dc9f-p486q,1739286886,113188864
emailservice,emailservice-7d59c5dc9f-p486q,1739287186,114286592
emailservice,emailservice-7d59c5dc9f-p486q,1739287486,114356224
emailservice,emailservice-7d59c5dc9f-p486q,1739287786,116199424
emailservice,emailservice-7d59c5dc9f-p486q,1739288086,127180800
emailservice,emailservice-7d59c5dc9f-p486q,1739288386,130023424
emailservice,emailservice-7d59c5dc9f-p486q,1739288686,130142208
emailservice,emailservice-7d59c5dc9f-p486q,1739288986,132526080
emailservice,emailservice-7d59c5dc9f-p486q,1739289286,132562944
emailservice,emailservice-7d59c5dc9f-p486q,1739289586,132620288
emailservice,emailservice-7d59c5dc9f-p486q,1739289886,132689920
emailservice,emailservice-7d59c5dc9f-p486q,1739290186,132730880
emailservice,emailservice-7d59c5dc9f-p486q,1739290486,132792320
emailservice,emailservice-7d59c5dc9f-p486q,1739290786,132849664
emailservice,emailservice-7d59c5dc9f-p486q,1739291086,132874240
emailservice,emailservice-7d59c5dc9f-p486q,1739291386,133382144
emailservice,emailservice-7d59c5dc9f-p486q,1739291686,133857280
emailservice,emailservice-7d59c5dc9f-p486q,1739291986,133853184
emailservice,emailservice-7d59c5dc9f-p486q,1739292286,133881856
emailservice,emailservice-7d59c5dc9f-p486q,1739292586,133939200
emailservice,emailservice-7d59c5dc9f-p486q,1739292886,133984256
emailservice,emailservice-7d59c5dc9f-p486q,1739293186,134201344
emailservice,emailservice-7d59c5dc9f-p486q,1739293486,134021120
emailservice,emailservice-7d59c5dc9f-p486q,1739293786,134156288
emailservice,emailservice-7d59c5dc9f-p486q,1739294086,134168576
emailservice,emailservice-7d59c5dc9f-p486q,1739294386,134189056
emailservice,emailservice-7d59c5dc9f-p486q,1739294686,134201344
emailservice,emailservice-7d59c5dc9f-p486q,1739294986,134234112
emailservice,emailservice-7d59c5dc9f-p486q,1739295286,134508544
emailservice,emailservice-7d59c5dc9f-p486q,1739295586,134434816
emailservice,emailservice-7d59c5dc9f-p486q,1739295886,134205440
emailservice,emailservice-7d59c5dc9f-p486q,1739296186,134152192
emailservice,emailservice-7d59c5dc9f-p486q,1739296486,134160384
emailservice,emailservice-7d59c5dc9f-p486q,1739296786,134184960
emailservice,emailservice-7d59c5dc9f-p486q,1739297086,134189056
emailservice,emailservice-7d59c5dc9f-p486q,1739297386,134205440
emailservice,emailservice-7d59c5dc9f-p486q,1739297686,134406144
emailservice,emailservice-7d59c5dc9f-p486q,1739297986,134766592
emailservice,emailservice-7d59c5dc9f-p486q,1739298286,134316032
emailservice,emailservice-7d59c5dc9f-p486q,1739298586,134316032
emailservice,emailservice-7d59c5dc9f-p486q,1739298886,134770688
emailservice,emailservice-7d59c5dc9f-p486q,1739299186,134803456
emailservice,emailservice-7d59c5dc9f-p486q,1739299486,134512640
emailservice,emailservice-7d59c5dc9f-p486q,1739299786,134549504
emailservice,emailservice-7d59c5dc9f-p486q,1739300086,134557696
emailservice,emailservice-7d59c5dc9f-p486q,1739300386,134569984
emailservice,emailservice-7d59c5dc9f-p486q,1739300686,134320128
emailservice,emailservice-7d59c5dc9f-p486q,1739300986,134369280
emailservice,emailservice-7d59c5dc9f-p486q,1739301286,134393856
emailservice,emailservice-7d59c5dc9f-p486q,1739301586,134467584
emailservice,emailservice-7d59c5dc9f-p486q,1739301886,134512640
emailservice,emailservice-7d59c5dc9f-p486q,1739302186,134520832
emailservice,emailservice-7d59c5dc9f-p486q,1739302486,134475776
emailservice,emailservice-7d59c5dc9f-p486q,1739302786,134725632
emailservice,emailservice-7d59c5dc9f-p486q,1739303086,134541312
emailservice,emailservice-7d59c5dc9f-p486q,1739303386,134594560
emailservice,emailservice-7d59c5dc9f-p486q,1739303686,134598656
emailservice,emailservice-7d59c5dc9f-p486q,1739303986,134602752
emailservice,emailservice-7d59c5dc9f-p486q,1739304286,134606848
emailservice,emailservice-7d59c5dc9f-p486q,1739304586,134569984
emailservice,emailservice-7d59c5dc9f-p486q,1739304886,134889472
emailservice,emailservice-7d59c5dc9f-p486q,1739305186,134426624
emailservice,emailservice-7d59c5dc9f-p486q,1739305486,134430720
emailservice,emailservice-7d59c5dc9f-p486q,1739305786,134434816
emailservice,emailservice-7d59c5dc9f-p486q,1739306086,134451200
emailservice,emailservice-7d59c5dc9f-p486q,1739306386,134451200
emailservice,emailservice-7d59c5dc9f-p486q,1739306686,134803456
emailservice,emailservice-7d59c5dc9f-p486q,1739306986,135143424
emailservice,emailservice-7d59c5dc9f-p486q,1739307286,135139328
emailservice,emailservice-7d59c5dc9f-p486q,1739307586,135204864
emailservice,emailservice-7d59c5dc9f-p486q,1739307886,135991296
emailservice,emailservice-7d59c5dc9f-p486q,1739308186,135213056
emailservice,emailservice-7d59c5dc9f-p486q,1739308486,135086080
emailservice,emailservice-7d59c5dc9f-p486q,1739308786,135221248
emailservice,emailservice-7d59c5dc9f-p486q,1739309086,135315456
emailservice,emailservice-7d59c5dc9f-p486q,1739309386,135352320
emailservice,emailservice-7d59c5dc9f-p486q,1739309686,134541312
emailservice,emailservice-7d59c5dc9f-p486q,1739309986,134549504
emailservice,emailservice-7d59c5dc9f-p486q,1739310286,134553600
emailservice,emailservice-7d59c5dc9f-p486q,1739310586,134565888
emailservice,emailservice-7d59c5dc9f-p486q,1739310886,134672384
emailservice,emailservice-7d59c5dc9f-p486q,1739311186,134680576
emailservice,emailservice-7d59c5dc9f-p486q,1739311486,134717440
emailservice,emailservice-7d59c5dc9f-p486q,1739311786,134725632
emailservice,emailservice-7d59c5dc9f-p486q,1739312086,134721536
emailservice,emailservice-7d59c5dc9f-p486q,1739312386,134615040
emailservice,emailservice-7d59c5dc9f-p486q,1739312686,135090176
emailservice,emailservice-7d59c5dc9f-p486q,1739312986,135147520
emailservice,emailservice-7d59c5dc9f-p486q,1739313286,135155712
emailservice,emailservice-7d59c5dc9f-p486q,1739313586,134627328
emailservice,emailservice-7d59c5dc9f-p486q,1739313886,134627328
emailservice,emailservice-7d59c5dc9f-p486q,1739314186,134639616
emailservice,emailservice-7d59c5dc9f-p486q,1739314486,134651904
emailservice,emailservice-7d59c5dc9f-p486q,1739314786,134746112
emailservice,emailservice-7d59c5dc9f-p486q,1739315086,134754304
emailservice,emailservice-7d59c5dc9f-p486q,1739315386,134668288
emailservice,emailservice-7d59c5dc9f-p486q,1739315686,134901760
emailservice,emailservice-7d59c5dc9f-p486q,1739315986,134856704
emailservice,emailservice-7d59c5dc9f-p486q,1739316286,135217152
emailservice,emailservice-7d59c5dc9f-p486q,1739316586,135168000
emailservice,emailservice-7d59c5dc9f-p486q,1739316886,135172096
emailservice,emailservice-7d59c5dc9f-p486q,1739317186,135061504
emailservice,emailservice-7d59c5dc9f-p486q,1739317486,135065600
emailservice,emailservice-7d59c5dc9f-p486q,1739317786,134733824
emailservice,emailservice-7d59c5dc9f-p486q,1739318086,134750208
emailservice,emailservice-7d59c5dc9f-p486q,1739318386,134823936
emailservice,emailservice-7d59c5dc9f-p486q,1739318686,134766592
emailservice,emailservice-7d59c5dc9f-p486q,1739318986,134766592
emailservice,emailservice-7d59c5dc9f-p486q,1739319286,134770688
emailservice,emailservice-7d59c5dc9f-p486q,1739319586,134864896
emailservice,emailservice-7d59c5dc9f-p486q,1739319886,135028736
emailservice,emailservice-7d59c5dc9f-p486q,1739320186,135200768
emailservice,emailservice-7d59c5dc9f-p486q,1739320486,135196672
emailservice,emailservice-7d59c5dc9f-p486q,1739320786,135241728
emailservice,emailservice-7d59c5dc9f-p486q,1739321086,135069696
emailservice,emailservice-7d59c5dc9f-p486q,1739321386,135168000
emailservice,emailservice-7d59c5dc9f-p486q,1739321686,135557120
emailservice,emailservice-7d59c5dc9f-p486q,1739321986,134799360
emailservice,emailservice-7d59c5dc9f-p486q,1739322286,134803456
emailservice,emailservice-7d59c5dc9f-p486q,1739322586,134807552
emailservice,emailservice-7d59c5dc9f-p486q,1739322886,134807552
emailservice,emailservice-7d59c5dc9f-p486q,1739323186,134811648
emailservice,emailservice-7d59c5dc9f-p486q,1739323486,134946816
emailservice,emailservice-7d59c5dc9f-p486q,1739323786,134868992
emailservice,emailservice-7d59c5dc9f-p486q,1739324086,134959104
emailservice,emailservice-7d59c5dc9f-p486q,1739324386,134967296
emailservice,emailservice-7d59c5dc9f-p486q,1739324686,134967296
emailservice,emailservice-7d59c5dc9f-p486q,1739324986,134967296
emailservice,emailservice-7d59c5dc9f-p486q,1739325286,135122944
emailservice,emailservice-7d59c5dc9f-p486q,1739325586,135790592
emailservice,emailservice-7d59c5dc9f-p486q,1739325886,135872512
emailservice,emailservice-7d59c5dc9f-p486q,1739326186,135872512
emailservice,emailservice-7d59c5dc9f-p486q,1739326486,134832128
emailservice,emailservice-7d59c5dc9f-p486q,1739326786,134832128
emailservice,emailservice-7d59c5dc9f-p486q,1739327086,134840320
emailservice,emailservice-7d59c5dc9f-p486q,1739327386,134967296
emailservice,emailservice-7d59c5dc9f-p486q,1739327686,135213056
emailservice,emailservice-7d59c5dc9f-p486q,1739327986,135311360
emailservice,emailservice-7d59c5dc9f-p486q,1739328286,135352320
emailservice,emailservice-7d59c5dc9f-p486q,1739328586,135360512
emailservice,emailservice-7d59c5dc9f-p486q,1739328886,134889472
emailservice,emailservice-7d59c5dc9f-p486q,1739329186,135163904
emailservice,emailservice-7d59c5dc9f-p486q,1739329486,135225344
emailservice,emailservice-7d59c5dc9f-p486q,1739329786,135495680
emailservice,emailservice-7d59c5dc9f-p486q,1739330086,135569408
emailservice,emailservice-7d59c5dc9f-p486q,1739330386,135573504
emailservice,emailservice-7d59c5dc9f-p486q,1739330686,135577600
emailservice,emailservice-7d59c5dc9f-p486q,1739330986,134860800
emailservice,emailservice-7d59c5dc9f-p486q,1739331286,134868992
emailservice,emailservice-7d59c5dc9f-p486q,1739331586,134868992
emailservice,emailservice-7d59c5dc9f-p486q,1739331886,134868992
emailservice,emailservice-7d59c5dc9f-p486q,1739332186,134873088
emailservice,emailservice-7d59c5dc9f-p486q,1739332486,135061504
emailservice,emailservice-7d59c5dc9f-p486q,1739332786,135061504
emailservice,emailservice-7d59c5dc9f-p486q,1739333086,135069696
emailservice,emailservice-7d59c5dc9f-p486q,1739333386,134877184
emailservice,emailservice-7d59c5dc9f-p486q,1739333686,134873088
emailservice,emailservice-7d59c5dc9f-p486q,1739333986,134877184
emailservice,emailservice-7d59c5dc9f-p486q,1739334286,135270400
emailservice,emailservice-7d59c5dc9f-p486q,1739334586,135524352
emailservice,emailservice-7d59c5dc9f-p486q,1739334886,135487488
emailservice,emailservice-7d59c5dc9f-p486q,1739335186,135573504
emailservice,emailservice-7d59c5dc9f-p486q,1739335486,135258112
emailservice,emailservice-7d59c5dc9f-p486q,1739335786,134881280
emailservice,emailservice-7d59c5dc9f-p486q,1739336086,134901760
emailservice,emailservice-7d59c5dc9f-p486q,1739336386,135467008
emailservice,emailservice-7d59c5dc9f-p486q,1739336686,135528448
emailservice,emailservice-7d59c5dc9f-p486q,1739336986,135634944
emailservice,emailservice-7d59c5dc9f-p486q,1739337286,135553024
emailservice,emailservice-7d59c5dc9f-p486q,1739337586,135655424
emailservice,emailservice-7d59c5dc9f-p486q,1739337886,135323648
emailservice,emailservice-7d59c5dc9f-p486q,1739338186,135708672
emailservice,emailservice-7d59c5dc9f-p486q,1739338486,135811072
emailservice,emailservice-7d59c5dc9f-p486q,1739338786,135905280
emailservice,emailservice-7d59c5dc9f-p486q,1739339086,135905280
emailservice,emailservice-7d59c5dc9f-p486q,1739339386,135909376
emailservice,emailservice-7d59c5dc9f-p486q,1739339686,136380416
emailservice,emailservice-7d59c5dc9f-p486q,1739339986,136273920
emailservice,emailservice-7d59c5dc9f-p486q,1739340286,135213056
emailservice,emailservice-7d59c5dc9f-p486q,1739340586,135254016
emailservice,emailservice-7d59c5dc9f-p486q,1739340886,135258112
emailservice,emailservice-7d59c5dc9f-p486q,1739341186,135262208
emailservice,emailservice-7d59c5dc9f-p486q,1739341486,135258112
emailservice,emailservice-7d59c5dc9f-p486q,1739341786,135258112
emailservice,emailservice-7d59c5dc9f-p486q,1739342086,135659520
emailservice,emailservice-7d59c5dc9f-p486q,1739342386,135667712
emailservice,emailservice-7d59c5dc9f-p486q,1739342686,135671808
emailservice,emailservice-7d59c5dc9f-p486q,1739342986,135671808
emailservice,emailservice-7d59c5dc9f-p486q,1739343286,135778304
emailservice,emailservice-7d59c5dc9f-p486q,1739343586,135782400
emailservice,emailservice-7d59c5dc9f-p486q,1739343886,135778304
emailservice,emailservice-7d59c5dc9f-p486q,1739344186,135786496
emailservice,emailservice-7d59c5dc9f-p486q,1739344486,135778304
emailservice,emailservice-7d59c5dc9f-p486q,1739344786,135778304
emailservice,emailservice-7d59c5dc9f-p486q,1739345086,135340032
emailservice,emailservice-7d59c5dc9f-p486q,1739345386,135307264
emailservice,emailservice-7d59c5dc9f-p486q,1739345686,135303168
emailservice,emailservice-7d59c5dc9f-p486q,1739345986,135311360
emailservice,emailservice-7d59c5dc9f-p486q,1739346286,135311360
emailservice,emailservice-7d59c5dc9f-p486q,1739346586,135307264
emailservice,emailservice-7d59c5dc9f-p486q,1739346886,135311360
emailservice,emailservice-7d59c5dc9f-p486q,1739347186,135311360
emailservice,emailservice-7d59c5dc9f-p486q,1739347486,135323648
emailservice,emailservice-7d59c5dc9f-p486q,1739347786,135315456
emailservice,emailservice-7d59c5dc9f-p486q,1739348086,135454720
emailservice,emailservice-7d59c5dc9f-p486q,1739348386,135454720
emailservice,emailservice-7d59c5dc9f-p486q,1739348686,135462912
emailservice,emailservice-7d59c5dc9f-p486q,1739348986,135950336
emailservice,emailservice-7d59c5dc9f-p486q,1739349286,136179712
emailservice,emailservice-7d59c5dc9f-p486q,1739349586,136491008
emailservice,emailservice-7d59c5dc9f-p486q,1739349886,136486912
emailservice,emailservice-7d59c5dc9f-p486q,1739350186,136097792
emailservice,emailservice-7d59c5dc9f-p486q,1739350486,135155712
emailservice,emailservice-7d59c5dc9f-p486q,1739350786,135286784
emailservice,emailservice-7d59c5dc9f-p486q,1739351086,135286784
emailservice,emailservice-7d59c5dc9f-p486q,1739351386,135561216
emailservice,emailservice-7d59c5dc9f-p486q,1739351686,135569408
emailservice,emailservice-7d59c5dc9f-p486q,1739351986,135565312
emailservice,emailservice-7d59c5dc9f-p486q,1739352286,135565312
emailservice,emailservice-7d59c5dc9f-p486q,1739352586,135561216
emailservice,emailservice-7d59c5dc9f-p486q,1739352886,135565312
emailservice,emailservice-7d59c5dc9f-p486q,1739353186,134541312
emailservice,emailservice-7d59c5dc9f-p486q,1739353486,128819200
emailservice,emailservice-7d59c5dc9f-p486q,1739353786,126500864
emailservice,emailservice-7d59c5dc9f-p486q,1739354086,126500864
emailservice,emailservice-7d59c5dc9f-p486q,1739354386,126775296
emailservice,emailservice-7d59c5dc9f-p486q,1739354686,126787584
emailservice,emailservice-7d59c5dc9f-p486q,1739354986,126812160
emailservice,emailservice-7d59c5dc9f-p486q,1739355286,126402560
emailservice,emailservice-7d59c5dc9f-p486q,1739355586,126173184
emailservice,emailservice-7d59c5dc9f-p486q,1739355886,126181376
emailservice,emailservice-7d59c5dc9f-p486q,1739356186,126189568
emailservice,emailservice-7d59c5dc9f-p486q,1739356486,126197760
emailservice,emailservice-7d59c5dc9f-p486q,1739356786,126185472
emailservice,emailservice-7d59c5dc9f-p486q,1739357086,126267392
emailservice,emailservice-7d59c5dc9f-p486q,1739357386,126345216
emailservice,emailservice-7d59c5dc9f-p486q,1739357686,126390272
emailservice,emailservice-7d59c5dc9f-p486q,1739357986,128901120
emailservice,emailservice-7d59c5dc9f-p486q,1739358286,128897024
emailservice,emailservice-7d59c5dc9f-p486q,1739358586,128905216
emailservice,emailservice-7d59c5dc9f-p486q,1739358886,128913408
emailservice,emailservice-7d59c5dc9f-p486q,1739359186,128917504
emailservice,emailservice-7d59c5dc9f-p486q,1739359486,128688128
emailservice,emailservice-7d59c5dc9f-p486q,1739359786,128811008
emailservice,emailservice-7d59c5dc9f-p486q,1739360086,128983040
emailservice,emailservice-7d59c5dc9f-p486q,1739360386,128360448
emailservice,emailservice-7d59c5dc9f-p486q,1739360686,128360448
emailservice,emailservice-7d59c5dc9f-p486q,1739360986,128929792
emailservice,emailservice-7d59c5dc9f-p486q,1739361286,129228800
emailservice,emailservice-7d59c5dc9f-p486q,1739361586,129499136
emailservice,emailservice-7d59c5dc9f-p486q,1739361886,129536000
emailservice,emailservice-7d59c5dc9f-p486q,1739362186,129802240
emailservice,emailservice-7d59c5dc9f-p486q,1739362486,129802240
emailservice,emailservice-7d59c5dc9f-p486q,1739362786,129810432
emailservice,emailservice-7d59c5dc9f-p486q,1739363086,129454080
emailservice,emailservice-7d59c5dc9f-p486q,1739363386,129712128
emailservice,emailservice-7d59c5dc9f-p486q,1739363686,130101248
emailservice,emailservice-7d59c5dc9f-p486q,1739363986,130084864
emailservice,emailservice-7d59c5dc9f-p486q,1739364286,130088960
emailservice,emailservice-7d59c5dc9f-p486q,1739364586,130097152
emailservice,emailservice-7d59c5dc9f-p486q,1739364886,130101248
emailservice,emailservice-7d59c5dc9f-p486q,1739365186,130396160
emailservice,emailservice-7d59c5dc9f-p486q,1739365486,129318912
emailservice,emailservice-7d59c5dc9f-p486q,1739365786,129327104
emailservice,emailservice-7d59c5dc9f-p486q,1739366086,129335296
emailservice,emailservice-7d59c5dc9f-p486q,1739366386,129372160
emailservice,emailservice-7d59c5dc9f-p486q,1739366686,129376256
emailservice,emailservice-7d59c5dc9f-p486q,1739366986,129335296
emailservice,emailservice-7d59c5dc9f-p486q,1739367286,129548288
emailservice,emailservice-7d59c5dc9f-p486q,1739367586,129593344
emailservice,emailservice-7d59c5dc9f-p486q,1739367886,129593344
emailservice,emailservice-7d59c5dc9f-p486q,1739368186,129646592
emailservice,emailservice-7d59c5dc9f-p486q,1739368486,129515520
emailservice,emailservice-7d59c5dc9f-p486q,1739368786,129622016
emailservice,emailservice-7d59c5dc9f-p486q,1739369086,129830912
emailservice,emailservice-7d59c5dc9f-p486q,1739369386,129736704
emailservice,emailservice-7d59c5dc9f-p486q,1739369686,129757184
emailservice,emailservice-7d59c5dc9f-p486q,1739369986,130240512
emailservice,emailservice-7d59c5dc9f-p486q,1739370286,129998848
emailservice,emailservice-7d59c5dc9f-p486q,1739370586,129904640
emailservice,emailservice-7d59c5dc9f-p486q,1739370886,128892928
emailservice,emailservice-7d59c5dc9f-p486q,1739371186,129732608
emailservice,emailservice-7d59c5dc9f-p486q,1739371486,129732608
emailservice,emailservice-7d59c5dc9f-p486q,1739371786,129744896
emailservice,emailservice-7d59c5dc9f-p486q,1739372086,129744896
emailservice,emailservice-7d59c5dc9f-p486q,1739372386,129851392
emailservice,emailservice-7d59c5dc9f-p486q,1739372686,129843200
emailservice,emailservice-7d59c5dc9f-p486q,1739372986,129900544
emailservice,emailservice-7d59c5dc9f-p486q,1739373286,129904640
emailservice,emailservice-7d59c5dc9f-p486q,1739373586,129957888
emailservice,emailservice-7d59c5dc9f-p486q,1739373886,129966080
emailservice,emailservice-7d59c5dc9f-p486q,1739374186,129994752
emailservice,emailservice-7d59c5dc9f-p486q,1739374486,130179072
emailservice,emailservice-7d59c5dc9f-p486q,1739374786,130183168
emailservice,emailservice-7d59c5dc9f-p486q,1739375086,130187264
emailservice,emailservice-7d59c5dc9f-p486q,1739375386,130191360
emailservice,emailservice-7d59c5dc9f-p486q,1739375686,129961984
emailservice,emailservice-7d59c5dc9f-p486q,1739375986,129982464
emailservice,emailservice-7d59c5dc9f-p486q,1739376286,130129920
emailservice,emailservice-7d59c5dc9f-p486q,1739376586,129957888
emailservice,emailservice-7d59c5dc9f-p486q,1739376886,129957888
emailservice,emailservice-7d59c5dc9f-p486q,1739377186,129957888
emailservice,emailservice-7d59c5dc9f-p486q,1739377486,129961984
emailservice,emailservice-7d59c5dc9f-p486q,1739377786,130162688
emailservice,emailservice-7d59c5dc9f-p486q,1739378086,130539520
emailservice,emailservice-7d59c5dc9f-p486q,1739378386,130592768
emailservice,emailservice-7d59c5dc9f-p486q,1739378686,130592768
emailservice,emailservice-7d59c5dc9f-p486q,1739378986,130650112
emailservice,emailservice-7d59c5dc9f-p486q,1739379286,130641920
emailservice,emailservice-7d59c5dc9f-p486q,1739379586,130371584
emailservice,emailservice-7d59c5dc9f-p486q,1739379886,130048000
emailservice,emailservice-7d59c5dc9f-p486q,1739380186,130187264
emailservice,emailservice-7d59c5dc9f-p486q,1739380486,130428928
emailservice,emailservice-7d59c5dc9f-p486q,1739380786,129802240
emailservice,emailservice-7d59c5dc9f-p486q,1739381086,129527808
emailservice,emailservice-7d59c5dc9f-p486q,1739381386,129679360
emailservice,emailservice-7d59c5dc9f-p486q,1739381686,130310144
emailservice,emailservice-7d59c5dc9f-p486q,1739381986,130310144
emailservice,emailservice-7d59c5dc9f-p486q,1739382286,129437696
emailservice,emailservice-7d59c5dc9f-p486q,1739382586,129441792
emailservice,emailservice-7d59c5dc9f-p486q,1739382886,129552384
emailservice,emailservice-7d59c5dc9f-p486q,1739383186,130166784
emailservice,emailservice-7d59c5dc9f-p486q,1739383486,130162688
emailservice,emailservice-7d59c5dc9f-p486q,1739383786,130097152
emailservice,emailservice-7d59c5dc9f-p486q,1739384086,130101248
emailservice,emailservice-7d59c5dc9f-p486q,1739384386,130101248
emailservice,emailservice-7d59c5dc9f-p486q,1739384686,130101248
emailservice,emailservice-7d59c5dc9f-p486q,1739384986,130007040
emailservice,emailservice-7d59c5dc9f-p486q,1739385286,130383872
emailservice,emailservice-7d59c5dc9f-p486q,1739385586,130699264
emailservice,emailservice-7d59c5dc9f-p486q,1739385886,130695168
emailservice,emailservice-7d59c5dc9f-p486q,1739386186,130699264
emailservice,emailservice-7d59c5dc9f-p486q,1739386486,130699264
emailservice,emailservice-7d59c5dc9f-p486q,1739386786,130883584
emailservice,emailservice-7d59c5dc9f-p486q,1739387086,111325184
emailservice,emailservice-7d59c5dc9f-p486q,1739387386,111890432
emailservice,emailservice-7d59c5dc9f-p486q,1739387686,112230400
emailservice,emailservice-7d59c5dc9f-p486q,1739387986,111886336
emailservice,emailservice-7d59c5dc9f-p486q,1739388286,112406528
emailservice,emailservice-7d59c5dc9f-p486q,1739388586,114655232
emailservice,emailservice-7d59c5dc9f-p486q,1739388886,116834304
emailservice,emailservice-7d59c5dc9f-p486q,1739389186,117628928
emailservice,emailservice-7d59c5dc9f-p486q,1739389486,117698560
emailservice,emailservice-7d59c5dc9f-p486q,1739389786,117727232
emailservice,emailservice-7d59c5dc9f-p486q,1739390086,117731328
emailservice,emailservice-7d59c5dc9f-p486q,1739390386,117747712
emailservice,emailservice-7d59c5dc9f-p486q,1739390686,118353920
emailservice,emailservice-7d59c5dc9f-p486q,1739390986,118374400
emailservice,emailservice-7d59c5dc9f-p486q,1739391286,118386688
emailservice,emailservice-7d59c5dc9f-p486q,1739391586,118415360
emailservice,emailservice-7d59c5dc9f-p486q,1739391886,118304768
emailservice,emailservice-7d59c5dc9f-p486q,1739392186,118530048
emailservice,emailservice-7d59c5dc9f-p486q,1739392486,118677504
emailservice,emailservice-7d59c5dc9f-p486q,1739392786,118870016
emailservice,emailservice-7d59c5dc9f-p486q,1739393086,118702080
emailservice,emailservice-7d59c5dc9f-p486q,1739393386,118792192
emailservice,emailservice-7d59c5dc9f-p486q,1739393686,118820864
emailservice,emailservice-7d59c5dc9f-p486q,1739393986,118833152
emailservice,emailservice-7d59c5dc9f-p486q,1739394286,119099392
emailservice,emailservice-7d59c5dc9f-p486q,1739394586,119357440
emailservice,emailservice-7d59c5dc9f-p486q,1739394886,119476224
emailservice,emailservice-7d59c5dc9f-p486q,1739395186,119603200
emailservice,emailservice-7d59c5dc9f-p486q,1739395486,119607296
emailservice,emailservice-7d59c5dc9f-p486q,1739395786,119652352
emailservice,emailservice-7d59c5dc9f-p486q,1739396086,119644160
emailservice,emailservice-7d59c5dc9f-p486q,1739396386,119517184
emailservice,emailservice-7d59c5dc9f-p486q,1739396686,119521280
emailservice,emailservice-7d59c5dc9f-p486q,1739396986,119521280
emailservice,emailservice-7d59c5dc9f-p486q,1739397286,119578624
emailservice,emailservice-7d59c5dc9f-p486q,1739397586,119529472
emailservice,emailservice-7d59c5dc9f-p486q,1739397886,118943744
emailservice,emailservice-7d59c5dc9f-p486q,1739398186,118939648
emailservice,emailservice-7d59c5dc9f-p486q,1739398486,118943744
emailservice,emailservice-7d59c5dc9f-p486q,1739398786,118956032
emailservice,emailservice-7d59c5dc9f-p486q,1739399086,118968320
emailservice,emailservice-7d59c5dc9f-p486q,1739399386,119205888
emailservice,emailservice-7d59c5dc9f-p486q,1739399686,119083008
emailservice,emailservice-7d59c5dc9f-p486q,1739399986,118976512
emailservice,emailservice-7d59c5dc9f-p486q,1739400286,118988800
emailservice,emailservice-7d59c5dc9f-p486q,1739400586,119001088
emailservice,emailservice-7d59c5dc9f-p486q,1739400886,118996992
emailservice,emailservice-7d59c5dc9f-p486q,1739401186,118996992
emailservice,emailservice-7d59c5dc9f-p486q,1739401486,119054336
emailservice,emailservice-7d59c5dc9f-p486q,1739401786,119001088
emailservice,emailservice-7d59c5dc9f-p486q,1739402086,119033856
emailservice,emailservice-7d59c5dc9f-p486q,1739402386,119029760
emailservice,emailservice-7d59c5dc9f-p486q,1739402686,119037952
emailservice,emailservice-7d59c5dc9f-p486q,1739402986,119066624
emailservice,emailservice-7d59c5dc9f-p486q,1739403286,119013376
emailservice,emailservice-7d59c5dc9f-p486q,1739403586,119439360
emailservice,emailservice-7d59c5dc9f-p486q,1739403886,119463936
emailservice,emailservice-7d59c5dc9f-p486q,1739404186,119029760
emailservice,emailservice-7d59c5dc9f-p486q,1739404486,119656448
emailservice,emailservice-7d59c5dc9f-p486q,1739404786,119668736
emailservice,emailservice-7d59c5dc9f-p486q,1739405086,119906304
emailservice,emailservice-7d59c5dc9f-p486q,1739405386,119574528
emailservice,emailservice-7d59c5dc9f-p486q,1739405686,119627776
emailservice,emailservice-7d59c5dc9f-p486q,1739405986,119771136
emailservice,emailservice-7d59c5dc9f-p486q,1739406286,119803904
emailservice,emailservice-7d59c5dc9f-p486q,1739406586,119603200
emailservice,emailservice-7d59c5dc9f-p486q,1739406886,119799808
emailservice,emailservice-7d59c5dc9f-p486q,1739407186,119816192
emailservice,emailservice-7d59c5dc9f-p486q,1739407486,119947264
emailservice,emailservice-7d59c5dc9f-p486q,1739407786,119947264
emailservice,emailservice-7d59c5dc9f-p486q,1739408086,119967744
emailservice,emailservice-7d59c5dc9f-p486q,1739408386,119128064
emailservice,emailservice-7d59c5dc9f-p486q,1739408686,119128064
emailservice,emailservice-7d59c5dc9f-p486q,1739408986,119418880
emailservice,emailservice-7d59c5dc9f-p486q,1739409286,119492608
emailservice,emailservice-7d59c5dc9f-p486q,1739409586,119517184
emailservice,emailservice-7d59c5dc9f-p486q,1739409886,119582720
emailservice,emailservice-7d59c5dc9f-p486q,1739410186,119595008
emailservice,emailservice-7d59c5dc9f-p486q,1739410486,119595008
emailservice,emailservice-7d59c5dc9f-p486q,1739410786,119709696
emailservice,emailservice-7d59c5dc9f-p486q,1739411086,119693312
emailservice,emailservice-7d59c5dc9f-p486q,1739411386,119697408
emailservice,emailservice-7d59c5dc9f-p486q,1739411686,119730176
emailservice,emailservice-7d59c5dc9f-p486q,1739411986,119738368
emailservice,emailservice-7d59c5dc9f-p486q,1739412286,120000512
emailservice,emailservice-7d59c5dc9f-p486q,1739412586,120049664
emailservice,emailservice-7d59c5dc9f-p486q,1739412886,120139776
emailservice,emailservice-7d59c5dc9f-p486q,1739413186,120160256
emailservice,emailservice-7d59c5dc9f-p486q,1739413486,119431168
emailservice,emailservice-7d59c5dc9f-p486q,1739413786,119439360
emailservice,emailservice-7d59c5dc9f-p486q,1739414086,119549952
emailservice,emailservice-7d59c5dc9f-p486q,1739414386,119803904
emailservice,emailservice-7d59c5dc9f-p486q,1739414686,120094720
emailservice,emailservice-7d59c5dc9f-p486q,1739414986,120180736
emailservice,emailservice-7d59c5dc9f-p486q,1739415286,120176640
emailservice,emailservice-7d59c5dc9f-p486q,1739415586,120184832
emailservice,emailservice-7d59c5dc9f-p486q,1739415886,120172544
emailservice,emailservice-7d59c5dc9f-p486q,1739416186,120164352
emailservice,emailservice-7d59c5dc9f-p486q,1739416486,119914496
emailservice,emailservice-7d59c5dc9f-p486q,1739416786,120201216
emailservice,emailservice-7d59c5dc9f-p486q,1739417086,120221696
emailservice,emailservice-7d59c5dc9f-p486q,1739417386,120225792
emailservice,emailservice-7d59c5dc9f-p486q,1739417686,120745984
emailservice,emailservice-7d59c5dc9f-p486q,1739417986,120242176
emailservice,emailservice-7d59c5dc9f-p486q,1739418286,120086528
emailservice,emailservice-7d59c5dc9f-p486q,1739418586,119500800
emailservice,emailservice-7d59c5dc9f-p486q,1739418886,119529472
emailservice,emailservice-7d59c5dc9f-p486q,1739419186,119480320
emailservice,emailservice-7d59c5dc9f-p486q,1739419486,119713792
emailservice,emailservice-7d59c5dc9f-p486q,1739419786,119840768
emailservice,emailservice-7d59c5dc9f-p486q,1739420086,120434688
emailservice,emailservice-7d59c5dc9f-p486q,1739420386,120270848
emailservice,emailservice-7d59c5dc9f-p486q,1739420686,120762368
emailservice,emailservice-7d59c5dc9f-p486q,1739420986,120389632
emailservice,emailservice-7d59c5dc9f-p486q,1739421286,120389632
emailservice,emailservice-7d59c5dc9f-p486q,1739421586,120168448
emailservice,emailservice-7d59c5dc9f-p486q,1739421886,120184832
emailservice,emailservice-7d59c5dc9f-p486q,1739422186,120180736
emailservice,emailservice-7d59c5dc9f-p486q,1739422486,119996416
emailservice,emailservice-7d59c5dc9f-p486q,1739422786,119918592
emailservice,emailservice-7d59c5dc9f-p486q,1739423086,119992320
emailservice,emailservice-7d59c5dc9f-p486q,1739423386,120389632
emailservice,emailservice-7d59c5dc9f-p486q,1739423686,120389632
emailservice,emailservice-7d59c5dc9f-p486q,1739423986,119865344
emailservice,emailservice-7d59c5dc9f-p486q,1739424286,120041472
emailservice,emailservice-7d59c5dc9f-p486q,1739424586,120066048
emailservice,emailservice-7d59c5dc9f-p486q,1739424886,119980032
emailservice,emailservice-7d59c5dc9f-p486q,1739425186,120139776
emailservice,emailservice-7d59c5dc9f-p486q,1739425486,120147968
emailservice,emailservice-7d59c5dc9f-p486q,1739425786,120209408
emailservice,emailservice-7d59c5dc9f-p486q,1739426086,120213504
emailservice,emailservice-7d59c5dc9f-p486q,1739426386,120053760
emailservice,emailservice-7d59c5dc9f-p486q,1739426686,120053760
emailservice,emailservice-7d59c5dc9f-p486q,1739426986,120508416
emailservice,emailservice-7d59c5dc9f-p486q,1739427286,120508416
emailservice,emailservice-7d59c5dc9f-p486q,1739427586,120545280
emailservice,emailservice-7d59c5dc9f-p486q,1739427886,120545280
emailservice,emailservice-7d59c5dc9f-p486q,1739428186,120242176
emailservice,emailservice-7d59c5dc9f-p486q,1739428486,122748928
emailservice,emailservice-7d59c5dc9f-p486q,1739428786,122843136
emailservice,emailservice-7d59c5dc9f-p486q,1739429086,122707968
emailservice,emailservice-7d59c5dc9f-p486q,1739429386,122298368
emailservice,emailservice-7d59c5dc9f-p486q,1739429686,122302464
emailservice,emailservice-7d59c5dc9f-p486q,1739429986,122306560
emailservice,emailservice-7d59c5dc9f-p486q,1739430286,122241024
emailservice,emailservice-7d59c5dc9f-p486q,1739430586,122343424
emailservice,emailservice-7d59c5dc9f-p486q,1739430886,122683392
emailservice,emailservice-7d59c5dc9f-p486q,1739431186,122884096
emailservice,emailservice-7d59c5dc9f-p486q,1739431486,122531840
emailservice,emailservice-7d59c5dc9f-p486q,1739431786,123273216
emailservice,emailservice-7d59c5dc9f-p486q,1739432086,123682816
emailservice,emailservice-7d59c5dc9f-p486q,1739432386,123916288
emailservice,emailservice-7d59c5dc9f-p486q,1739432686,123924480
emailservice,emailservice-7d59c5dc9f-p486q,1739432986,123703296
emailservice,emailservice-7d59c5dc9f-p486q,1739433286,123277312
emailservice,emailservice-7d59c5dc9f-p486q,1739433586,123162624
emailservice,emailservice-7d59c5dc9f-p486q,1739433886,123310080
emailservice,emailservice-7d59c5dc9f-p486q,1739434186,123543552
emailservice,emailservice-7d59c5dc9f-p486q,1739434486,123543552
emailservice,emailservice-7d59c5dc9f-p486q,1739434786,123187200
emailservice,emailservice-7d59c5dc9f-p486q,1739435086,123195392
emailservice,emailservice-7d59c5dc9f-p486q,1739435386,123199488
emailservice,emailservice-7d59c5dc9f-p486q,1739435686,123129856
emailservice,emailservice-7d59c5dc9f-p486q,1739435986,123125760
emailservice,emailservice-7d59c5dc9f-p486q,1739436286,123121664
emailservice,emailservice-7d59c5dc9f-p486q,1739436586,123420672
emailservice,emailservice-7d59c5dc9f-p486q,1739436886,123416576
emailservice,emailservice-7d59c5dc9f-p486q,1739437186,123412480
emailservice,emailservice-7d59c5dc9f-p486q,1739437486,123330560
emailservice,emailservice-7d59c5dc9f-p486q,1739437786,123330560
emailservice,emailservice-7d59c5dc9f-p486q,1739438086,123584512
emailservice,emailservice-7d59c5dc9f-p486q,1739438386,123797504
emailservice,emailservice-7d59c5dc9f-p486q,1739438686,123789312
emailservice,emailservice-7d59c5dc9f-p486q,1739438986,123871232
emailservice,emailservice-7d59c5dc9f-p486q,1739439286,123539456
emailservice,emailservice-7d59c5dc9f-p486q,1739439586,123719680
emailservice,emailservice-7d59c5dc9f-p486q,1739439886,123756544
emailservice,emailservice-7d59c5dc9f-p486q,1739440186,123912192
emailservice,emailservice-7d59c5dc9f-p486q,1739440486,123359232
emailservice,emailservice-7d59c5dc9f-p486q,1739440786,123396096
emailservice,emailservice-7d59c5dc9f-p486q,1739441086,123396096
emailservice,emailservice-7d59c5dc9f-p486q,1739441386,123400192
emailservice,emailservice-7d59c5dc9f-p486q,1739441686,123396096
emailservice,emailservice-7d59c5dc9f-p486q,1739441986,123396096
emailservice,emailservice-7d59c5dc9f-p486q,1739442286,123056128
emailservice,emailservice-7d59c5dc9f-p486q,1739442586,123293696
emailservice,emailservice-7d59c5dc9f-p486q,1739442886,123166720
emailservice,emailservice-7d59c5dc9f-p486q,1739443186,123854848
emailservice,emailservice-7d59c5dc9f-p486q,1739443486,123854848
emailservice,emailservice-7d59c5dc9f-p486q,1739443786,123850752
emailservice,emailservice-7d59c5dc9f-p486q,1739444086,123854848
emailservice,emailservice-7d59c5dc9f-p486q,1739444386,123662336
emailservice,emailservice-7d59c5dc9f-p486q,1739444686,123834368
emailservice,emailservice-7d59c5dc9f-p486q,1739444986,124002304
emailservice,emailservice-7d59c5dc9f-p486q,1739445286,124014592
emailservice,emailservice-7d59c5dc9f-p486q,1739445586,123822080
emailservice,emailservice-7d59c5dc9f-p486q,1739445886,123830272
emailservice,emailservice-7d59c5dc9f-p486q,1739446186,123891712
emailservice,emailservice-7d59c5dc9f-p486q,1739446486,124022784
emailservice,emailservice-7d59c5dc9f-p486q,1739446786,124022784
emailservice,emailservice-7d59c5dc9f-p486q,1739447086,123887616
emailservice,emailservice-7d59c5dc9f-p486q,1739447386,124121088
emailservice,emailservice-7d59c5dc9f-p486q,1739447686,124129280
emailservice,emailservice-7d59c5dc9f-p486q,1739447986,124125184
emailservice,emailservice-7d59c5dc9f-p486q,1739448286,124145664
emailservice,emailservice-7d59c5dc9f-p486q,1739448586,124477440
emailservice,emailservice-7d59c5dc9f-p486q,1739448886,124911616
emailservice,emailservice-7d59c5dc9f-p486q,1739449186,123830272
emailservice,emailservice-7d59c5dc9f-p486q,1739449486,123834368
emailservice,emailservice-7d59c5dc9f-p486q,1739449786,123654144
emailservice,emailservice-7d59c5dc9f-p486q,1739450086,124108800
emailservice,emailservice-7d59c5dc9f-p486q,1739450386,124112896
emailservice,emailservice-7d59c5dc9f-p486q,1739450686,124538880
emailservice,emailservice-7d59c5dc9f-p486q,1739450986,124428288
emailservice,emailservice-7d59c5dc9f-p486q,1739451286,124461056
emailservice,emailservice-7d59c5dc9f-p486q,1739451586,124678144
emailservice,emailservice-7d59c5dc9f-p486q,1739451886,124076032
emailservice,emailservice-7d59c5dc9f-p486q,1739452186,124440576
emailservice,emailservice-7d59c5dc9f-p486q,1739452486,124436480
emailservice,emailservice-7d59c5dc9f-p486q,1739452786,124583936
emailservice,emailservice-7d59c5dc9f-p486q,1739453086,124583936
emailservice,emailservice-7d59c5dc9f-p486q,1739453386,124583936
emailservice,emailservice-7d59c5dc9f-p486q,1739453686,124952576
emailservice,emailservice-7d59c5dc9f-p486q,1739453986,124522496
emailservice,emailservice-7d59c5dc9f-p486q,1739454286,124813312
emailservice,emailservice-7d59c5dc9f-p486q,1739454586,124502016
emailservice,emailservice-7d59c5dc9f-p486q,1739454886,125321216
emailservice,emailservice-7d59c5dc9f-p486q,1739455186,125325312
emailservice,emailservice-7d59c5dc9f-p486q,1739455486,125272064
emailservice,emailservice-7d59c5dc9f-p486q,1739455786,125353984
emailservice,emailservice-7d59c5dc9f-p486q,1739456086,125030400
emailservice,emailservice-7d59c5dc9f-p486q,1739456386,125059072
emailservice,emailservice-7d59c5dc9f-p486q,1739456686,123219968
emailservice,emailservice-7d59c5dc9f-p486q,1739456986,123219968
emailservice,emailservice-7d59c5dc9f-p486q,1739457286,123289600
emailservice,emailservice-7d59c5dc9f-p486q,1739457586,123457536
emailservice,emailservice-7d59c5dc9f-p486q,1739457886,122789888
emailservice,emailservice-7d59c5dc9f-p486q,1739458186,123269120
emailservice,emailservice-7d59c5dc9f-p486q,1739458486,123338752
emailservice,emailservice-7d59c5dc9f-p486q,1739458786,123334656
emailservice,emailservice-7d59c5dc9f-p486q,1739459086,123334656
emailservice,emailservice-7d59c5dc9f-p486q,1739459386,123334656
emailservice,emailservice-7d59c5dc9f-p486q,1739459686,123744256
emailservice,emailservice-7d59c5dc9f-p486q,1739459986,123842560
emailservice,emailservice-7d59c5dc9f-p486q,1739460286,123846656
emailservice,emailservice-7d59c5dc9f-p486q,1739460586,123842560
emailservice,emailservice-7d59c5dc9f-p486q,1739460886,123850752
emailservice,emailservice-7d59c5dc9f-p486q,1739461186,124035072
emailservice,emailservice-7d59c5dc9f-p486q,1739461486,124043264
emailservice,emailservice-7d59c5dc9f-p486q,1739461786,124047360
emailservice,emailservice-7d59c5dc9f-p486q,1739462086,124379136
emailservice,emailservice-7d59c5dc9f-p486q,1739462386,124735488
emailservice,emailservice-7d59c5dc9f-p486q,1739462686,124739584
emailservice,emailservice-7d59c5dc9f-p486q,1739462986,124645376
emailservice,emailservice-7d59c5dc9f-p486q,1739463286,124227584
emailservice,emailservice-7d59c5dc9f-p486q,1739463586,124153856
emailservice,emailservice-7d59c5dc9f-p486q,1739463886,123613184
emailservice,emailservice-7d59c5dc9f-p486q,1739464186,113741824
emailservice,emailservice-7d59c5dc9f-p486q,1739464486,113741824
emailservice,emailservice-7d59c5dc9f-p486q,1739464786,113881088
emailservice,emailservice-7d59c5dc9f-p486q,1739465086,114122752
emailservice,emailservice-7d59c5dc9f-p486q,1739465386,114503680
emailservice,emailservice-7d59c5dc9f-p486q,1739465686,114806784
emailservice,emailservice-7d59c5dc9f-p486q,1739465986,114700288
emailservice,emailservice-7d59c5dc9f-p486q,1739466286,114708480
emailservice,emailservice-7d59c5dc9f-p486q,1739466586,115073024
emailservice,emailservice-7d59c5dc9f-p486q,1739466886,114622464
emailservice,emailservice-7d59c5dc9f-p486q,1739467186,114622464
emailservice,emailservice-7d59c5dc9f-p486q,1739467486,114823168
emailservice,emailservice-7d59c5dc9f-p486q,1739467786,114823168
emailservice,emailservice-7d59c5dc9f-p486q,1739468086,114982912
emailservice,emailservice-7d59c5dc9f-p486q,1739468386,114888704
emailservice,emailservice-7d59c5dc9f-p486q,1739468686,115105792
emailservice,emailservice-7d59c5dc9f-p486q,1739468986,115126272
emailservice,emailservice-7d59c5dc9f-p486q,1739469286,115122176
emailservice,emailservice-7d59c5dc9f-p486q,1739469586,115126272
emailservice,emailservice-7d59c5dc9f-p486q,1739469886,114143232
emailservice,emailservice-7d59c5dc9f-p486q,1739470186,113807360
emailservice,emailservice-7d59c5dc9f-p486q,1739470486,113950720
emailservice,emailservice-7d59c5dc9f-p486q,1739470786,113942528
emailservice,emailservice-7d59c5dc9f-p486q,1739471086,113942528
emailservice,emailservice-7d59c5dc9f-p486q,1739471386,113942528
emailservice,emailservice-7d59c5dc9f-p486q,1739471686,113942528
emailservice,emailservice-7d59c5dc9f-p486q,1739471986,113942528
emailservice,emailservice-7d59c5dc9f-p486q,1739472286,113524736
emailservice,emailservice-7d59c5dc9f-p486q,1739472586,113524736
emailservice,emailservice-7d59c5dc9f-p486q,1739472886,113524736
emailservice,emailservice-7d59c5dc9f-p486q,1739473186,113524736
emailservice,emailservice-7d59c5dc9f-p486q,1739473486,114204672
emailservice,emailservice-7d59c5dc9f-p486q,1739473786,113590272
emailservice,emailservice-7d59c5dc9f-p486q,1739474086,114053120
emailservice,emailservice-7d59c5dc9f-p486q,1739474386,114122752
emailservice,emailservice-7d59c5dc9f-p486q,1739474686,114368512
emailservice,emailservice-7d59c5dc9f-p486q,1739474986,114368512
emailservice,emailservice-7d59c5dc9f-p486q,1739475286,114364416
emailservice,emailservice-7d59c5dc9f-p486q,1739475586,114364416
emailservice,emailservice-7d59c5dc9f-p486q,1739475886,114339840
emailservice,emailservice-7d59c5dc9f-p486q,1739476186,113963008
emailservice,emailservice-7d59c5dc9f-p486q,1739476486,113373184
emailservice,emailservice-7d59c5dc9f-p486q,1739476786,113385472
emailservice,emailservice-7d59c5dc9f-p486q,1739477086,113373184
emailservice,emailservice-7d59c5dc9f-p486q,1739477386,113758208
emailservice,emailservice-7d59c5dc9f-p486q,1739477686,114032640
emailservice,emailservice-7d59c5dc9f-p486q,1739477986,114298880
emailservice,emailservice-7d59c5dc9f-p486q,1739478286,114380800
emailservice,emailservice-7d59c5dc9f-p486q,1739478586,114380800
emailservice,emailservice-7d59c5dc9f-p486q,1739478886,114380800
emailservice,emailservice-7d59c5dc9f-p486q,1739479186,114429952
emailservice,emailservice-7d59c5dc9f-p486q,1739479486,114794496
emailservice,emailservice-7d59c5dc9f-p486q,1739479786,114769920
emailservice,emailservice-7d59c5dc9f-p486q,1739480086,114769920
emailservice,emailservice-7d59c5dc9f-p486q,1739480386,114483200
emailservice,emailservice-7d59c5dc9f-p486q,1739480686,114483200
emailservice,emailservice-7d59c5dc9f-p486q,1739480986,114483200
emailservice,emailservice-7d59c5dc9f-p486q,1739481286,114774016
emailservice,emailservice-7d59c5dc9f-p486q,1739481586,114552832
emailservice,emailservice-7d59c5dc9f-p486q,1739481886,114016256
emailservice,emailservice-7d59c5dc9f-p486q,1739482186,114020352
emailservice,emailservice-7d59c5dc9f-p486q,1739482486,114020352
emailservice,emailservice-7d59c5dc9f-p486q,1739482786,114020352
emailservice,emailservice-7d59c5dc9f-p486q,1739483086,113623040
emailservice,emailservice-7d59c5dc9f-p486q,1739483386,113618944
emailservice,emailservice-7d59c5dc9f-p486q,1739483686,113700864
emailservice,emailservice-7d59c5dc9f-p486q,1739483986,113704960
emailservice,emailservice-7d59c5dc9f-p486q,1739484286,113750016
emailservice,emailservice-7d59c5dc9f-p486q,1739484586,113741824
emailservice,emailservice-7d59c5dc9f-p486q,1739484886,114270208
emailservice,emailservice-7d59c5dc9f-p486q,1739485186,114106368
emailservice,emailservice-7d59c5dc9f-p486q,1739485486,114274304
emailservice,emailservice-7d59c5dc9f-p486q,1739485786,113790976
emailservice,emailservice-7d59c5dc9f-p486q,1739486086,114036736
emailservice,emailservice-7d59c5dc9f-p486q,1739486386,114061312
emailservice,emailservice-7d59c5dc9f-p486q,1739486686,113868800
emailservice,emailservice-7d59c5dc9f-p486q,1739486986,114073600
emailservice,emailservice-7d59c5dc9f-p486q,1739487286,114167808
emailservice,emailservice-7d59c5dc9f-p486q,1739487586,114167808
emailservice,emailservice-7d59c5dc9f-p486q,1739487886,113971200
emailservice,emailservice-7d59c5dc9f-p486q,1739488186,113971200
emailservice,emailservice-7d59c5dc9f-p486q,1739488486,114126848
emailservice,emailservice-7d59c5dc9f-p486q,1739488786,114204672
emailservice,emailservice-7d59c5dc9f-p486q,1739489086,114212864
emailservice,emailservice-7d59c5dc9f-p486q,1739489386,114249728
emailservice,emailservice-7d59c5dc9f-p486q,1739489686,114311168
emailservice,emailservice-7d59c5dc9f-p486q,1739489986,113782784
emailservice,emailservice-7d59c5dc9f-p486q,1739490286,113819648
emailservice,emailservice-7d59c5dc9f-p486q,1739490586,113971200
emailservice,emailservice-7d59c5dc9f-p486q,1739490886,114069504
emailservice,emailservice-7d59c5dc9f-p486q,1739491186,113836032
emailservice,emailservice-7d59c5dc9f-p486q,1739491486,114106368
emailservice,emailservice-7d59c5dc9f-p486q,1739491786,113684480
emailservice,emailservice-7d59c5dc9f-p486q,1739492086,114094080
emailservice,emailservice-7d59c5dc9f-p486q,1739492386,113987584
emailservice,emailservice-7d59c5dc9f-p486q,1739492686,113995776
emailservice,emailservice-7d59c5dc9f-p486q,1739492986,114012160
emailservice,emailservice-7d59c5dc9f-p486q,1739493286,113991680
emailservice,emailservice-7d59c5dc9f-p486q,1739493586,114204672
emailservice,emailservice-7d59c5dc9f-p486q,1739493886,113963008
emailservice,emailservice-7d59c5dc9f-p486q,1739494186,113971200
emailservice,emailservice-7d59c5dc9f-p486q,1739494486,113737728
emailservice,emailservice-7d59c5dc9f-p486q,1739494786,113795072
emailservice,emailservice-7d59c5dc9f-p486q,1739495086,113917952
emailservice,emailservice-7d59c5dc9f-p486q,1739495386,114028544
emailservice,emailservice-7d59c5dc9f-p486q,1739495686,114348032
emailservice,emailservice-7d59c5dc9f-p486q,1739495986,114102272
emailservice,emailservice-7d59c5dc9f-p486q,1739496286,113668096
emailservice,emailservice-7d59c5dc9f-p486q,1739496586,113709056
emailservice,emailservice-7d59c5dc9f-p486q,1739496886,113713152
emailservice,emailservice-7d59c5dc9f-p486q,1739497186,114204672
emailservice,emailservice-7d59c5dc9f-p486q,1739497486,113741824
emailservice,emailservice-7d59c5dc9f-p486q,1739497786,114085888
emailservice,emailservice-7d59c5dc9f-p486q,1739498086,114229248
emailservice,emailservice-7d59c5dc9f-p486q,1739498386,114270208
emailservice,emailservice-7d59c5dc9f-p486q,1739498686,114122752
emailservice,emailservice-7d59c5dc9f-p486q,1739498986,114196480
emailservice,emailservice-7d59c5dc9f-p486q,1739499286,114089984
emailservice,emailservice-7d59c5dc9f-p486q,1739499586,113844224
emailservice,emailservice-7d59c5dc9f-p486q,1739499886,114237440
emailservice,emailservice-7d59c5dc9f-p486q,1739500186,114249728
emailservice,emailservice-7d59c5dc9f-p486q,1739500486,114253824
emailservice,emailservice-7d59c5dc9f-p486q,1739500786,113934336
emailservice,emailservice-7d59c5dc9f-p486q,1739501086,114634752
emailservice,emailservice-7d59c5dc9f-p486q,1739501386,114667520
emailservice,emailservice-7d59c5dc9f-p486q,1739501686,114257920
emailservice,emailservice-7d59c5dc9f-p486q,1739501986,114348032
emailservice,emailservice-7d59c5dc9f-p486q,1739502286,114348032
emailservice,emailservice-7d59c5dc9f-p486q,1739502586,113831936
emailservice,emailservice-7d59c5dc9f-p486q,1739502886,113836032
emailservice,emailservice-7d59c5dc9f-p486q,1739503186,113979392
emailservice,emailservice-7d59c5dc9f-p486q,1739503486,113979392
emailservice,emailservice-7d59c5dc9f-p486q,1739503786,113680384
emailservice,emailservice-7d59c5dc9f-p486q,1739504086,113680384
emailservice,emailservice-7d59c5dc9f-p486q,1739504386,113885184
emailservice,emailservice-7d59c5dc9f-p486q,1739504686,114024448
emailservice,emailservice-7d59c5dc9f-p486q,1739504986,113893376
emailservice,emailservice-7d59c5dc9f-p486q,1739505286,113950720
emailservice,emailservice-7d59c5dc9f-p486q,1739505586,113999872
emailservice,emailservice-7d59c5dc9f-p486q,1739505886,113848320
emailservice,emailservice-7d59c5dc9f-p486q,1739506186,113848320
emailservice,emailservice-7d59c5dc9f-p486q,1739506486,114040832
emailservice,emailservice-7d59c5dc9f-p486q,1739506786,114429952
emailservice,emailservice-7d59c5dc9f-p486q,1739507086,114450432
emailservice,emailservice-7d59c5dc9f-p486q,1739507386,114143232
emailservice,emailservice-7d59c5dc9f-p486q,1739507686,113971200
emailservice,emailservice-7d59c5dc9f-p486q,1739507986,114216960
emailservice,emailservice-7d59c5dc9f-p486q,1739508286,113848320
emailservice,emailservice-7d59c5dc9f-p486q,1739508586,114634752
emailservice,emailservice-7d59c5dc9f-p486q,1739508886,114634752
emailservice,emailservice-7d59c5dc9f-p486q,1739509186,114040832
emailservice,emailservice-7d59c5dc9f-p486q,1739509486,114040832
emailservice,emailservice-7d59c5dc9f-p486q,1739509786,114192384
emailservice,emailservice-7d59c5dc9f-p486q,1739510086,114307072
emailservice,emailservice-7d59c5dc9f-p486q,1739510386,114307072
emailservice,emailservice-7d59c5dc9f-p486q,1739510686,114311168
emailservice,emailservice-7d59c5dc9f-p486q,1739510986,114307072
emailservice,emailservice-7d59c5dc9f-p486q,1739511286,114008064
emailservice,emailservice-7d59c5dc9f-p486q,1739511586,114262016
emailservice,emailservice-7d59c5dc9f-p486q,1739511886,114401280
emailservice,emailservice-7d59c5dc9f-p486q,1739512186,114380800
emailservice,emailservice-7d59c5dc9f-p486q,1739512486,113856512
emailservice,emailservice-7d59c5dc9f-p486q,1739512786,114278400
emailservice,emailservice-7d59c5dc9f-p486q,1739513086,114343936
emailservice,emailservice-7d59c5dc9f-p486q,1739513386,114343936
emailservice,emailservice-7d59c5dc9f-p486q,1739513686,113647616
emailservice,emailservice-7d59c5dc9f-p486q,1739513986,114724864
emailservice,emailservice-7d59c5dc9f-p486q,1739514286,114393088
emailservice,emailservice-7d59c5dc9f-p486q,1739514586,114618368
emailservice,emailservice-7d59c5dc9f-p486q,1739514886,114667520
emailservice,emailservice-7d59c5dc9f-p486q,1739515186,114515968
emailservice,emailservice-7d59c5dc9f-p486q,1739515486,114319360
emailservice,emailservice-7d59c5dc9f-p486q,1739515786,113819648
emailservice,emailservice-7d59c5dc9f-p486q,1739516086,114208768
emailservice,emailservice-7d59c5dc9f-p486q,1739516386,114380800
emailservice,emailservice-7d59c5dc9f-p486q,1739516686,113631232
emailservice,emailservice-7d59c5dc9f-p486q,1739516986,113815552
emailservice,emailservice-7d59c5dc9f-p486q,1739517286,114425856
emailservice,emailservice-7d59c5dc9f-p486q,1739517586,114872320
emailservice,emailservice-7d59c5dc9f-p486q,1739517886,114974720
emailservice,emailservice-7d59c5dc9f-p486q,1739518186,113860608
emailservice,emailservice-7d59c5dc9f-p486q,1739518486,113860608
emailservice,emailservice-7d59c5dc9f-p486q,1739518786,113545216
emailservice,emailservice-7d59c5dc9f-p486q,1739519086,113733632
emailservice,emailservice-7d59c5dc9f-p486q,1739519386,114130944
emailservice,emailservice-7d59c5dc9f-p486q,1739519686,114950144
emailservice,emailservice-7d59c5dc9f-p486q,1739519986,114962432
emailservice,emailservice-7d59c5dc9f-p486q,1739520286,114966528
emailservice,emailservice-7d59c5dc9f-p486q,1739520586,115019776
emailservice,emailservice-7d59c5dc9f-p486q,1739520886,115449856
emailservice,emailservice-7d59c5dc9f-p486q,1739521186,115453952
emailservice,emailservice-7d59c5dc9f-p486q,1739521486,115924992
emailservice,emailservice-7d59c5dc9f-p486q,1739521786,115929088
emailservice,emailservice-7d59c5dc9f-p486q,1739522086,115929088
emailservice,emailservice-7d59c5dc9f-p486q,1739522386,116154368
emailservice,emailservice-7d59c5dc9f-p486q,1739522686,116482048
emailservice,emailservice-7d59c5dc9f-p486q,1739522986,116011008
emailservice,emailservice-7d59c5dc9f-p486q,1739523286,114802688
emailservice,emailservice-7d59c5dc9f-p486q,1739523586,113758208
emailservice,emailservice-7d59c5dc9f-p486q,1739523886,113770496
emailservice,emailservice-7d59c5dc9f-p486q,1739524186,113598464
emailservice,emailservice-7d59c5dc9f-p486q,1739524486,113598464
emailservice,emailservice-7d59c5dc9f-p486q,1739524786,113602560
emailservice,emailservice-7d59c5dc9f-p486q,1739525086,113602560
emailservice,emailservice-7d59c5dc9f-p486q,1739525386,113598464
emailservice,emailservice-7d59c5dc9f-p486q,1739525686,114196480
emailservice,emailservice-7d59c5dc9f-p486q,1739525986,114196480
emailservice,emailservice-7d59c5dc9f-p486q,1739526286,114200576
emailservice,emailservice-7d59c5dc9f-p486q,1739526586,114221056
emailservice,emailservice-7d59c5dc9f-p486q,1739526886,113930240
emailservice,emailservice-7d59c5dc9f-p486q,1739527186,114098176
emailservice,emailservice-7d59c5dc9f-p486q,1739527486,114061312
emailservice,emailservice-7d59c5dc9f-p486q,1739527786,114061312
emailservice,emailservice-7d59c5dc9f-p486q,1739528086,114442240
emailservice,emailservice-7d59c5dc9f-p486q,1739528386,114622464
emailservice,emailservice-7d59c5dc9f-p486q,1739528686,114679808
emailservice,emailservice-7d59c5dc9f-p486q,1739528986,115109888
emailservice,emailservice-7d59c5dc9f-p486q,1739529286,115109888
emailservice,emailservice-7d59c5dc9f-p486q,1739529586,115109888
emailservice,emailservice-7d59c5dc9f-p486q,1739529886,115118080
emailservice,emailservice-7d59c5dc9f-p486q,1739530186,115109888
emailservice,emailservice-7d59c5dc9f-p486q,1739530486,114016256
emailservice,emailservice-7d59c5dc9f-p486q,1739530786,114069504
emailservice,emailservice-7d59c5dc9f-p486q,1739531086,114307072
emailservice,emailservice-7d59c5dc9f-p486q,1739531386,114405376
emailservice,emailservice-7d59c5dc9f-p486q,1739531686,114421760
emailservice,emailservice-7d59c5dc9f-p486q,1739531986,114483200
emailservice,emailservice-7d59c5dc9f-p486q,1739532286,114515968
emailservice,emailservice-7d59c5dc9f-p486q,1739532586,115167232
emailservice,emailservice-7d59c5dc9f-p486q,1739532886,115224576
emailservice,emailservice-7d59c5dc9f-p486q,1739533186,115224576
emailservice,emailservice-7d59c5dc9f-p486q,1739533486,115163136
emailservice,emailservice-7d59c5dc9f-p486q,1739533786,115224576
emailservice,emailservice-7d59c5dc9f-p486q,1739534086,115490816
emailservice,emailservice-7d59c5dc9f-p486q,1739534386,115531776
emailservice,emailservice-7d59c5dc9f-p486q,1739534686,115646464
emailservice,emailservice-7d59c5dc9f-p486q,1739534986,115650560
emailservice,emailservice-7d59c5dc9f-p486q,1739535286,115650560
emailservice,emailservice-7d59c5dc9f-p486q,1739535586,115724288
emailservice,emailservice-7d59c5dc9f-p486q,1739535886,115634176
emailservice,emailservice-7d59c5dc9f-p486q,1739536186,115752960
emailservice,emailservice-7d59c5dc9f-p486q,1739536486,115752960
emailservice,emailservice-7d59c5dc9f-p486q,1739536786,113934336
emailservice,emailservice-7d59c5dc9f-p486q,1739537086,113950720
emailservice,emailservice-7d59c5dc9f-p486q,1739537386,111898624
emailservice,emailservice-7d59c5dc9f-p486q,1739537686,111943680
emailservice,emailservice-7d59c5dc9f-p486q,1739537986,111943680
emailservice,emailservice-7d59c5dc9f-p486q,1739538286,112611328
emailservice,emailservice-7d59c5dc9f-p486q,1739538586,113000448
emailservice,emailservice-7d59c5dc9f-p486q,1739538886,112996352
emailservice,emailservice-7d59c5dc9f-p486q,1739539186,112996352
emailservice,emailservice-7d59c5dc9f-p486q,1739539486,113127424
emailservice,emailservice-7d59c5dc9f-p486q,1739539786,113123328
emailservice,emailservice-7d59c5dc9f-p486q,1739540086,113696768
emailservice,emailservice-7d59c5dc9f-p486q,1739540386,113537024
emailservice,emailservice-7d59c5dc9f-p486q,1739540686,113528832
emailservice,emailservice-7d59c5dc9f-p486q,1739540986,113528832
emailservice,emailservice-7d59c5dc9f-p486q,1739541286,115965952
emailservice,emailservice-7d59c5dc9f-p486q,1739541586,114520064
emailservice,emailservice-7d59c5dc9f-p486q,1739541886,114561024
emailservice,emailservice-7d59c5dc9f-p486q,1739542186,114683904
emailservice,emailservice-7d59c5dc9f-p486q,1739542486,114692096
emailservice,emailservice-7d59c5dc9f-p486q,1739542786,114692096
emailservice,emailservice-7d59c5dc9f-p486q,1739543086,115118080
emailservice,emailservice-7d59c5dc9f-p486q,1739543386,115032064
emailservice,emailservice-7d59c5dc9f-p486q,1739543686,115032064
emailservice,emailservice-7d59c5dc9f-p486q,1739543986,115027968
emailservice,emailservice-7d59c5dc9f-p486q,1739544286,115175424
emailservice,emailservice-7d59c5dc9f-p486q,1739544586,114663424
emailservice,emailservice-7d59c5dc9f-p486q,1739544886,114929664
emailservice,emailservice-7d59c5dc9f-p486q,1739545186,114704384
emailservice,emailservice-7d59c5dc9f-p486q,1739545486,114864128
emailservice,emailservice-7d59c5dc9f-p486q,1739545786,114483200
emailservice,emailservice-7d59c5dc9f-p486q,1739546086,114749440
emailservice,emailservice-7d59c5dc9f-p486q,1739546386,114749440
emailservice,emailservice-7d59c5dc9f-p486q,1739546686,114860032
emailservice,emailservice-7d59c5dc9f-p486q,1739546986,114823168
emailservice,emailservice-7d59c5dc9f-p486q,1739547286,114978816
emailservice,emailservice-7d59c5dc9f-p486q,1739547586,115236864
emailservice,emailservice-7d59c5dc9f-p486q,1739547886,115236864
emailservice,emailservice-7d59c5dc9f-p486q,1739548186,115236864
emailservice,emailservice-7d59c5dc9f-p486q,1739548486,115286016
emailservice,emailservice-7d59c5dc9f-p486q,1739548786,115310592
emailservice,emailservice-7d59c5dc9f-p486q,1739549086,115310592
emailservice,emailservice-7d59c5dc9f-p486q,1739549386,115269632
emailservice,emailservice-7d59c5dc9f-p486q,1739549686,115269632
emailservice,emailservice-7d59c5dc9f-p486q,1739549986,115269632
emailservice,emailservice-7d59c5dc9f-p486q,1739550286,115830784
emailservice,emailservice-7d59c5dc9f-p486q,1739550586,116023296
emailservice,emailservice-7d59c5dc9f-p486q,1739550886,116015104
emailservice,emailservice-7d59c5dc9f-p486q,1739551186,115724288
emailservice,emailservice-7d59c5dc9f-p486q,1739551486,115982336
emailservice,emailservice-7d59c5dc9f-p486q,1739551786,116035584
emailservice,emailservice-7d59c5dc9f-p486q,1739552086,115466240
emailservice,emailservice-7d59c5dc9f-p486q,1739552386,113901568
emailservice,emailservice-7d59c5dc9f-p486q,1739552686,114470912
emailservice,emailservice-7d59c5dc9f-p486q,1739552986,115269632
emailservice,emailservice-7d59c5dc9f-p486q,1739553286,114139136
emailservice,emailservice-7d59c5dc9f-p486q,1739553586,115052544
emailservice,emailservice-7d59c5dc9f-p486q,1739553886,114954240
emailservice,emailservice-7d59c5dc9f-p486q,1739554186,115236864
emailservice,emailservice-7d59c5dc9f-p486q,1739554486,115236864
emailservice,emailservice-7d59c5dc9f-p486q,1739554786,115392512
emailservice,emailservice-7d59c5dc9f-p486q,1739555086,114958336
emailservice,emailservice-7d59c5dc9f-p486q,1739555386,114958336
emailservice,emailservice-7d59c5dc9f-p486q,1739555686,114745344
emailservice,emailservice-7d59c5dc9f-p486q,1739555986,115056640
emailservice,emailservice-7d59c5dc9f-p486q,1739556286,115138560
emailservice,emailservice-7d59c5dc9f-p486q,1739556586,115810304
emailservice,emailservice-7d59c5dc9f-p486q,1739556886,116092928
emailservice,emailservice-7d59c5dc9f-p486q,1739557186,116101120
emailservice,emailservice-7d59c5dc9f-p486q,1739557486,116101120
emailservice,emailservice-7d59c5dc9f-p486q,1739557786,115957760
emailservice,emailservice-7d59c5dc9f-p486q,1739558086,115965952
emailservice,emailservice-7d59c5dc9f-p486q,1739558386,115970048
emailservice,emailservice-7d59c5dc9f-p486q,1739558686,115974144
emailservice,emailservice-7d59c5dc9f-p486q,1739558986,115245056
emailservice,emailservice-7d59c5dc9f-p486q,1739559286,115269632
emailservice,emailservice-7d59c5dc9f-p486q,1739559586,114634752
emailservice,emailservice-7d59c5dc9f-p486q,1739559886,114786304
emailservice,emailservice-7d59c5dc9f-p486q,1739560186,114868224
emailservice,emailservice-7d59c5dc9f-p486q,1739560486,114880512
emailservice,emailservice-7d59c5dc9f-p486q,1739560786,114946048
emailservice,emailservice-7d59c5dc9f-p486q,1739561086,114892800
emailservice,emailservice-7d59c5dc9f-p486q,1739561386,115150848
emailservice,emailservice-7d59c5dc9f-p486q,1739561686,115322880
emailservice,emailservice-7d59c5dc9f-p486q,1739561986,115093504
emailservice,emailservice-7d59c5dc9f-p486q,1739562286,115093504
emailservice,emailservice-7d59c5dc9f-p486q,1739562586,114806784
emailservice,emailservice-7d59c5dc9f-p486q,1739562886,114950144
emailservice,emailservice-7d59c5dc9f-p486q,1739563186,114946048
emailservice,emailservice-7d59c5dc9f-p486q,1739563486,114905088
emailservice,emailservice-7d59c5dc9f-p486q,1739563786,114905088
emailservice,emailservice-7d59c5dc9f-p486q,1739564086,114905088
emailservice,emailservice-7d59c5dc9f-p486q,1739564386,114905088
emailservice,emailservice-7d59c5dc9f-p486q,1739564686,114909184
emailservice,emailservice-7d59c5dc9f-p486q,1739564986,113848320
emailservice,emailservice-7d59c5dc9f-p486q,1739565286,114499584
emailservice,emailservice-7d59c5dc9f-p486q,1739565586,114495488
emailservice,emailservice-7d59c5dc9f-p486q,1739565886,114495488
emailservice,emailservice-7d59c5dc9f-p486q,1739566186,114499584
emailservice,emailservice-7d59c5dc9f-p486q,1739566486,114446336
emailservice,emailservice-7d59c5dc9f-p486q,1739566786,114450432
emailservice,emailservice-7d59c5dc9f-p486q,1739567086,114450432
emailservice,emailservice-7d59c5dc9f-p486q,1739567386,114720768
emailservice,emailservice-7d59c5dc9f-p486q,1739567686,114565120
emailservice,emailservice-7d59c5dc9f-p486q,1739567986,114610176
emailservice,emailservice-7d59c5dc9f-p486q,1739568286,114610176
emailservice,emailservice-7d59c5dc9f-p486q,1739568586,114618368
emailservice,emailservice-7d59c5dc9f-p486q,1739568886,114642944
emailservice,emailservice-7d59c5dc9f-p486q,1739569186,114692096
emailservice,emailservice-7d59c5dc9f-p486q,1739569486,114688000
emailservice,emailservice-7d59c5dc9f-p486q,1739569786,114696192
emailservice,emailservice-7d59c5dc9f-p486q,1739570086,114724864
emailservice,emailservice-7d59c5dc9f-p486q,1739570386,114724864
emailservice,emailservice-7d59c5dc9f-p486q,1739570686,114434048
emailservice,emailservice-7d59c5dc9f-p486q,1739570986,114446336
emailservice,emailservice-7d59c5dc9f-p486q,1739571286,114450432
emailservice,emailservice-7d59c5dc9f-p486q,1739571586,114450432
emailservice,emailservice-7d59c5dc9f-p486q,1739571886,114421760
emailservice,emailservice-7d59c5dc9f-p486q,1739572186,114503680
emailservice,emailservice-7d59c5dc9f-p486q,1739572486,114503680
emailservice,emailservice-7d59c5dc9f-p486q,1739572786,114700288
emailservice,emailservice-7d59c5dc9f-p486q,1739573086,114622464
emailservice,emailservice-7d59c5dc9f-p486q,1739573386,114536448
emailservice,emailservice-7d59c5dc9f-p486q,1739573686,114540544
emailservice,emailservice-7d59c5dc9f-p486q,1739573986,114728960
emailservice,emailservice-7d59c5dc9f-p486q,1739574286,129974272
emailservice,emailservice-7d59c5dc9f-p486q,1739574586,130605056
emailservice,emailservice-7d59c5dc9f-p486q,1739574886,130584576
emailservice,emailservice-7d59c5dc9f-p486q,1739575186,130658304
emailservice,emailservice-7d59c5dc9f-p486q,1739575486,130142208
emailservice,emailservice-7d59c5dc9f-p486q,1739575786,130191360
emailservice,emailservice-7d59c5dc9f-p486q,1739576086,130207744
emailservice,emailservice-7d59c5dc9f-p486q,1739576386,130244608
emailservice,emailservice-7d59c5dc9f-p486q,1739576686,130248704
emailservice,emailservice-7d59c5dc9f-p486q,1739576986,130252800
emailservice,emailservice-7d59c5dc9f-p486q,1739577286,130400256
emailservice,emailservice-7d59c5dc9f-p486q,1739577586,130404352
emailservice,emailservice-7d59c5dc9f-p486q,1739577886,130416640
emailservice,emailservice-7d59c5dc9f-p486q,1739578186,130424832
emailservice,emailservice-7d59c5dc9f-p486q,1739578486,130510848
emailservice,emailservice-7d59c5dc9f-p486q,1739578786,130478080
emailservice,emailservice-7d59c5dc9f-p486q,1739579086,130994176
emailservice,emailservice-7d59c5dc9f-p486q,1739579386,131002368
emailservice,emailservice-7d59c5dc9f-p486q,1739579686,131002368
emailservice,emailservice-7d59c5dc9f-p486q,1739579986,130854912
emailservice,emailservice-7d59c5dc9f-p486q,1739580286,131551232
emailservice,emailservice-7d59c5dc9f-p486q,1739580586,131551232
emailservice,emailservice-7d59c5dc9f-p486q,1739580886,130867200
emailservice,emailservice-7d59c5dc9f-p486q,1739581186,130867200
emailservice,emailservice-7d59c5dc9f-p486q,1739581486,130871296
emailservice,emailservice-7d59c5dc9f-p486q,1739581786,130871296
emailservice,emailservice-7d59c5dc9f-p486q,1739582086,130965504
emailservice,emailservice-7d59c5dc9f-p486q,1739582386,131313664
emailservice,emailservice-7d59c5dc9f-p486q,1739582686,131121152
emailservice,emailservice-7d59c5dc9f-p486q,1739582986,130908160
emailservice,emailservice-7d59c5dc9f-p486q,1739583286,131100672
emailservice,emailservice-7d59c5dc9f-p486q,1739583586,131670016
emailservice,emailservice-7d59c5dc9f-p486q,1739583886,131035136
emailservice,emailservice-7d59c5dc9f-p486q,1739584186,131182592
emailservice,emailservice-7d59c5dc9f-p486q,1739584486,131268608
emailservice,emailservice-7d59c5dc9f-p486q,1739584786,131325952
emailservice,emailservice-7d59c5dc9f-p486q,1739585086,131325952
emailservice,emailservice-7d59c5dc9f-p486q,1739585386,131559424
emailservice,emailservice-7d59c5dc9f-p486q,1739585686,131563520
emailservice,emailservice-7d59c5dc9f-p486q,1739585986,131563520
emailservice,emailservice-7d59c5dc9f-p486q,1739586286,131133440
emailservice,emailservice-7d59c5dc9f-p486q,1739586586,131014656
emailservice,emailservice-7d59c5dc9f-p486q,1739586886,131018752
emailservice,emailservice-7d59c5dc9f-p486q,1739587186,131198976
emailservice,emailservice-7d59c5dc9f-p486q,1739587486,131198976
emailservice,emailservice-7d59c5dc9f-p486q,1739587786,131219456
emailservice,emailservice-7d59c5dc9f-p486q,1739588086,131219456
emailservice,emailservice-7d59c5dc9f-p486q,1739588386,131350528
emailservice,emailservice-7d59c5dc9f-p486q,1739588686,131358720
emailservice,emailservice-7d59c5dc9f-p486q,1739588986,131194880
emailservice,emailservice-7d59c5dc9f-p486q,1739589286,131485696
emailservice,emailservice-7d59c5dc9f-p486q,1739589586,131600384
emailservice,emailservice-7d59c5dc9f-p486q,1739589886,131653632
emailservice,emailservice-7d59c5dc9f-p486q,1739590186,131837952
emailservice,emailservice-7d59c5dc9f-p486q,1739590486,131833856
emailservice,emailservice-7d59c5dc9f-p486q,1739590786,131379200
emailservice,emailservice-7d59c5dc9f-p486q,1739591086,131547136
emailservice,emailservice-7d59c5dc9f-p486q,1739591386,131604480
emailservice,emailservice-7d59c5dc9f-p486q,1739591686,131182592
emailservice,emailservice-7d59c5dc9f-p486q,1739591986,131182592
emailservice,emailservice-7d59c5dc9f-p486q,1739592286,131190784
emailservice,emailservice-7d59c5dc9f-p486q,1739592586,131702784
emailservice,emailservice-7d59c5dc9f-p486q,1739592886,131940352
emailservice,emailservice-7d59c5dc9f-p486q,1739593186,131960832
emailservice,emailservice-7d59c5dc9f-p486q,1739593486,132153344
emailservice,emailservice-7d59c5dc9f-p486q,1739593786,131989504
emailservice,emailservice-7d59c5dc9f-p486q,1739594086,131977216
emailservice,emailservice-7d59c5dc9f-p486q,1739594386,132087808
emailservice,emailservice-7d59c5dc9f-p486q,1739594686,132071424
emailservice,emailservice-7d59c5dc9f-p486q,1739594986,132116480
emailservice,emailservice-7d59c5dc9f-p486q,1739595286,132386816
emailservice,emailservice-7d59c5dc9f-p486q,1739595586,132005888
emailservice,emailservice-7d59c5dc9f-p486q,1739595886,132136960
emailservice,emailservice-7d59c5dc9f-p486q,1739596186,131883008
emailservice,emailservice-7d59c5dc9f-p486q,1739596486,131915776
emailservice,emailservice-7d59c5dc9f-p486q,1739596786,132210688
emailservice,emailservice-7d59c5dc9f-p486q,1739597086,132214784
emailservice,emailservice-7d59c5dc9f-p486q,1739597386,131682304
emailservice,emailservice-7d59c5dc9f-p486q,1739597686,131485696
emailservice,emailservice-7d59c5dc9f-p486q,1739597986,131559424
emailservice,emailservice-7d59c5dc9f-p486q,1739598286,131383296
emailservice,emailservice-7d59c5dc9f-p486q,1739598586,131575808
emailservice,emailservice-7d59c5dc9f-p486q,1739598886,131837952
emailservice,emailservice-7d59c5dc9f-p486q,1739599186,131510272
emailservice,emailservice-7d59c5dc9f-p486q,1739599486,132206592
emailservice,emailservice-7d59c5dc9f-p486q,1739599786,132259840
emailservice,emailservice-7d59c5dc9f-p486q,1739600086,132341760
emailservice,emailservice-7d59c5dc9f-p486q,1739600386,132227072
emailservice,emailservice-7d59c5dc9f-p486q,1739600686,132198400
emailservice,emailservice-7d59c5dc9f-p486q,1739600986,132632576
emailservice,emailservice-7d59c5dc9f-p486q,1739601286,132546560
emailservice,emailservice-7d59c5dc9f-p486q,1739601586,132808704
emailservice,emailservice-7d59c5dc9f-p486q,1739601886,132448256
emailservice,emailservice-7d59c5dc9f-p486q,1739602186,132689920
emailservice,emailservice-7d59c5dc9f-p486q,1739602486,132648960
emailservice,emailservice-7d59c5dc9f-p486q,1739602786,132059136
emailservice,emailservice-7d59c5dc9f-p486q,1739603086,132067328
emailservice,emailservice-7d59c5dc9f-p486q,1739603386,132501504
emailservice,emailservice-7d59c5dc9f-p486q,1739603686,132505600
emailservice,emailservice-7d59c5dc9f-p486q,1739603986,132505600
emailservice,emailservice-7d59c5dc9f-p486q,1739604286,132460544
emailservice,emailservice-7d59c5dc9f-p486q,1739604586,132558848
emailservice,emailservice-7d59c5dc9f-p486q,1739604886,132657152
emailservice,emailservice-7d59c5dc9f-p486q,1739605186,132661248
emailservice,emailservice-7d59c5dc9f-p486q,1739605486,132145152
emailservice,emailservice-7d59c5dc9f-p486q,1739605786,132636672
emailservice,emailservice-7d59c5dc9f-p486q,1739606086,132636672
emailservice,emailservice-7d59c5dc9f-p486q,1739606386,132456448
emailservice,emailservice-7d59c5dc9f-p486q,1739606686,132739072
emailservice,emailservice-7d59c5dc9f-p486q,1739606986,132747264
emailservice,emailservice-7d59c5dc9f-p486q,1739607286,132460544
emailservice,emailservice-7d59c5dc9f-p486q,1739607586,132272128
emailservice,emailservice-7d59c5dc9f-p486q,1739607886,132419584
emailservice,emailservice-7d59c5dc9f-p486q,1739608186,132050944
emailservice,emailservice-7d59c5dc9f-p486q,1739608486,132096000
emailservice,emailservice-7d59c5dc9f-p486q,1739608786,132120576
emailservice,emailservice-7d59c5dc9f-p486q,1739609086,132055040
emailservice,emailservice-7d59c5dc9f-p486q,1739609386,132120576
emailservice,emailservice-7d59c5dc9f-p486q,1739609686,132120576
emailservice,emailservice-7d59c5dc9f-p486q,1739609986,132308992
emailservice,emailservice-7d59c5dc9f-p486q,1739610286,135245824
emailservice,emailservice-7d59c5dc9f-p486q,1739610586,134426624
emailservice,emailservice-7d59c5dc9f-p486q,1739610886,134447104
emailservice,emailservice-7d59c5dc9f-p486q,1739611186,134471680
emailservice,emailservice-7d59c5dc9f-p486q,1739611486,134852608
emailservice,emailservice-7d59c5dc9f-p486q,1739611786,134934528
emailservice,emailservice-7d59c5dc9f-p486q,1739612086,134930432
emailservice,emailservice-7d59c5dc9f-p486q,1739612386,135061504
emailservice,emailservice-7d59c5dc9f-p486q,1739612686,135061504
emailservice,emailservice-7d59c5dc9f-p486q,1739612986,134877184
emailservice,emailservice-7d59c5dc9f-p486q,1739613286,134758400
emailservice,emailservice-7d59c5dc9f-p486q,1739613586,134729728
emailservice,emailservice-7d59c5dc9f-p486q,1739613886,134758400
emailservice,emailservice-7d59c5dc9f-p486q,1739614186,135049216
emailservice,emailservice-7d59c5dc9f-p486q,1739614486,135122944
emailservice,emailservice-7d59c5dc9f-p486q,1739614786,135258112
emailservice,emailservice-7d59c5dc9f-p486q,1739615086,135245824
emailservice,emailservice-7d59c5dc9f-p486q,1739615386,135245824
emailservice,emailservice-7d59c5dc9f-p486q,1739615686,134963200
emailservice,emailservice-7d59c5dc9f-p486q,1739615986,135798784
emailservice,emailservice-7d59c5dc9f-p486q,1739616286,135385088
emailservice,emailservice-7d59c5dc9f-p486q,1739616586,135577600
emailservice,emailservice-7d59c5dc9f-p486q,1739616886,135581696
emailservice,emailservice-7d59c5dc9f-p486q,1739617186,135606272
emailservice,emailservice-7d59c5dc9f-p486q,1739617486,136101888
emailservice,emailservice-7d59c5dc9f-p486q,1739617786,136019968
emailservice,emailservice-7d59c5dc9f-p486q,1739618086,135323648
emailservice,emailservice-7d59c5dc9f-p486q,1739618386,135446528
emailservice,emailservice-7d59c5dc9f-p486q,1739618686,135516160
emailservice,emailservice-7d59c5dc9f-p486q,1739618986,135520256
emailservice,emailservice-7d59c5dc9f-p486q,1739619286,135348224
emailservice,emailservice-7d59c5dc9f-p486q,1739619586,135483392
emailservice,emailservice-7d59c5dc9f-p486q,1739619886,134725632
emailservice,emailservice-7d59c5dc9f-p486q,1739620186,135368704
emailservice,emailservice-7d59c5dc9f-p486q,1739620486,135467008
emailservice,emailservice-7d59c5dc9f-p486q,1739620786,135467008
emailservice,emailservice-7d59c5dc9f-p486q,1739621086,135909376
emailservice,emailservice-7d59c5dc9f-p486q,1739621386,135946240
emailservice,emailservice-7d59c5dc9f-p486q,1739621686,135852032
emailservice,emailservice-7d59c5dc9f-p486q,1739621986,135995392
emailservice,emailservice-7d59c5dc9f-p486q,1739622286,135995392
emailservice,emailservice-7d59c5dc9f-p486q,1739622586,135733248
emailservice,emailservice-7d59c5dc9f-p486q,1739622886,135864320
emailservice,emailservice-7d59c5dc9f-p486q,1739623186,135864320
emailservice,emailservice-7d59c5dc9f-p486q,1739623486,135864320
emailservice,emailservice-7d59c5dc9f-p486q,1739623786,135553024
emailservice,emailservice-7d59c5dc9f-p486q,1739624086,135999488
emailservice,emailservice-7d59c5dc9f-p486q,1739624386,135573504
emailservice,emailservice-7d59c5dc9f-p486q,1739624686,136257536
emailservice,emailservice-7d59c5dc9f-p486q,1739624986,136257536
emailservice,emailservice-7d59c5dc9f-p486q,1739625286,136257536
emailservice,emailservice-7d59c5dc9f-p486q,1739625586,136417280
emailservice,emailservice-7d59c5dc9f-p486q,1739625886,135540736
emailservice,emailservice-7d59c5dc9f-p486q,1739626186,136601600
emailservice,emailservice-7d59c5dc9f-p486q,1739626486,136654848
emailservice,emailservice-7d59c5dc9f-p486q,1739626786,137011200
emailservice,emailservice-7d59c5dc9f-p486q,1739627086,137461760
emailservice,emailservice-7d59c5dc9f-p486q,1739627386,137461760
emailservice,emailservice-7d59c5dc9f-p486q,1739627686,137478144
emailservice,emailservice-7d59c5dc9f-p486q,1739627986,137449472
emailservice,emailservice-7d59c5dc9f-p486q,1739628286,137404416
emailservice,emailservice-7d59c5dc9f-p486q,1739628586,137658368
emailservice,emailservice-7d59c5dc9f-p486q,1739628886,137691136
emailservice,emailservice-7d59c5dc9f-p486q,1739629186,137691136
emailservice,emailservice-7d59c5dc9f-p486q,1739629486,137723904
emailservice,emailservice-7d59c5dc9f-p486q,1739629786,137723904
emailservice,emailservice-7d59c5dc9f-p486q,1739630086,137592832
emailservice,emailservice-7d59c5dc9f-p486q,1739630386,137875456
emailservice,emailservice-7d59c5dc9f-p486q,1739630686,137818112
emailservice,emailservice-7d59c5dc9f-p486q,1739630986,138027008
emailservice,emailservice-7d59c5dc9f-p486q,1739631286,137424896
emailservice,emailservice-7d59c5dc9f-p486q,1739631586,135389184
emailservice,emailservice-7d59c5dc9f-p486q,1739631886,135405568
emailservice,emailservice-7d59c5dc9f-p486q,1739632186,136151040
emailservice,emailservice-7d59c5dc9f-p486q,1739632486,136138752
emailservice,emailservice-7d59c5dc9f-p486q,1739632786,136237056
emailservice,emailservice-7d59c5dc9f-p486q,1739633086,136269824
emailservice,emailservice-7d59c5dc9f-p486q,1739633386,136368128
emailservice,emailservice-7d59c5dc9f-p486q,1739633686,136855552
emailservice,emailservice-7d59c5dc9f-p486q,1739633986,136564736
emailservice,emailservice-7d59c5dc9f-p486q,1739634286,136568832
emailservice,emailservice-7d59c5dc9f-p486q,1739634586,136671232
emailservice,emailservice-7d59c5dc9f-p486q,1739634886,136704000
emailservice,emailservice-7d59c5dc9f-p486q,1739635186,136708096
emailservice,emailservice-7d59c5dc9f-p486q,1739635486,136982528
emailservice,emailservice-7d59c5dc9f-p486q,1739635786,136470528
emailservice,emailservice-7d59c5dc9f-p486q,1739636086,136495104
emailservice,emailservice-7d59c5dc9f-p486q,1739636386,136540160
emailservice,emailservice-7d59c5dc9f-p486q,1739636686,136572928
emailservice,emailservice-7d59c5dc9f-p486q,1739636986,136531968
emailservice,emailservice-7d59c5dc9f-p486q,1739637286,136540160
emailservice,emailservice-7d59c5dc9f-p486q,1739637586,136450048
emailservice,emailservice-7d59c5dc9f-p486q,1739637886,136290304
emailservice,emailservice-7d59c5dc9f-p486q,1739638186,136290304
emailservice,emailservice-7d59c5dc9f-p486q,1739638486,136290304
emailservice,emailservice-7d59c5dc9f-p486q,1739638786,136290304
emailservice,emailservice-7d59c5dc9f-p486q,1739639086,136290304
emailservice,emailservice-7d59c5dc9f-p486q,1739639386,136347648
emailservice,emailservice-7d59c5dc9f-p486q,1739639686,136572928
emailservice,emailservice-7d59c5dc9f-p486q,1739639986,136482816
emailservice,emailservice-7d59c5dc9f-p486q,1739640286,136585216
emailservice,emailservice-7d59c5dc9f-p486q,1739640586,136601600
emailservice,emailservice-7d59c5dc9f-p486q,1739640886,137068544
emailservice,emailservice-7d59c5dc9f-p486q,1739641186,136433664
emailservice,emailservice-7d59c5dc9f-p486q,1739641486,136105984
emailservice,emailservice-7d59c5dc9f-p486q,1739641786,135983104
emailservice,emailservice-7d59c5dc9f-p486q,1739642086,135983104
emailservice,emailservice-7d59c5dc9f-p486q,1739642386,136032256
emailservice,emailservice-7d59c5dc9f-p486q,1739642686,136032256
emailservice,emailservice-7d59c5dc9f-p486q,1739642986,135983104
emailservice,emailservice-7d59c5dc9f-p486q,1739643286,136171520
emailservice,emailservice-7d59c5dc9f-p486q,1739643586,135901184
emailservice,emailservice-7d59c5dc9f-p486q,1739643886,136228864
emailservice,emailservice-7d59c5dc9f-p486q,1739644186,136167424
emailservice,emailservice-7d59c5dc9f-p486q,1739644486,135999488
emailservice,emailservice-7d59c5dc9f-p486q,1739644786,136212480
emailservice,emailservice-7d59c5dc9f-p486q,1739645086,136466432
emailservice,emailservice-7d59c5dc9f-p486q,1739645386,136491008
emailservice,emailservice-7d59c5dc9f-p486q,1739645686,136626176
emailservice,emailservice-7d59c5dc9f-p486q,1739645986,136572928
emailservice,emailservice-7d59c5dc9f-p486q,1739646286,137027584
emailservice,emailservice-7d59c5dc9f-p486q,1739646586,136970240
emailservice,emailservice-7d59c5dc9f-p486q,1739646886,136249344
emailservice,emailservice-7d59c5dc9f-p486q,1739647186,136798208
emailservice,emailservice-7d59c5dc9f-p486q,1739647486,136568832
emailservice,emailservice-7d59c5dc9f-p486q,1739647786,136568832
emailservice,emailservice-7d59c5dc9f-p486q,1739648086,136364032
emailservice,emailservice-7d59c5dc9f-p486q,1739648386,136552448
emailservice,emailservice-7d59c5dc9f-p486q,1739648686,136630272
emailservice,emailservice-7d59c5dc9f-p486q,1739648986,137125888
emailservice,emailservice-7d59c5dc9f-p486q,1739649286,137129984
emailservice,emailservice-7d59c5dc9f-p486q,1739649586,71884800
emailservice,emailservice-7d59c5dc9f-p486q,1739649886,132304896
emailservice,emailservice-7d59c5dc9f-p486q,1739650186,133742592
emailservice,emailservice-7d59c5dc9f-p486q,1739650486,132956160
emailservice,emailservice-7d59c5dc9f-p486q,1739650786,132968448
emailservice,emailservice-7d59c5dc9f-p486q,1739651086,133095424
emailservice,emailservice-7d59c5dc9f-p486q,1739651386,133099520
emailservice,emailservice-7d59c5dc9f-p486q,1739651686,133349376
emailservice,emailservice-7d59c5dc9f-p486q,1739651986,133562368
emailservice,emailservice-7d59c5dc9f-p486q,1739652286,133574656
emailservice,emailservice-7d59c5dc9f-p486q,1739652586,133292032
emailservice,emailservice-7d59c5dc9f-p486q,1739652886,133296128
emailservice,emailservice-7d59c5dc9f-p486q,1739653186,133308416
emailservice,emailservice-7d59c5dc9f-p486q,1739653486,133312512
emailservice,emailservice-7d59c5dc9f-p486q,1739653786,133521408
emailservice,emailservice-7d59c5dc9f-p486q,1739654086,133521408
emailservice,emailservice-7d59c5dc9f-p486q,1739654386,133689344
emailservice,emailservice-7d59c5dc9f-p486q,1739654686,134033408
emailservice,emailservice-7d59c5dc9f-p486q,1739654986,134258688
emailservice,emailservice-7d59c5dc9f-p486q,1739655286,134488064
emailservice,emailservice-7d59c5dc9f-p486q,1739655586,134508544
emailservice,emailservice-7d59c5dc9f-p486q,1739655886,134393856
emailservice,emailservice-7d59c5dc9f-p486q,1739656186,134295552
emailservice,emailservice-7d59c5dc9f-p486q,1739656486,134119424
emailservice,emailservice-7d59c5dc9f-p486q,1739656786,134004736
emailservice,emailservice-7d59c5dc9f-p486q,1739657086,134033408
emailservice,emailservice-7d59c5dc9f-p486q,1739657386,134049792
emailservice,emailservice-7d59c5dc9f-p486q,1739657686,134053888
emailservice,emailservice-7d59c5dc9f-p486q,1739657986,134066176
emailservice,emailservice-7d59c5dc9f-p486q,1739658286,134107136
emailservice,emailservice-7d59c5dc9f-p486q,1739658586,134062080
emailservice,emailservice-7d59c5dc9f-p486q,1739658886,134057984
emailservice,emailservice-7d59c5dc9f-p486q,1739659186,134369280
emailservice,emailservice-7d59c5dc9f-p486q,1739659486,134729728
emailservice,emailservice-7d59c5dc9f-p486q,1739659786,134737920
emailservice,emailservice-7d59c5dc9f-p486q,1739660086,134459392
emailservice,emailservice-7d59c5dc9f-p486q,1739660386,134283264
emailservice,emailservice-7d59c5dc9f-p486q,1739660686,134340608
emailservice,emailservice-7d59c5dc9f-p486q,1739660986,134340608
emailservice,emailservice-7d59c5dc9f-p486q,1739661286,133926912
emailservice,emailservice-7d59c5dc9f-p486q,1739661586,134230016
emailservice,emailservice-7d59c5dc9f-p486q,1739661886,134443008
emailservice,emailservice-7d59c5dc9f-p486q,1739662186,134459392
emailservice,emailservice-7d59c5dc9f-p486q,1739662486,134549504
emailservice,emailservice-7d59c5dc9f-p486q,1739662786,134578176
emailservice,emailservice-7d59c5dc9f-p486q,1739663086,134000640
emailservice,emailservice-7d59c5dc9f-p486q,1739663386,133922816
emailservice,emailservice-7d59c5dc9f-p486q,1739663686,134090752
emailservice,emailservice-7d59c5dc9f-p486q,1739663986,133996544
emailservice,emailservice-7d59c5dc9f-p486q,1739664286,134610944
emailservice,emailservice-7d59c5dc9f-p486q,1739664586,134279168
emailservice,emailservice-7d59c5dc9f-p486q,1739664886,134815744
emailservice,emailservice-7d59c5dc9f-p486q,1739665186,134828032
emailservice,emailservice-7d59c5dc9f-p486q,1739665486,134619136
emailservice,emailservice-7d59c5dc9f-p486q,1739665786,126840832
emailservice,emailservice-7d59c5dc9f-p486q,1739666086,126578688
emailservice,emailservice-7d59c5dc9f-p486q,1739666386,126664704
emailservice,emailservice-7d59c5dc9f-p486q,1739666686,126046208
emailservice,emailservice-7d59c5dc9f-p486q,1739666986,126541824
emailservice,emailservice-7d59c5dc9f-p486q,1739667286,126595072
emailservice,emailservice-7d59c5dc9f-p486q,1739667586,124706816
emailservice,emailservice-7d59c5dc9f-p486q,1739667886,124858368
emailservice,emailservice-7d59c5dc9f-p486q,1739668186,124801024
emailservice,emailservice-7d59c5dc9f-p486q,1739668486,125206528
emailservice,emailservice-7d59c5dc9f-p486q,1739668786,125280256
emailservice,emailservice-7d59c5dc9f-p486q,1739669086,124960768
emailservice,emailservice-7d59c5dc9f-p486q,1739669386,124973056
emailservice,emailservice-7d59c5dc9f-p486q,1739669686,124907520
emailservice,emailservice-7d59c5dc9f-p486q,1739669986,124268544
emailservice,emailservice-7d59c5dc9f-p486q,1739670286,124321792
emailservice,emailservice-7d59c5dc9f-p486q,1739670586,124420096
emailservice,emailservice-7d59c5dc9f-p486q,1739670886,124461056
emailservice,emailservice-7d59c5dc9f-p486q,1739671186,124293120
emailservice,emailservice-7d59c5dc9f-p486q,1739671486,121368576
emailservice,emailservice-7d59c5dc9f-p486q,1739671786,121409536
emailservice,emailservice-7d59c5dc9f-p486q,1739672086,121454592
emailservice,emailservice-7d59c5dc9f-p486q,1739672386,121491456
emailservice,emailservice-7d59c5dc9f-p486q,1739672686,121679872
emailservice,emailservice-7d59c5dc9f-p486q,1739672986,121700352
emailservice,emailservice-7d59c5dc9f-p486q,1739673286,121733120
emailservice,emailservice-7d59c5dc9f-p486q,1739673586,121397248
emailservice,emailservice-7d59c5dc9f-p486q,1739673886,122023936
emailservice,emailservice-7d59c5dc9f-p486q,1739674186,122421248
emailservice,emailservice-7d59c5dc9f-p486q,1739674486,121614336
emailservice,emailservice-7d59c5dc9f-p486q,1739674786,121589760
emailservice,emailservice-7d59c5dc9f-p486q,1739675086,121720832
emailservice,emailservice-7d59c5dc9f-p486q,1739675386,121794560
emailservice,emailservice-7d59c5dc9f-p486q,1739675686,122085376
emailservice,emailservice-7d59c5dc9f-p486q,1739675986,121434112
emailservice,emailservice-7d59c5dc9f-p486q,1739676286,121434112
emailservice,emailservice-7d59c5dc9f-p486q,1739676586,121470976
emailservice,emailservice-7d59c5dc9f-p486q,1739676886,121290752
emailservice,emailservice-7d59c5dc9f-p486q,1739677186,120397824
emailservice,emailservice-7d59c5dc9f-p486q,1739677486,120479744
emailservice,emailservice-7d59c5dc9f-p486q,1739677786,120541184
emailservice,emailservice-7d59c5dc9f-p486q,1739678086,120573952
emailservice,emailservice-7d59c5dc9f-p486q,1739678386,120582144
emailservice,emailservice-7d59c5dc9f-p486q,1739678686,120541184
emailservice,emailservice-7d59c5dc9f-p486q,1739678986,120598528
emailservice,emailservice-7d59c5dc9f-p486q,1739679286,120795136
emailservice,emailservice-7d59c5dc9f-p486q,1739679586,120795136
emailservice,emailservice-7d59c5dc9f-p486q,1739679886,120791040
emailservice,emailservice-7d59c5dc9f-p486q,1739680186,120791040
emailservice,emailservice-7d59c5dc9f-p486q,1739680486,120786944
emailservice,emailservice-7d59c5dc9f-p486q,1739680786,120594432
emailservice,emailservice-7d59c5dc9f-p486q,1739681086,120815616
emailservice,emailservice-7d59c5dc9f-p486q,1739681386,120516608
emailservice,emailservice-7d59c5dc9f-p486q,1739681686,120516608
emailservice,emailservice-7d59c5dc9f-p486q,1739681986,120647680
emailservice,emailservice-7d59c5dc9f-p486q,1739682286,118935552
emailservice,emailservice-7d59c5dc9f-p486q,1739682586,118968320
emailservice,emailservice-7d59c5dc9f-p486q,1739682886,119214080
emailservice,emailservice-7d59c5dc9f-p486q,1739683186,119554048
emailservice,emailservice-7d59c5dc9f-p486q,1739683486,119427072
emailservice,emailservice-7d59c5dc9f-p486q,1739683786,119422976
emailservice,emailservice-7d59c5dc9f-p486q,1739684086,118820864
emailservice,emailservice-7d59c5dc9f-p486q,1739684386,118706176
emailservice,emailservice-7d59c5dc9f-p486q,1739684686,118915072
emailservice,emailservice-7d59c5dc9f-p486q,1739684986,118915072
emailservice,emailservice-7d59c5dc9f-p486q,1739685286,118951936
emailservice,emailservice-7d59c5dc9f-p486q,1739685586,118956032
emailservice,emailservice-7d59c5dc9f-p486q,1739685886,118951936
emailservice,emailservice-7d59c5dc9f-p486q,1739686186,118951936
emailservice,emailservice-7d59c5dc9f-p486q,1739686486,118951936
emailservice,emailservice-7d59c5dc9f-p486q,1739686786,119255040
emailservice,emailservice-7d59c5dc9f-p486q,1739687086,119140352
emailservice,emailservice-7d59c5dc9f-p486q,1739687386,118882304
emailservice,emailservice-7d59c5dc9f-p486q,1739687686,119296000
emailservice,emailservice-7d59c5dc9f-p486q,1739687986,119484416
emailservice,emailservice-7d59c5dc9f-p486q,1739688286,119525376
emailservice,emailservice-7d59c5dc9f-p486q,1739688586,119758848
emailservice,emailservice-7d59c5dc9f-p486q,1739688886,119463936
emailservice,emailservice-7d59c5dc9f-p486q,1739689186,119603200
emailservice,emailservice-7d59c5dc9f-p486q,1739689486,119812096
emailservice,emailservice-7d59c5dc9f-p486q,1739689786,120184832
emailservice,emailservice-7d59c5dc9f-p486q,1739690086,119996416
emailservice,emailservice-7d59c5dc9f-p486q,1739690386,120254464
emailservice,emailservice-7d59c5dc9f-p486q,1739690686,120303616
emailservice,emailservice-7d59c5dc9f-p486q,1739690986,120303616
emailservice,emailservice-7d59c5dc9f-p486q,1739691286,119324672
emailservice,emailservice-7d59c5dc9f-p486q,1739691586,119148544
emailservice,emailservice-7d59c5dc9f-p486q,1739691886,119246848
emailservice,emailservice-7d59c5dc9f-p486q,1739692186,119304192
emailservice,emailservice-7d59c5dc9f-p486q,1739692486,119689216
emailservice,emailservice-7d59c5dc9f-p486q,1739692786,119689216
emailservice,emailservice-7d59c5dc9f-p486q,1739693086,119689216
emailservice,emailservice-7d59c5dc9f-p486q,1739693386,119693312
emailservice,emailservice-7d59c5dc9f-p486q,1739693686,119701504
emailservice,emailservice-7d59c5dc9f-p486q,1739693986,119595008
emailservice,emailservice-7d59c5dc9f-p486q,1739694286,119603200
emailservice,emailservice-7d59c5dc9f-p486q,1739694586,119603200
emailservice,emailservice-7d59c5dc9f-p486q,1739694886,119603200
emailservice,emailservice-7d59c5dc9f-p486q,1739695186,117010432
emailservice,emailservice-7d59c5dc9f-p486q,1739695486,117030912
emailservice,emailservice-7d59c5dc9f-p486q,1739695786,117080064
emailservice,emailservice-7d59c5dc9f-p486q,1739696086,116539392
emailservice,emailservice-7d59c5dc9f-p486q,1739696386,116559872
emailservice,emailservice-7d59c5dc9f-p486q,1739696686,116858880
emailservice,emailservice-7d59c5dc9f-p486q,1739696986,116817920
emailservice,emailservice-7d59c5dc9f-p486q,1739697286,116830208
emailservice,emailservice-7d59c5dc9f-p486q,1739697586,117116928
emailservice,emailservice-7d59c5dc9f-p486q,1739697886,116396032
emailservice,emailservice-7d59c5dc9f-p486q,1739698186,117444608
emailservice,emailservice-7d59c5dc9f-p486q,1739698486,117452800
emailservice,emailservice-7d59c5dc9f-p486q,1739698786,117444608
emailservice,emailservice-7d59c5dc9f-p486q,1739699086,117456896
emailservice,emailservice-7d59c5dc9f-p486q,1739699386,117592064
emailservice,emailservice-7d59c5dc9f-p486q,1739699686,117542912
emailservice,emailservice-7d59c5dc9f-p486q,1739699986,117555200
emailservice,emailservice-7d59c5dc9f-p486q,1739700286,117563392
emailservice,emailservice-7d59c5dc9f-p486q,1739700586,117665792
emailservice,emailservice-7d59c5dc9f-p486q,1739700886,117669888
emailservice,emailservice-7d59c5dc9f-p486q,1739701186,117743616
emailservice,emailservice-7d59c5dc9f-p486q,1739701486,117764096
emailservice,emailservice-7d59c5dc9f-p486q,1739701786,117764096
emailservice,emailservice-7d59c5dc9f-p486q,1739702086,117764096
emailservice,emailservice-7d59c5dc9f-p486q,1739702386,117764096
emailservice,emailservice-7d59c5dc9f-p486q,1739702686,117764096
emailservice,emailservice-7d59c5dc9f-p486q,1739702986,117420032
emailservice,emailservice-7d59c5dc9f-p486q,1739703286,117448704
emailservice,emailservice-7d59c5dc9f-p486q,1739703586,117551104
emailservice,emailservice-7d59c5dc9f-p486q,1739703886,117547008
emailservice,emailservice-7d59c5dc9f-p486q,1739704186,117649408
emailservice,emailservice-7d59c5dc9f-p486q,1739704486,117460992
emailservice,emailservice-7d59c5dc9f-p486q,1739704786,117407744
emailservice,emailservice-7d59c5dc9f-p486q,1739705086,117702656
emailservice,emailservice-7d59c5dc9f-p486q,1739705386,117739520
emailservice,emailservice-7d59c5dc9f-p486q,1739705686,117776384
emailservice,emailservice-7d59c5dc9f-p486q,1739705986,117784576
emailservice,emailservice-7d59c5dc9f-p486q,1739706286,117592064
emailservice,emailservice-7d59c5dc9f-p486q,1739706586,118050816
emailservice,emailservice-7d59c5dc9f-p486q,1739706886,117907456
emailservice,emailservice-7d59c5dc9f-p486q,1739707186,117903360
emailservice,emailservice-7d59c5dc9f-p486q,1739707486,117981184
emailservice,emailservice-7d59c5dc9f-p486q,1739707786,117571584
emailservice,emailservice-7d59c5dc9f-p486q,1739708086,117866496
emailservice,emailservice-7d59c5dc9f-p486q,1739708386,117932032
emailservice,emailservice-7d59c5dc9f-p486q,1739708686,117657600
emailservice,emailservice-7d59c5dc9f-p486q,1739708986,117895168
emailservice,emailservice-7d59c5dc9f-p486q,1739709286,130572288
emailservice,emailservice-7d59c5dc9f-p486q,1739709586,130748416
emailservice,emailservice-7d59c5dc9f-p486q,1739709886,131244032
emailservice,emailservice-7d59c5dc9f-p486q,1739710186,131342336
emailservice,emailservice-7d59c5dc9f-p486q,1739710486,130965504
emailservice,emailservice-7d59c5dc9f-p486q,1739710786,131121152
emailservice,emailservice-7d59c5dc9f-p486q,1739711086,131174400
emailservice,emailservice-7d59c5dc9f-p486q,1739711386,131182592
emailservice,emailservice-7d59c5dc9f-p486q,1739711686,131657728
emailservice,emailservice-7d59c5dc9f-p486q,1739711986,131805184
emailservice,emailservice-7d59c5dc9f-p486q,1739712286,131878912
emailservice,emailservice-7d59c5dc9f-p486q,1739712586,131915776
emailservice,emailservice-7d59c5dc9f-p486q,1739712886,131952640
emailservice,emailservice-7d59c5dc9f-p486q,1739713186,131969024
emailservice,emailservice-7d59c5dc9f-p486q,1739713486,120590336
emailservice,emailservice-7d59c5dc9f-p486q,1739713786,120328192
emailservice,emailservice-7d59c5dc9f-p486q,1739714086,120344576
emailservice,emailservice-7d59c5dc9f-p486q,1739714386,120344576
emailservice,emailservice-7d59c5dc9f-p486q,1739714686,120352768
emailservice,emailservice-7d59c5dc9f-p486q,1739714986,120352768
emailservice,emailservice-7d59c5dc9f-p486q,1739715286,120360960
emailservice,emailservice-7d59c5dc9f-p486q,1739715586,120737792
emailservice,emailservice-7d59c5dc9f-p486q,1739715886,120803328
emailservice,emailservice-7d59c5dc9f-p486q,1739716186,120586240
emailservice,emailservice-7d59c5dc9f-p486q,1739716486,120586240
emailservice,emailservice-7d59c5dc9f-p486q,1739716786,120709120
emailservice,emailservice-7d59c5dc9f-p486q,1739717086,120721408
emailservice,emailservice-7d59c5dc9f-p486q,1739717386,121126912
emailservice,emailservice-7d59c5dc9f-p486q,1739717686,120885248
emailservice,emailservice-7d59c5dc9f-p486q,1739717986,120885248
emailservice,emailservice-7d59c5dc9f-p486q,1739718286,120885248
emailservice,emailservice-7d59c5dc9f-p486q,1739718586,120885248
emailservice,emailservice-7d59c5dc9f-p486q,1739718886,120885248
emailservice,emailservice-7d59c5dc9f-p486q,1739719186,120885248
emailservice,emailservice-7d59c5dc9f-p486q,1739719486,120938496
emailservice,emailservice-7d59c5dc9f-p486q,1739719786,120578048
emailservice,emailservice-7d59c5dc9f-p486q,1739720086,120578048
emailservice,emailservice-7d59c5dc9f-p486q,1739720386,120582144
emailservice,emailservice-7d59c5dc9f-p486q,1739720686,120578048
emailservice,emailservice-7d59c5dc9f-p486q,1739720986,120578048
emailservice,emailservice-7d59c5dc9f-p486q,1739721286,120610816
emailservice,emailservice-7d59c5dc9f-p486q,1739721586,121204736
emailservice,emailservice-7d59c5dc9f-p486q,1739721886,121225216
emailservice,emailservice-7d59c5dc9f-p486q,1739722186,121290752
emailservice,emailservice-7d59c5dc9f-p486q,1739722486,121364480
emailservice,emailservice-7d59c5dc9f-p486q,1739722786,121372672
emailservice,emailservice-7d59c5dc9f-p486q,1739723086,121536512
emailservice,emailservice-7d59c5dc9f-p486q,1739723386,121602048
emailservice,emailservice-7d59c5dc9f-p486q,1739723686,121692160
emailservice,emailservice-7d59c5dc9f-p486q,1739723986,121303040
emailservice,emailservice-7d59c5dc9f-p486q,1739724286,121409536
emailservice,emailservice-7d59c5dc9f-p486q,1739724586,121765888
emailservice,emailservice-7d59c5dc9f-p486q,1739724886,121286656
emailservice,emailservice-7d59c5dc9f-p486q,1739725186,121085952
emailservice,emailservice-7d59c5dc9f-p486q,1739725486,121483264
emailservice,emailservice-7d59c5dc9f-p486q,1739725786,121237504
emailservice,emailservice-7d59c5dc9f-p486q,1739726086,121237504
emailservice,emailservice-7d59c5dc9f-p486q,1739726386,121655296
emailservice,emailservice-7d59c5dc9f-p486q,1739726686,121188352
emailservice,emailservice-7d59c5dc9f-p486q,1739726986,121303040
emailservice,emailservice-7d59c5dc9f-p486q,1739727286,121552896
emailservice,emailservice-7d59c5dc9f-p486q,1739727586,121401344
emailservice,emailservice-7d59c5dc9f-p486q,1739727886,121401344
emailservice,emailservice-7d59c5dc9f-p486q,1739728186,121839616
emailservice,emailservice-7d59c5dc9f-p486q,1739728486,121204736
emailservice,emailservice-7d59c5dc9f-p486q,1739728786,121626624
emailservice,emailservice-7d59c5dc9f-p486q,1739729086,121634816
emailservice,emailservice-7d59c5dc9f-p486q,1739729386,121626624
emailservice,emailservice-7d59c5dc9f-p486q,1739729686,121905152
emailservice,emailservice-7d59c5dc9f-p486q,1739729986,122048512
emailservice,emailservice-7d59c5dc9f-p486q,1739730286,122150912
emailservice,emailservice-7d59c5dc9f-p486q,1739730586,121409536
emailservice,emailservice-7d59c5dc9f-p486q,1739730886,121819136
emailservice,emailservice-7d59c5dc9f-p486q,1739731186,121946112
emailservice,emailservice-7d59c5dc9f-p486q,1739731486,122482688
emailservice,emailservice-7d59c5dc9f-p486q,1739731786,121360384
emailservice,emailservice-7d59c5dc9f-p486q,1739732086,121540608
emailservice,emailservice-7d59c5dc9f-p486q,1739732386,121896960
emailservice,emailservice-7d59c5dc9f-p486q,1739732686,121909248
emailservice,emailservice-7d59c5dc9f-p486q,1739732986,121937920
emailservice,emailservice-7d59c5dc9f-p486q,1739733286,121933824
emailservice,emailservice-7d59c5dc9f-p486q,1739733586,122384384
emailservice,emailservice-7d59c5dc9f-p486q,1739733886,122683392
emailservice,emailservice-7d59c5dc9f-p486q,1739734186,122679296
emailservice,emailservice-7d59c5dc9f-p486q,1739734486,122556416
emailservice,emailservice-7d59c5dc9f-p486q,1739734786,122552320
emailservice,emailservice-7d59c5dc9f-p486q,1739735086,122560512
emailservice,emailservice-7d59c5dc9f-p486q,1739735386,122679296
emailservice,emailservice-7d59c5dc9f-p486q,1739735686,120147968
emailservice,emailservice-7d59c5dc9f-p486q,1739735986,120594432
emailservice,emailservice-7d59c5dc9f-p486q,1739736286,120762368
emailservice,emailservice-7d59c5dc9f-p486q,1739736586,120807424
emailservice,emailservice-7d59c5dc9f-p486q,1739736886,120807424
emailservice,emailservice-7d59c5dc9f-p486q,1739737186,120717312
emailservice,emailservice-7d59c5dc9f-p486q,1739737486,120729600
emailservice,emailservice-7d59c5dc9f-p486q,1739737786,120520704
emailservice,emailservice-7d59c5dc9f-p486q,1739738086,120803328
emailservice,emailservice-7d59c5dc9f-p486q,1739738386,120664064
emailservice,emailservice-7d59c5dc9f-p486q,1739738686,120127488
emailservice,emailservice-7d59c5dc9f-p486q,1739738986,120127488
emailservice,emailservice-7d59c5dc9f-p486q,1739739286,120442880
emailservice,emailservice-7d59c5dc9f-p486q,1739739586,120500224
emailservice,emailservice-7d59c5dc9f-p486q,1739739886,120496128
emailservice,emailservice-7d59c5dc9f-p486q,1739740186,120668160
emailservice,emailservice-7d59c5dc9f-p486q,1739740486,120692736
emailservice,emailservice-7d59c5dc9f-p486q,1739740786,120709120
emailservice,emailservice-7d59c5dc9f-p486q,1739741086,120770560
emailservice,emailservice-7d59c5dc9f-p486q,1739741386,121176064
emailservice,emailservice-7d59c5dc9f-p486q,1739741686,121176064
emailservice,emailservice-7d59c5dc9f-p486q,1739741986,121176064
emailservice,emailservice-7d59c5dc9f-p486q,1739742286,120946688
emailservice,emailservice-7d59c5dc9f-p486q,1739742586,120950784
emailservice,emailservice-7d59c5dc9f-p486q,1739742886,120770560
emailservice,emailservice-7d59c5dc9f-p486q,1739743186,120918016
emailservice,emailservice-7d59c5dc9f-p486q,1739743486,120926208
emailservice,emailservice-7d59c5dc9f-p486q,1739743786,120713216
emailservice,emailservice-7d59c5dc9f-p486q,1739744086,120602624
emailservice,emailservice-7d59c5dc9f-p486q,1739744386,120299520
emailservice,emailservice-7d59c5dc9f-p486q,1739744686,120299520
emailservice,emailservice-7d59c5dc9f-p486q,1739744986,119775232
emailservice,emailservice-7d59c5dc9f-p486q,1739745286,119775232
emailservice,emailservice-7d59c5dc9f-p486q,1739745586,119775232
emailservice,emailservice-7d59c5dc9f-p486q,1739745886,119771136
emailservice,emailservice-7d59c5dc9f-p486q,1739746186,119771136
emailservice,emailservice-7d59c5dc9f-p486q,1739746486,119775232
emailservice,emailservice-7d59c5dc9f-p486q,1739746786,120430592
emailservice,emailservice-7d59c5dc9f-p486q,1739747086,120483840
emailservice,emailservice-7d59c5dc9f-p486q,1739747386,120393728
emailservice,emailservice-7d59c5dc9f-p486q,1739747686,120315904
emailservice,emailservice-7d59c5dc9f-p486q,1739747986,120328192
emailservice,emailservice-7d59c5dc9f-p486q,1739748286,120643584
emailservice,emailservice-7d59c5dc9f-p486q,1739748586,120389632
emailservice,emailservice-7d59c5dc9f-p486q,1739748886,120426496
emailservice,emailservice-7d59c5dc9f-p486q,1739749186,120573952
emailservice,emailservice-7d59c5dc9f-p486q,1739749486,120569856
emailservice,emailservice-7d59c5dc9f-p486q,1739749786,120147968
emailservice,emailservice-7d59c5dc9f-p486q,1739750086,120250368
emailservice,emailservice-7d59c5dc9f-p486q,1739750386,120377344
emailservice,emailservice-7d59c5dc9f-p486q,1739750686,120680448
emailservice,emailservice-7d59c5dc9f-p486q,1739750986,120688640
emailservice,emailservice-7d59c5dc9f-p486q,1739751286,120492032
emailservice,emailservice-7d59c5dc9f-p486q,1739751586,120528896
emailservice,emailservice-7d59c5dc9f-p486q,1739751886,120655872
emailservice,emailservice-7d59c5dc9f-p486q,1739752186,120676352
emailservice,emailservice-7d59c5dc9f-p486q,1739752486,120709120
emailservice,emailservice-7d59c5dc9f-p486q,1739752786,120741888
emailservice,emailservice-7d59c5dc9f-p486q,1739753086,120111104
emailservice,emailservice-7d59c5dc9f-p486q,1739753386,120119296
emailservice,emailservice-7d59c5dc9f-p486q,1739753686,120127488
emailservice,emailservice-7d59c5dc9f-p486q,1739753986,120123392
emailservice,emailservice-7d59c5dc9f-p486q,1739754286,120475648
emailservice,emailservice-7d59c5dc9f-p486q,1739754586,120471552
emailservice,emailservice-7d59c5dc9f-p486q,1739754886,120799232
emailservice,emailservice-7d59c5dc9f-p486q,1739755186,120803328
emailservice,emailservice-7d59c5dc9f-p486q,1739755486,121430016
emailservice,emailservice-7d59c5dc9f-p486q,1739755786,120901632
emailservice,emailservice-7d59c5dc9f-p486q,1739756086,121303040
emailservice,emailservice-7d59c5dc9f-p486q,1739756386,121503744
emailservice,emailservice-7d59c5dc9f-p486q,1739756686,120266752
emailservice,emailservice-7d59c5dc9f-p486q,1739756986,120266752
emailservice,emailservice-7d59c5dc9f-p486q,1739757286,120528896
emailservice,emailservice-7d59c5dc9f-p486q,1739757586,119873536
emailservice,emailservice-7d59c5dc9f-p486q,1739757886,120086528
emailservice,emailservice-7d59c5dc9f-p486q,1739758186,120090624
emailservice,emailservice-7d59c5dc9f-p486q,1739758486,120090624
emailservice,emailservice-7d59c5dc9f-p486q,1739758786,120086528
emailservice,emailservice-7d59c5dc9f-p486q,1739759086,120262656
emailservice,emailservice-7d59c5dc9f-p486q,1739759386,120262656
emailservice,emailservice-7d59c5dc9f-p486q,1739759686,120504320
emailservice,emailservice-7d59c5dc9f-p486q,1739759986,120500224
emailservice,emailservice-7d59c5dc9f-p486q,1739760286,120545280
emailservice,emailservice-7d59c5dc9f-p486q,1739760586,120049664
emailservice,emailservice-7d59c5dc9f-p486q,1739760886,120311808
emailservice,emailservice-7d59c5dc9f-p486q,1739761186,120315904
emailservice,emailservice-7d59c5dc9f-p486q,1739761486,120311808
emailservice,emailservice-7d59c5dc9f-p486q,1739761786,120311808
emailservice,emailservice-7d59c5dc9f-p486q,1739762086,120184832
emailservice,emailservice-7d59c5dc9f-p486q,1739762386,120320000
emailservice,emailservice-7d59c5dc9f-p486q,1739762686,120397824
emailservice,emailservice-7d59c5dc9f-p486q,1739762986,120315904
emailservice,emailservice-7d59c5dc9f-p486q,1739763286,120578048
emailservice,emailservice-7d59c5dc9f-p486q,1739763586,120434688
emailservice,emailservice-7d59c5dc9f-p486q,1739763886,120438784
emailservice,emailservice-7d59c5dc9f-p486q,1739764186,121171968
emailservice,emailservice-7d59c5dc9f-p486q,1739764486,121171968
emailservice,emailservice-7d59c5dc9f-p486q,1739764786,121208832
emailservice,emailservice-7d59c5dc9f-p486q,1739765086,121704448
emailservice,emailservice-7d59c5dc9f-p486q,1739765386,121704448
emailservice,emailservice-7d59c5dc9f-p486q,1739765686,121704448
emailservice,emailservice-7d59c5dc9f-p486q,1739765986,121737216
emailservice,emailservice-7d59c5dc9f-p486q,1739766286,120238080
emailservice,emailservice-7d59c5dc9f-p486q,1739766586,120197120
emailservice,emailservice-7d59c5dc9f-p486q,1739766886,121036800
emailservice,emailservice-7d59c5dc9f-p486q,1739767186,121180160
emailservice,emailservice-7d59c5dc9f-p486q,1739767486,121319424
emailservice,emailservice-7d59c5dc9f-p486q,1739767786,121466880
emailservice,emailservice-7d59c5dc9f-p486q,1739768086,121606144
emailservice,emailservice-7d59c5dc9f-p486q,1739768386,122777600
emailservice,emailservice-7d59c5dc9f-p486q,1739768686,122007552
emailservice,emailservice-7d59c5dc9f-p486q,1739768986,122007552
emailservice,emailservice-7d59c5dc9f-p486q,1739769286,122007552
emailservice,emailservice-7d59c5dc9f-p486q,1739769586,122011648
emailservice,emailservice-7d59c5dc9f-p486q,1739769886,121954304
emailservice,emailservice-7d59c5dc9f-p486q,1739770186,122576896
emailservice,emailservice-7d59c5dc9f-p486q,1739770486,122593280
emailservice,emailservice-7d59c5dc9f-p486q,1739770786,122589184
emailservice,emailservice-7d59c5dc9f-p486q,1739771086,122589184
emailservice,emailservice-7d59c5dc9f-p486q,1739771386,122589184
emailservice,emailservice-7d59c5dc9f-p486q,1739771686,121212928
emailservice,emailservice-7d59c5dc9f-p486q,1739771986,121376768
emailservice,emailservice-7d59c5dc9f-p486q,1739772286,121761792
emailservice,emailservice-7d59c5dc9f-p486q,1739772586,121774080
emailservice,emailservice-7d59c5dc9f-p486q,1739772886,121794560
emailservice,emailservice-7d59c5dc9f-p486q,1739773186,121663488
emailservice,emailservice-7d59c5dc9f-p486q,1739773486,121786368
emailservice,emailservice-7d59c5dc9f-p486q,1739773786,122200064
emailservice,emailservice-7d59c5dc9f-p486q,1739774086,122396672
emailservice,emailservice-7d59c5dc9f-p486q,1739774386,122421248
emailservice,emailservice-7d59c5dc9f-p486q,1739774686,122425344
emailservice,emailservice-7d59c5dc9f-p486q,1739774986,122433536
emailservice,emailservice-7d59c5dc9f-p486q,1739775286,122720256
emailservice,emailservice-7d59c5dc9f-p486q,1739775586,122736640
emailservice,emailservice-7d59c5dc9f-p486q,1739775886,122601472
emailservice,emailservice-7d59c5dc9f-p486q,1739776186,122896384
emailservice,emailservice-7d59c5dc9f-p486q,1739776486,122281984
emailservice,emailservice-7d59c5dc9f-p486q,1739776786,122228736
emailservice,emailservice-7d59c5dc9f-p486q,1739777086,122658816
emailservice,emailservice-7d59c5dc9f-p486q,1739777386,121200640
emailservice,emailservice-7d59c5dc9f-p486q,1739777686,121102336
emailservice,emailservice-7d59c5dc9f-p486q,1739777986,121180160
emailservice,emailservice-7d59c5dc9f-p486q,1739778286,120885248
emailservice,emailservice-7d59c5dc9f-p486q,1739778586,121151488
emailservice,emailservice-7d59c5dc9f-p486q,1739778886,121405440
emailservice,emailservice-7d59c5dc9f-p486q,1739779186,120971264
emailservice,emailservice-7d59c5dc9f-p486q,1739779486,121200640
emailservice,emailservice-7d59c5dc9f-p486q,1739779786,121106432
emailservice,emailservice-7d59c5dc9f-p486q,1739780086,121143296
emailservice,emailservice-7d59c5dc9f-p486q,1739780386,121167872
emailservice,emailservice-7d59c5dc9f-p486q,1739780686,121331712
emailservice,emailservice-7d59c5dc9f-p486q,1739780986,121589760
emailservice,emailservice-7d59c5dc9f-p486q,1739781286,121290752
emailservice,emailservice-7d59c5dc9f-p486q,1739781586,121360384
emailservice,emailservice-7d59c5dc9f-p486q,1739781886,121470976
emailservice,emailservice-7d59c5dc9f-p486q,1739782186,121634816
emailservice,emailservice-7d59c5dc9f-p486q,1739782486,121634816
emailservice,emailservice-7d59c5dc9f-p486q,1739782786,121700352
emailservice,emailservice-7d59c5dc9f-p486q,1739783086,121950208
emailservice,emailservice-7d59c5dc9f-p486q,1739783386,121737216
emailservice,emailservice-7d59c5dc9f-p486q,1739783686,121892864
emailservice,emailservice-7d59c5dc9f-p486q,1739783986,122150912
emailservice,emailservice-7d59c5dc9f-p486q,1739784286,121917440
emailservice,emailservice-7d59c5dc9f-p486q,1739784586,121851904
emailservice,emailservice-7d59c5dc9f-p486q,1739784886,122089472
emailservice,emailservice-7d59c5dc9f-p486q,1739785186,121667584
emailservice,emailservice-7d59c5dc9f-p486q,1739785486,121704448
emailservice,emailservice-7d59c5dc9f-p486q,1739785786,121729024
emailservice,emailservice-7d59c5dc9f-p486q,1739786086,121901056
emailservice,emailservice-7d59c5dc9f-p486q,1739786386,121765888
emailservice,emailservice-7d59c5dc9f-p486q,1739786686,121606144
emailservice,emailservice-7d59c5dc9f-p486q,1739786986,121638912
emailservice,emailservice-7d59c5dc9f-p486q,1739787286,121778176
emailservice,emailservice-7d59c5dc9f-p486q,1739787586,121876480
emailservice,emailservice-7d59c5dc9f-p486q,1739787886,122241024
emailservice,emailservice-7d59c5dc9f-p486q,1739788186,122073088
emailservice,emailservice-7d59c5dc9f-p486q,1739788486,122105856
emailservice,emailservice-7d59c5dc9f-p486q,1739788786,122048512
emailservice,emailservice-7d59c5dc9f-p486q,1739789086,121847808
emailservice,emailservice-7d59c5dc9f-p486q,1739789386,121016320
emailservice,emailservice-7d59c5dc9f-p486q,1739789686,121106432
emailservice,emailservice-7d59c5dc9f-p486q,1739789986,120999936
emailservice,emailservice-7d59c5dc9f-p486q,1739790286,121499648
emailservice,emailservice-7d59c5dc9f-p486q,1739790586,121552896
emailservice,emailservice-7d59c5dc9f-p486q,1739790886,121700352
emailservice,emailservice-7d59c5dc9f-p486q,1739791186,121532416
emailservice,emailservice-7d59c5dc9f-p486q,1739791486,121569280
emailservice,emailservice-7d59c5dc9f-p486q,1739791786,121606144
emailservice,emailservice-7d59c5dc9f-p486q,1739792086,121835520
emailservice,emailservice-7d59c5dc9f-p486q,1739792386,121712640
emailservice,emailservice-7d59c5dc9f-p486q,1739792686,121720832
emailservice,emailservice-7d59c5dc9f-p486q,1739792986,121757696
emailservice,emailservice-7d59c5dc9f-p486q,1739793286,121618432
emailservice,emailservice-7d59c5dc9f-p486q,1739793586,121618432
emailservice,emailservice-7d59c5dc9f-p486q,1739793886,121647104
emailservice,emailservice-7d59c5dc9f-p486q,1739794186,121647104
emailservice,emailservice-7d59c5dc9f-p486q,1739794486,121688064
emailservice,emailservice-7d59c5dc9f-p486q,1739794786,121643008
emailservice,emailservice-7d59c5dc9f-p486q,1739795086,121823232
emailservice,emailservice-7d59c5dc9f-p486q,1739795386,121831424
emailservice,emailservice-7d59c5dc9f-p486q,1739795686,121835520
emailservice,emailservice-7d59c5dc9f-p486q,1739795986,121688064
emailservice,emailservice-7d59c5dc9f-p486q,1739796286,121688064
emailservice,emailservice-7d59c5dc9f-p486q,1739796586,121688064
emailservice,emailservice-7d59c5dc9f-p486q,1739796886,121442304
emailservice,emailservice-7d59c5dc9f-p486q,1739797186,121446400
emailservice,emailservice-7d59c5dc9f-p486q,1739797486,122028032
emailservice,emailservice-7d59c5dc9f-p486q,1739797786,121495552
emailservice,emailservice-7d59c5dc9f-p486q,1739798086,121532416
emailservice,emailservice-7d59c5dc9f-p486q,1739798386,120651776
emailservice,emailservice-7d59c5dc9f-p486q,1739798686,120627200
emailservice,emailservice-7d59c5dc9f-p486q,1739798986,120713216
emailservice,emailservice-7d59c5dc9f-p486q,1739799286,120709120
emailservice,emailservice-7d59c5dc9f-p486q,1739799586,120795136
emailservice,emailservice-7d59c5dc9f-p486q,1739799886,120860672
emailservice,emailservice-7d59c5dc9f-p486q,1739800186,120909824
emailservice,emailservice-7d59c5dc9f-p486q,1739800486,120836096
emailservice,emailservice-7d59c5dc9f-p486q,1739800786,120836096
emailservice,emailservice-7d59c5dc9f-p486q,1739801086,120840192
emailservice,emailservice-7d59c5dc9f-p486q,1739801386,121012224
emailservice,emailservice-7d59c5dc9f-p486q,1739801686,121049088
emailservice,emailservice-7d59c5dc9f-p486q,1739801986,120967168
emailservice,emailservice-7d59c5dc9f-p486q,1739802286,121081856
emailservice,emailservice-7d59c5dc9f-p486q,1739802586,121094144
emailservice,emailservice-7d59c5dc9f-p486q,1739802886,121110528
emailservice,emailservice-7d59c5dc9f-p486q,1739803186,121430016
emailservice,emailservice-7d59c5dc9f-p486q,1739803486,121425920
emailservice,emailservice-7d59c5dc9f-p486q,1739803786,121425920
emailservice,emailservice-7d59c5dc9f-p486q,1739804086,121516032
emailservice,emailservice-7d59c5dc9f-p486q,1739804386,121241600
emailservice,emailservice-7d59c5dc9f-p486q,1739804686,121257984
emailservice,emailservice-7d59c5dc9f-p486q,1739804986,121266176
emailservice,emailservice-7d59c5dc9f-p486q,1739805286,121225216
emailservice,emailservice-7d59c5dc9f-p486q,1739805586,121098240
emailservice,emailservice-7d59c5dc9f-p486q,1739805886,121229312
emailservice,emailservice-7d59c5dc9f-p486q,1739806186,121229312
emailservice,emailservice-7d59c5dc9f-p486q,1739806486,121225216
emailservice,emailservice-7d59c5dc9f-p486q,1739806786,121769984
emailservice,emailservice-7d59c5dc9f-p486q,1739807086,121507840
emailservice,emailservice-7d59c5dc9f-p486q,1739807386,121114624
emailservice,emailservice-7d59c5dc9f-p486q,1739807686,121200640
emailservice,emailservice-7d59c5dc9f-p486q,1739807986,121196544
emailservice,emailservice-7d59c5dc9f-p486q,1739808286,121262080
emailservice,emailservice-7d59c5dc9f-p486q,1739808586,121409536
emailservice,emailservice-7d59c5dc9f-p486q,1739808886,121425920
emailservice,emailservice-7d59c5dc9f-p486q,1739809186,121507840
emailservice,emailservice-7d59c5dc9f-p486q,1739809486,120946688
emailservice,emailservice-7d59c5dc9f-p486q,1739809786,121126912
emailservice,emailservice-7d59c5dc9f-p486q,1739810086,121085952
emailservice,emailservice-7d59c5dc9f-p486q,1739810386,121208832
emailservice,emailservice-7d59c5dc9f-p486q,1739810686,121307136
emailservice,emailservice-7d59c5dc9f-p486q,1739810986,121344000
emailservice,emailservice-7d59c5dc9f-p486q,1739811286,120991744
emailservice,emailservice-7d59c5dc9f-p486q,1739811586,120987648
emailservice,emailservice-7d59c5dc9f-p486q,1739811886,120582144
emailservice,emailservice-7d59c5dc9f-p486q,1739812186,120582144
emailservice,emailservice-7d59c5dc9f-p486q,1739812486,120578048
emailservice,emailservice-7d59c5dc9f-p486q,1739812786,120582144
emailservice,emailservice-7d59c5dc9f-p486q,1739813086,120926208
emailservice,emailservice-7d59c5dc9f-p486q,1739813386,120995840
emailservice,emailservice-7d59c5dc9f-p486q,1739813686,120999936
emailservice,emailservice-7d59c5dc9f-p486q,1739813986,121524224
emailservice,emailservice-7d59c5dc9f-p486q,1739814286,121221120
emailservice,emailservice-7d59c5dc9f-p486q,1739814586,121221120
emailservice,emailservice-7d59c5dc9f-p486q,1739814886,121118720
emailservice,emailservice-7d59c5dc9f-p486q,1739815186,121118720
emailservice,emailservice-7d59c5dc9f-p486q,1739815486,121118720
emailservice,emailservice-7d59c5dc9f-p486q,1739815786,121581568
emailservice,emailservice-7d59c5dc9f-p486q,1739816086,121585664
emailservice,emailservice-7d59c5dc9f-p486q,1739816386,121126912
emailservice,emailservice-7d59c5dc9f-p486q,1739816686,121405440
emailservice,emailservice-7d59c5dc9f-p486q,1739816986,121430016
emailservice,emailservice-7d59c5dc9f-p486q,1739817286,121421824
emailservice,emailservice-7d59c5dc9f-p486q,1739817586,121729024
emailservice,emailservice-7d59c5dc9f-p486q,1739817886,121556992
emailservice,emailservice-7d59c5dc9f-p486q,1739818186,121466880
emailservice,emailservice-7d59c5dc9f-p486q,1739818486,121470976
emailservice,emailservice-7d59c5dc9f-p486q,1739818786,121466880
emailservice,emailservice-7d59c5dc9f-p486q,1739819086,121712640
emailservice,emailservice-7d59c5dc9f-p486q,1739819386,121397248
emailservice,emailservice-7d59c5dc9f-p486q,1739819686,121622528
emailservice,emailservice-7d59c5dc9f-p486q,1739819986,121757696
emailservice,emailservice-7d59c5dc9f-p486q,1739820286,121757696
emailservice,emailservice-7d59c5dc9f-p486q,1739820586,121757696
emailservice,emailservice-7d59c5dc9f-p486q,1739820886,122044416
emailservice,emailservice-7d59c5dc9f-p486q,1739821186,121815040
emailservice,emailservice-7d59c5dc9f-p486q,1739821486,121851904
emailservice,emailservice-7d59c5dc9f-p486q,1739821786,121843712
emailservice,emailservice-7d59c5dc9f-p486q,1739822086,121872384
emailservice,emailservice-7d59c5dc9f-p486q,1739822386,121896960
emailservice,emailservice-7d59c5dc9f-p486q,1739822686,121569280
emailservice,emailservice-7d59c5dc9f-p486q,1739822986,121004032
emailservice,emailservice-7d59c5dc9f-p486q,1739823286,121282560
emailservice,emailservice-7d59c5dc9f-p486q,1739823586,120721408
emailservice,emailservice-7d59c5dc9f-p486q,1739823886,120725504
emailservice,emailservice-7d59c5dc9f-p486q,1739824186,121438208
emailservice,emailservice-7d59c5dc9f-p486q,1739824486,121856000
emailservice,emailservice-7d59c5dc9f-p486q,1739824786,122023936
emailservice,emailservice-7d59c5dc9f-p486q,1739825086,121917440
emailservice,emailservice-7d59c5dc9f-p486q,1739825386,121917440
emailservice,emailservice-7d59c5dc9f-p486q,1739825686,121921536
emailservice,emailservice-7d59c5dc9f-p486q,1739825986,121921536
emailservice,emailservice-7d59c5dc9f-p486q,1739826286,121917440
emailservice,emailservice-7d59c5dc9f-p486q,1739826586,120848384
emailservice,emailservice-7d59c5dc9f-p486q,1739826886,117489664
emailservice,emailservice-7d59c5dc9f-p486q,1739827186,117948416
emailservice,emailservice-7d59c5dc9f-p486q,1739827486,118157312
emailservice,emailservice-7d59c5dc9f-p486q,1739827786,118181888
emailservice,emailservice-7d59c5dc9f-p486q,1739828086,118435840
emailservice,emailservice-7d59c5dc9f-p486q,1739828386,118161408
emailservice,emailservice-7d59c5dc9f-p486q,1739828686,118558720
emailservice,emailservice-7d59c5dc9f-p486q,1739828986,118165504
emailservice,emailservice-7d59c5dc9f-p486q,1739829286,118198272
emailservice,emailservice-7d59c5dc9f-p486q,1739829586,118153216
emailservice,emailservice-7d59c5dc9f-p486q,1739829886,118214656
emailservice,emailservice-7d59c5dc9f-p486q,1739830186,118079488
emailservice,emailservice-7d59c5dc9f-p486q,1739830486,118251520
emailservice,emailservice-7d59c5dc9f-p486q,1739830786,118988800
emailservice,emailservice-7d59c5dc9f-p486q,1739831086,118956032
emailservice,emailservice-7d59c5dc9f-p486q,1739831386,118960128
loadgenerator,loadgenerator-65c45fdfc-cvn6c,1739387086,1576960
loadgenerator,loadgenerator-65c45fdfc-cvn6c,1739387386,1167360
loadgenerator,loadgenerator-65c45fdfc-cvn6c,1739387686,589824
loadgenerator,loadgenerator-65c45fdfc-cvn6c,1739387986,589824
loadgenerator,loadgenerator-65c45fdfc-cvn6c,1739388286,589824
loadgenerator,loadgenerator-65c45fdfc-cvn6c,1739388586,589824
loadgenerator,loadgenerator-65c45fdfc-cvn6c,1739388886,1163264
loadgenerator,loadgenerator-65c45fdfc-cvn6c,1739389186,589824
loadgenerator,loadgenerator-65c45fdfc-cvn6c,1739389486,589824
loadgenerator,loadgenerator-65c45fdfc-cvn6c,1739389786,1183744
loadgenerator,loadgenerator-65c45fdfc-cvn6c,1739390086,589824
loadgenerator,loadgenerator-65c45fdfc-cvn6c,1739390386,589824
loadgenerator,loadgenerator-65c45fdfc-cvn6c,1739390686,1167360
loadgenerator,loadgenerator-65c45fdfc-cvn6c,1739390986,589824
loadgenerator,loadgenerator-65c45fdfc-cvn6c,1739391286,589824
loadgenerator,loadgenerator-65c45fdfc-cvn6c,1739391586,1171456
loadgenerator,loadgenerator-65c45fdfc-cvn6c,1739391886,589824
loadgenerator,loadgenerator-65c45fdfc-cvn6c,1739392186,589824
loadgenerator,loadgenerator-65c45fdfc-cvn6c,1739392486,589824
loadgenerator,loadgenerator-65c45fdfc-cvn6c,1739392786,130244608
loadgenerator,loadgenerator-65c45fdfc-cvn6c,1739393086,130576384
loadgenerator,loadgenerator-65c45fdfc-cvn6c,1739393386,130699264
loadgenerator,loadgenerator-65c45fdfc-cvn6c,1739393686,130486272
loadgenerator,loadgenerator-65c45fdfc-cvn6c,1739393986,130666496
loadgenerator,loadgenerator-65c45fdfc-cvn6c,1739394286,130985984
loadgenerator,loadgenerator-65c45fdfc-cvn6c,1739394586,130715648
loadgenerator,loadgenerator-65c45fdfc-cvn6c,1739394886,131178496
loadgenerator,loadgenerator-65c45fdfc-cvn6c,1739395186,132145152
loadgenerator,loadgenerator-65c45fdfc-cvn6c,1739395486,132079616
loadgenerator,loadgenerator-65c45fdfc-cvn6c,1739395786,132083712
loadgenerator,loadgenerator-65c45fdfc-cvn6c,1739396086,132087808
loadgenerator,loadgenerator-65c45fdfc-cvn6c,1739396386,132124672
loadgenerator,loadgenerator-65c45fdfc-cvn6c,1739396686,132239360
loadgenerator,loadgenerator-65c45fdfc-cvn6c,1739396986,132141056
loadgenerator,loadgenerator-65c45fdfc-cvn6c,1739397286,132300800
loadgenerator,loadgenerator-65c45fdfc-cvn6c,1739397586,132362240
loadgenerator,loadgenerator-65c45fdfc-cvn6c,1739397886,132370432
loadgenerator,loadgenerator-65c45fdfc-cvn6c,1739398186,134008832
loadgenerator,loadgenerator-65c45fdfc-cvn6c,1739398486,132419584
loadgenerator,loadgenerator-65c45fdfc-cvn6c,1739398786,132710400
loadgenerator,loadgenerator-65c45fdfc-cvn6c,1739399086,132411392
loadgenerator,loadgenerator-65c45fdfc-cvn6c,1739399386,132460544
loadgenerator,loadgenerator-65c45fdfc-cvn6c,1739399686,132476928
loadgenerator,loadgenerator-65c45fdfc-cvn6c,1739399986,132603904
loadgenerator,loadgenerator-65c45fdfc-cvn6c,1739400286,132648960
loadgenerator,loadgenerator-65c45fdfc-cvn6c,1739400586,132956160
loadgenerator,loadgenerator-65c45fdfc-cvn6c,1739400886,133021696
loadgenerator,loadgenerator-65c45fdfc-cvn6c,1739401186,133107712
loadgenerator,loadgenerator-65c45fdfc-cvn6c,1739401486,133935104
loadgenerator,loadgenerator-65c45fdfc-cvn6c,1739401786,133419008
loadgenerator,loadgenerator-65c45fdfc-cvn6c,1739402086,133476352
loadgenerator,loadgenerator-65c45fdfc-cvn6c,1739402386,133443584
loadgenerator,loadgenerator-65c45fdfc-cvn6c,1739402686,133533696
loadgenerator,loadgenerator-65c45fdfc-cvn6c,1739402986,133582848
loadgenerator,loadgenerator-65c45fdfc-cvn6c,1739403286,135720960
loadgenerator,loadgenerator-65c45fdfc-cvn6c,1739403586,134053888
loadgenerator,loadgenerator-65c45fdfc-cvn6c,1739403886,134451200
loadgenerator,loadgenerator-65c45fdfc-cvn6c,1739404186,134610944
loadgenerator,loadgenerator-65c45fdfc-cvn6c,1739404486,134660096
loadgenerator,loadgenerator-65c45fdfc-cvn6c,1739404786,134737920
loadgenerator,loadgenerator-65c45fdfc-cvn6c,1739405086,134922240
loadgenerator,loadgenerator-65c45fdfc-cvn6c,1739405386,134569984
loadgenerator,loadgenerator-65c45fdfc-cvn6c,1739405686,135188480
loadgenerator,loadgenerator-65c45fdfc-cvn6c,1739405986,135245824
loadgenerator,loadgenerator-65c45fdfc-cvn6c,1739406286,135294976
loadgenerator,loadgenerator-65c45fdfc-cvn6c,1739406586,135348224
loadgenerator,loadgenerator-65c45fdfc-cvn6c,1739406886,135405568
loadgenerator,loadgenerator-65c45fdfc-cvn6c,1739407186,136212480
loadgenerator,loadgenerator-65c45fdfc-cvn6c,1739407486,135761920
loadgenerator,loadgenerator-65c45fdfc-cvn6c,1739407786,135909376
loadgenerator,loadgenerator-65c45fdfc-cvn6c,1739408086,135942144
loadgenerator,loadgenerator-65c45fdfc-cvn6c,1739408386,135860224
loadgenerator,loadgenerator-65c45fdfc-cvn6c,1739408686,135892992
loadgenerator,loadgenerator-65c45fdfc-cvn6c,1739408986,138182656
loadgenerator,loadgenerator-65c45fdfc-cvn6c,1739409286,136450048
loadgenerator,loadgenerator-65c45fdfc-cvn6c,1739409586,136450048
loadgenerator,loadgenerator-65c45fdfc-cvn6c,1739409886,136503296
loadgenerator,loadgenerator-65c45fdfc-cvn6c,1739410186,136556544
loadgenerator,loadgenerator-65c45fdfc-cvn6c,1739410486,136151040
loadgenerator,loadgenerator-65c45fdfc-cvn6c,1739410786,136409088
loadgenerator,loadgenerator-65c45fdfc-cvn6c,1739411086,136445952
loadgenerator,loadgenerator-65c45fdfc-cvn6c,1739411386,136486912
loadgenerator,loadgenerator-65c45fdfc-cvn6c,1739411686,136613888
loadgenerator,loadgenerator-65c45fdfc-cvn6c,1739411986,136769536
loadgenerator,loadgenerator-65c45fdfc-cvn6c,1739412286,136830976
loadgenerator,loadgenerator-65c45fdfc-cvn6c,1739412586,137060352
loadgenerator,loadgenerator-65c45fdfc-cvn6c,1739412886,137166848
loadgenerator,loadgenerator-65c45fdfc-cvn6c,1739413186,137478144
loadgenerator,loadgenerator-65c45fdfc-cvn6c,1739413486,137187328
loadgenerator,loadgenerator-65c45fdfc-cvn6c,1739413786,137363456
loadgenerator,loadgenerator-65c45fdfc-cvn6c,1739414086,137400320
loadgenerator,loadgenerator-65c45fdfc-cvn6c,1739414386,139104256
loadgenerator,loadgenerator-65c45fdfc-cvn6c,1739414686,138268672
loadgenerator,loadgenerator-65c45fdfc-cvn6c,1739414986,138604544
loadgenerator,loadgenerator-65c45fdfc-cvn6c,1739415286,138723328
loadgenerator,loadgenerator-65c45fdfc-cvn6c,1739415586,139399168
loadgenerator,loadgenerator-65c45fdfc-cvn6c,1739415886,139554816
loadgenerator,loadgenerator-65c45fdfc-cvn6c,1739416186,139644928
loadgenerator,loadgenerator-65c45fdfc-cvn6c,1739416486,139776000
loadgenerator,loadgenerator-65c45fdfc-cvn6c,1739416786,139874304
loadgenerator,loadgenerator-65c45fdfc-cvn6c,1739417086,139911168
loadgenerator,loadgenerator-65c45fdfc-cvn6c,1739417386,139915264
loadgenerator,loadgenerator-65c45fdfc-cvn6c,1739417686,139984896
loadgenerator,loadgenerator-65c45fdfc-cvn6c,1739417986,140087296
loadgenerator,loadgenerator-65c45fdfc-cvn6c,1739418286,141041664
loadgenerator,loadgenerator-65c45fdfc-cvn6c,1739418586,141615104
loadgenerator,loadgenerator-65c45fdfc-cvn6c,1739418886,141455360
loadgenerator,loadgenerator-65c45fdfc-cvn6c,1739419186,141533184
loadgenerator,loadgenerator-65c45fdfc-cvn6c,1739419486,141574144
loadgenerator,loadgenerator-65c45fdfc-cvn6c,1739419786,141643776
loadgenerator,loadgenerator-65c45fdfc-cvn6c,1739420086,142225408
loadgenerator,loadgenerator-65c45fdfc-cvn6c,1739420386,142225408
loadgenerator,loadgenerator-65c45fdfc-cvn6c,1739420686,142495744
loadgenerator,loadgenerator-65c45fdfc-cvn6c,1739420986,142557184
loadgenerator,loadgenerator-65c45fdfc-cvn6c,1739421286,142598144
loadgenerator,loadgenerator-65c45fdfc-cvn6c,1739421586,142663680
loadgenerator,loadgenerator-65c45fdfc-cvn6c,1739421886,142520320
loadgenerator,loadgenerator-65c45fdfc-cvn6c,1739422186,142696448
loadgenerator,loadgenerator-65c45fdfc-cvn6c,1739422486,142696448
loadgenerator,loadgenerator-65c45fdfc-cvn6c,1739422786,142741504
loadgenerator,loadgenerator-65c45fdfc-cvn6c,1739423086,142835712
loadgenerator,loadgenerator-65c45fdfc-cvn6c,1739423386,142925824
loadgenerator,loadgenerator-65c45fdfc-cvn6c,1739423686,144654336
loadgenerator,loadgenerator-65c45fdfc-cvn6c,1739423986,143413248
loadgenerator,loadgenerator-65c45fdfc-cvn6c,1739424286,143331328
loadgenerator,loadgenerator-65c45fdfc-cvn6c,1739424586,143613952
loadgenerator,loadgenerator-65c45fdfc-cvn6c,1739424886,143507456
loadgenerator,loadgenerator-65c45fdfc-cvn6c,1739425186,143691776
loadgenerator,loadgenerator-65c45fdfc-cvn6c,1739425486,144429056
loadgenerator,loadgenerator-65c45fdfc-cvn6c,1739425786,144023552
loadgenerator,loadgenerator-65c45fdfc-cvn6c,1739426086,144564224
loadgenerator,loadgenerator-65c45fdfc-cvn6c,1739426386,144642048
loadgenerator,loadgenerator-65c45fdfc-cvn6c,1739426686,144719872
loadgenerator,loadgenerator-65c45fdfc-cvn6c,1739426986,144945152
loadgenerator,loadgenerator-65c45fdfc-cvn6c,1739427286,145334272
loadgenerator,loadgenerator-65c45fdfc-cvn6c,1739427586,145387520
loadgenerator,loadgenerator-65c45fdfc-cvn6c,1739427886,146214912
loadgenerator,loadgenerator-65c45fdfc-cvn6c,1739428186,146309120
loadgenerator,loadgenerator-65c45fdfc-cvn6c,1739428486,146243584
loadgenerator,loadgenerator-65c45fdfc-cvn6c,1739428786,146333696
loadgenerator,loadgenerator-65c45fdfc-cvn6c,1739429086,146436096
loadgenerator,loadgenerator-65c45fdfc-cvn6c,1739429386,147017728
loadgenerator,loadgenerator-65c45fdfc-cvn6c,1739429686,146952192
loadgenerator,loadgenerator-65c45fdfc-cvn6c,1739429986,146927616
loadgenerator,loadgenerator-65c45fdfc-cvn6c,1739430286,147013632
loadgenerator,loadgenerator-65c45fdfc-cvn6c,1739430586,146907136
loadgenerator,loadgenerator-65c45fdfc-cvn6c,1739430886,147095552
loadgenerator,loadgenerator-65c45fdfc-cvn6c,1739431186,146485248
loadgenerator,loadgenerator-65c45fdfc-cvn6c,1739431486,146771968
loadgenerator,loadgenerator-65c45fdfc-cvn6c,1739431786,146841600
loadgenerator,loadgenerator-65c45fdfc-cvn6c,1739432086,146944000
loadgenerator,loadgenerator-65c45fdfc-cvn6c,1739432386,146956288
loadgenerator,loadgenerator-65c45fdfc-cvn6c,1739432686,148787200
loadgenerator,loadgenerator-65c45fdfc-cvn6c,1739432986,147243008
loadgenerator,loadgenerator-65c45fdfc-cvn6c,1739433286,147288064
loadgenerator,loadgenerator-65c45fdfc-cvn6c,1739433586,147353600
loadgenerator,loadgenerator-65c45fdfc-cvn6c,1739433886,147427328
loadgenerator,loadgenerator-65c45fdfc-cvn6c,1739434186,148041728
loadgenerator,loadgenerator-65c45fdfc-cvn6c,1739434486,147619840
loadgenerator,loadgenerator-65c45fdfc-cvn6c,1739434786,148107264
loadgenerator,loadgenerator-65c45fdfc-cvn6c,1739435086,147857408
loadgenerator,loadgenerator-65c45fdfc-cvn6c,1739435386,147943424
loadgenerator,loadgenerator-65c45fdfc-cvn6c,1739435686,148078592
loadgenerator,loadgenerator-65c45fdfc-cvn6c,1739435986,149352448
loadgenerator,loadgenerator-65c45fdfc-cvn6c,1739436286,148275200
loadgenerator,loadgenerator-65c45fdfc-cvn6c,1739436586,147939328
loadgenerator,loadgenerator-65c45fdfc-cvn6c,1739436886,148029440
loadgenerator,loadgenerator-65c45fdfc-cvn6c,1739437186,148402176
loadgenerator,loadgenerator-65c45fdfc-cvn6c,1739437486,148926464
loadgenerator,loadgenerator-65c45fdfc-cvn6c,1739437786,149471232
loadgenerator,loadgenerator-65c45fdfc-cvn6c,1739438086,149938176
loadgenerator,loadgenerator-65c45fdfc-cvn6c,1739438386,151289856
loadgenerator,loadgenerator-65c45fdfc-cvn6c,1739438686,150515712
loadgenerator,loadgenerator-65c45fdfc-cvn6c,1739438986,150769664
loadgenerator,loadgenerator-65c45fdfc-cvn6c,1739439286,151302144
loadgenerator,loadgenerator-65c45fdfc-cvn6c,1739439586,151384064
loadgenerator,loadgenerator-65c45fdfc-cvn6c,1739439886,152100864
loadgenerator,loadgenerator-65c45fdfc-cvn6c,1739440186,152440832
loadgenerator,loadgenerator-65c45fdfc-cvn6c,1739440486,152170496
loadgenerator,loadgenerator-65c45fdfc-cvn6c,1739440786,152449024
loadgenerator,loadgenerator-65c45fdfc-cvn6c,1739441086,152555520
loadgenerator,loadgenerator-65c45fdfc-cvn6c,1739441386,152629248
loadgenerator,loadgenerator-65c45fdfc-cvn6c,1739441686,152748032
loadgenerator,loadgenerator-65c45fdfc-cvn6c,1739441986,152834048
loadgenerator,loadgenerator-65c45fdfc-cvn6c,1739442286,152399872
loadgenerator,loadgenerator-65c45fdfc-cvn6c,1739442586,152571904
loadgenerator,loadgenerator-65c45fdfc-cvn6c,1739442886,152641536
loadgenerator,loadgenerator-65c45fdfc-cvn6c,1739443186,152698880
loadgenerator,loadgenerator-65c45fdfc-cvn6c,1739443486,153260032
loadgenerator,loadgenerator-65c45fdfc-cvn6c,1739443786,152936448
loadgenerator,loadgenerator-65c45fdfc-cvn6c,1739444086,153038848
loadgenerator,loadgenerator-65c45fdfc-cvn6c,1739444386,153141248
loadgenerator,loadgenerator-65c45fdfc-cvn6c,1739444686,153239552
loadgenerator,loadgenerator-65c45fdfc-cvn6c,1739444986,157335552
loadgenerator,loadgenerator-65c45fdfc-cvn6c,1739445286,157683712
loadgenerator,loadgenerator-65c45fdfc-cvn6c,1739445586,157868032
loadgenerator,loadgenerator-65c45fdfc-cvn6c,1739445886,157777920
loadgenerator,loadgenerator-65c45fdfc-cvn6c,1739446186,157982720
loadgenerator,loadgenerator-65c45fdfc-cvn6c,1739446486,158347264
loadgenerator,loadgenerator-65c45fdfc-cvn6c,1739446786,158171136
loadgenerator,loadgenerator-65c45fdfc-cvn6c,1739447086,159813632
loadgenerator,loadgenerator-65c45fdfc-cvn6c,1739447386,158425088
loadgenerator,loadgenerator-65c45fdfc-cvn6c,1739447686,158511104
loadgenerator,loadgenerator-65c45fdfc-cvn6c,1739447986,158642176
loadgenerator,loadgenerator-65c45fdfc-cvn6c,1739448286,158081024
loadgenerator,loadgenerator-65c45fdfc-cvn6c,1739448586,158171136
loadgenerator,loadgenerator-65c45fdfc-cvn6c,1739448886,158322688
loadgenerator,loadgenerator-65c45fdfc-cvn6c,1739449186,158535680
loadgenerator,loadgenerator-65c45fdfc-cvn6c,1739449486,158285824
loadgenerator,loadgenerator-65c45fdfc-cvn6c,1739449786,158285824
loadgenerator,loadgenerator-65c45fdfc-cvn6c,1739450086,158363648
loadgenerator,loadgenerator-65c45fdfc-cvn6c,1739450386,158617600
loadgenerator,loadgenerator-65c45fdfc-cvn6c,1739450686,159039488
loadgenerator,loadgenerator-65c45fdfc-cvn6c,1739450986,158822400
loadgenerator,loadgenerator-65c45fdfc-cvn6c,1739451286,158937088
loadgenerator,loadgenerator-65c45fdfc-cvn6c,1739451586,159113216
loadgenerator,loadgenerator-65c45fdfc-cvn6c,1739451886,159039488
loadgenerator,loadgenerator-65c45fdfc-cvn6c,1739452186,159137792
loadgenerator,loadgenerator-65c45fdfc-cvn6c,1739452486,159416320
loadgenerator,loadgenerator-65c45fdfc-cvn6c,1739452786,159592448
loadgenerator,loadgenerator-65c45fdfc-cvn6c,1739453086,159686656
loadgenerator,loadgenerator-65c45fdfc-cvn6c,1739453386,159793152
loadgenerator,loadgenerator-65c45fdfc-cvn6c,1739453686,159305728
loadgenerator,loadgenerator-65c45fdfc-cvn6c,1739453986,159387648
loadgenerator,loadgenerator-65c45fdfc-cvn6c,1739454286,159580160
loadgenerator,loadgenerator-65c45fdfc-cvn6c,1739454586,159678464
loadgenerator,loadgenerator-65c45fdfc-cvn6c,1739454886,159834112
loadgenerator,loadgenerator-65c45fdfc-cvn6c,1739455186,159920128
loadgenerator,loadgenerator-65c45fdfc-cvn6c,1739455486,160010240
loadgenerator,loadgenerator-65c45fdfc-cvn6c,1739455786,160411648
loadgenerator,loadgenerator-65c45fdfc-cvn6c,1739456086,160628736
loadgenerator,loadgenerator-65c45fdfc-cvn6c,1739456386,160423936
loadgenerator,loadgenerator-65c45fdfc-cvn6c,1739456686,160509952
loadgenerator,loadgenerator-65c45fdfc-cvn6c,1739456986,160604160
loadgenerator,loadgenerator-65c45fdfc-cvn6c,1739457286,160595968
loadgenerator,loadgenerator-65c45fdfc-cvn6c,1739457586,161112064
loadgenerator,loadgenerator-65c45fdfc-cvn6c,1739457886,160948224
loadgenerator,loadgenerator-65c45fdfc-cvn6c,1739458186,161120256
loadgenerator,loadgenerator-65c45fdfc-cvn6c,1739458486,161185792
loadgenerator,loadgenerator-65c45fdfc-cvn6c,1739458786,161759232
loadgenerator,loadgenerator-65c45fdfc-cvn6c,1739459086,161402880
loadgenerator,loadgenerator-65c45fdfc-cvn6c,1739459386,163241984
loadgenerator,loadgenerator-65c45fdfc-cvn6c,1739459686,162045952
loadgenerator,loadgenerator-65c45fdfc-cvn6c,1739459986,161742848
loadgenerator,loadgenerator-65c45fdfc-cvn6c,1739460286,161824768
loadgenerator,loadgenerator-65c45fdfc-cvn6c,1739460586,161894400
loadgenerator,loadgenerator-65c45fdfc-cvn6c,1739460886,161992704
loadgenerator,loadgenerator-65c45fdfc-cvn6c,1739461186,162082816
loadgenerator,loadgenerator-65c45fdfc-cvn6c,1739461486,162185216
loadgenerator,loadgenerator-65c45fdfc-cvn6c,1739461786,162500608
loadgenerator,loadgenerator-65c45fdfc-cvn6c,1739462086,162881536
loadgenerator,loadgenerator-65c45fdfc-cvn6c,1739462386,163008512
loadgenerator,loadgenerator-65c45fdfc-cvn6c,1739462686,163102720
loadgenerator,loadgenerator-65c45fdfc-cvn6c,1739462986,163663872
loadgenerator,loadgenerator-65c45fdfc-cvn6c,1739463286,164593664
loadgenerator,loadgenerator-65c45fdfc-cvn6c,1739463586,164888576
loadgenerator,loadgenerator-65c45fdfc-cvn6c,1739463886,165097472
loadgenerator,loadgenerator-65c45fdfc-cvn6c,1739464186,161042432
loadgenerator,loadgenerator-65c45fdfc-cvn6c,1739464486,160841728
loadgenerator,loadgenerator-65c45fdfc-cvn6c,1739464786,160931840
loadgenerator,loadgenerator-65c45fdfc-cvn6c,1739465086,161607680
loadgenerator,loadgenerator-65c45fdfc-cvn6c,1739465386,162795520
loadgenerator,loadgenerator-65c45fdfc-cvn6c,1739465686,162562048
loadgenerator,loadgenerator-65c45fdfc-cvn6c,1739465986,161792000
loadgenerator,loadgenerator-65c45fdfc-cvn6c,1739466286,161882112
loadgenerator,loadgenerator-65c45fdfc-cvn6c,1739466586,161980416
loadgenerator,loadgenerator-65c45fdfc-cvn6c,1739466886,162168832
loadgenerator,loadgenerator-65c45fdfc-cvn6c,1739467186,162148352
loadgenerator,loadgenerator-65c45fdfc-cvn6c,1739467486,162258944
loadgenerator,loadgenerator-65c45fdfc-cvn6c,1739467786,162496512
loadgenerator,loadgenerator-65c45fdfc-cvn6c,1739468086,162504704
loadgenerator,loadgenerator-65c45fdfc-cvn6c,1739468386,162574336
loadgenerator,loadgenerator-65c45fdfc-cvn6c,1739468686,162779136
loadgenerator,loadgenerator-65c45fdfc-cvn6c,1739468986,162754560
loadgenerator,loadgenerator-65c45fdfc-cvn6c,1739469286,162959360
loadgenerator,loadgenerator-65c45fdfc-cvn6c,1739469586,163037184
loadgenerator,loadgenerator-65c45fdfc-cvn6c,1739469886,163115008
loadgenerator,loadgenerator-65c45fdfc-cvn6c,1739470186,163229696
loadgenerator,loadgenerator-65c45fdfc-cvn6c,1739470486,165056512
loadgenerator,loadgenerator-65c45fdfc-cvn6c,1739470786,163295232
loadgenerator,loadgenerator-65c45fdfc-cvn6c,1739471086,163532800
loadgenerator,loadgenerator-65c45fdfc-cvn6c,1739471386,163561472
loadgenerator,loadgenerator-65c45fdfc-cvn6c,1739471686,163856384
loadgenerator,loadgenerator-65c45fdfc-cvn6c,1739471986,163614720
loadgenerator,loadgenerator-65c45fdfc-cvn6c,1739472286,163618816
loadgenerator,loadgenerator-65c45fdfc-cvn6c,1739472586,166420480
loadgenerator,loadgenerator-65c45fdfc-cvn6c,1739472886,166522880
loadgenerator,loadgenerator-65c45fdfc-cvn6c,1739473186,166608896
loadgenerator,loadgenerator-65c45fdfc-cvn6c,1739473486,166715392
loadgenerator,loadgenerator-65c45fdfc-cvn6c,1739473786,166735872
loadgenerator,loadgenerator-65c45fdfc-cvn6c,1739474086,166973440
loadgenerator,loadgenerator-65c45fdfc-cvn6c,1739474386,167182336
loadgenerator,loadgenerator-65c45fdfc-cvn6c,1739474686,167575552
loadgenerator,loadgenerator-65c45fdfc-cvn6c,1739474986,167620608
loadgenerator,loadgenerator-65c45fdfc-cvn6c,1739475286,167714816
loadgenerator,loadgenerator-65c45fdfc-cvn6c,1739475586,167817216
loadgenerator,loadgenerator-65c45fdfc-cvn6c,1739475886,167923712
loadgenerator,loadgenerator-65c45fdfc-cvn6c,1739476186,168357888
loadgenerator,loadgenerator-65c45fdfc-cvn6c,1739476486,168218624
loadgenerator,loadgenerator-65c45fdfc-cvn6c,1739476786,168157184
loadgenerator,loadgenerator-65c45fdfc-cvn6c,1739477086,168235008
loadgenerator,loadgenerator-65c45fdfc-cvn6c,1739477386,168398848
loadgenerator,loadgenerator-65c45fdfc-cvn6c,1739477686,168529920
loadgenerator,loadgenerator-65c45fdfc-cvn6c,1739477986,170692608
loadgenerator,loadgenerator-65c45fdfc-cvn6c,1739478286,168898560
loadgenerator,loadgenerator-65c45fdfc-cvn6c,1739478586,167968768
loadgenerator,loadgenerator-65c45fdfc-cvn6c,1739478886,168083456
loadgenerator,loadgenerator-65c45fdfc-cvn6c,1739479186,168165376
loadgenerator,loadgenerator-65c45fdfc-cvn6c,1739479486,168235008
loadgenerator,loadgenerator-65c45fdfc-cvn6c,1739479786,168566784
loadgenerator,loadgenerator-65c45fdfc-cvn6c,1739480086,171704320
loadgenerator,loadgenerator-65c45fdfc-cvn6c,1739480386,171216896
loadgenerator,loadgenerator-65c45fdfc-cvn6c,1739480686,171315200
loadgenerator,loadgenerator-65c45fdfc-cvn6c,1739480986,171405312
loadgenerator,loadgenerator-65c45fdfc-cvn6c,1739481286,171454464
loadgenerator,loadgenerator-65c45fdfc-cvn6c,1739481586,171466752
loadgenerator,loadgenerator-65c45fdfc-cvn6c,1739481886,171630592
loadgenerator,loadgenerator-65c45fdfc-cvn6c,1739482186,172277760
loadgenerator,loadgenerator-65c45fdfc-cvn6c,1739482486,172474368
loadgenerator,loadgenerator-65c45fdfc-cvn6c,1739482786,173760512
loadgenerator,loadgenerator-65c45fdfc-cvn6c,1739483086,173600768
loadgenerator,loadgenerator-65c45fdfc-cvn6c,1739483386,175841280
loadgenerator,loadgenerator-65c45fdfc-cvn6c,1739483686,175071232
loadgenerator,loadgenerator-65c45fdfc-cvn6c,1739483986,174858240
loadgenerator,loadgenerator-65c45fdfc-cvn6c,1739484286,174903296
loadgenerator,loadgenerator-65c45fdfc-cvn6c,1739484586,174944256
loadgenerator,loadgenerator-65c45fdfc-cvn6c,1739484886,175767552
loadgenerator,loadgenerator-65c45fdfc-cvn6c,1739485186,174964736
loadgenerator,loadgenerator-65c45fdfc-cvn6c,1739485486,175071232
loadgenerator,loadgenerator-65c45fdfc-cvn6c,1739485786,176427008
loadgenerator,loadgenerator-65c45fdfc-cvn6c,1739486086,176427008
loadgenerator,loadgenerator-65c45fdfc-cvn6c,1739486386,176656384
loadgenerator,loadgenerator-65c45fdfc-cvn6c,1739486686,177975296
loadgenerator,loadgenerator-65c45fdfc-cvn6c,1739486986,177926144
loadgenerator,loadgenerator-65c45fdfc-cvn6c,1739487286,177758208
loadgenerator,loadgenerator-65c45fdfc-cvn6c,1739487586,177758208
loadgenerator,loadgenerator-65c45fdfc-cvn6c,1739487886,178200576
loadgenerator,loadgenerator-65c45fdfc-cvn6c,1739488186,177831936
loadgenerator,loadgenerator-65c45fdfc-cvn6c,1739488486,177983488
loadgenerator,loadgenerator-65c45fdfc-cvn6c,1739488786,179974144
loadgenerator,loadgenerator-65c45fdfc-cvn6c,1739489086,178151424
loadgenerator,loadgenerator-65c45fdfc-cvn6c,1739489386,178561024
loadgenerator,loadgenerator-65c45fdfc-cvn6c,1739489686,178487296
loadgenerator,loadgenerator-65c45fdfc-cvn6c,1739489986,178561024
loadgenerator,loadgenerator-65c45fdfc-cvn6c,1739490286,178397184
loadgenerator,loadgenerator-65c45fdfc-cvn6c,1739490586,178270208
loadgenerator,loadgenerator-65c45fdfc-cvn6c,1739490886,178708480
loadgenerator,loadgenerator-65c45fdfc-cvn6c,1739491186,178819072
loadgenerator,loadgenerator-65c45fdfc-cvn6c,1739491486,178950144
loadgenerator,loadgenerator-65c45fdfc-cvn6c,1739491786,178405376
loadgenerator,loadgenerator-65c45fdfc-cvn6c,1739492086,178520064
loadgenerator,loadgenerator-65c45fdfc-cvn6c,1739492386,178544640
loadgenerator,loadgenerator-65c45fdfc-cvn6c,1739492686,178388992
loadgenerator,loadgenerator-65c45fdfc-cvn6c,1739492986,178503680
loadgenerator,loadgenerator-65c45fdfc-cvn6c,1739493286,178577408
loadgenerator,loadgenerator-65c45fdfc-cvn6c,1739493586,178868224
loadgenerator,loadgenerator-65c45fdfc-cvn6c,1739493886,178929664
loadgenerator,loadgenerator-65c45fdfc-cvn6c,1739494186,179535872
loadgenerator,loadgenerator-65c45fdfc-cvn6c,1739494486,179601408
loadgenerator,loadgenerator-65c45fdfc-cvn6c,1739494786,179453952
loadgenerator,loadgenerator-65c45fdfc-cvn6c,1739495086,179519488
loadgenerator,loadgenerator-65c45fdfc-cvn6c,1739495386,179564544
loadgenerator,loadgenerator-65c45fdfc-cvn6c,1739495686,181792768
loadgenerator,loadgenerator-65c45fdfc-cvn6c,1739495986,179691520
loadgenerator,loadgenerator-65c45fdfc-cvn6c,1739496286,179695616
loadgenerator,loadgenerator-65c45fdfc-cvn6c,1739496586,180080640
loadgenerator,loadgenerator-65c45fdfc-cvn6c,1739496886,180142080
loadgenerator,loadgenerator-65c45fdfc-cvn6c,1739497186,180256768
loadgenerator,loadgenerator-65c45fdfc-cvn6c,1739497486,184741888
loadgenerator,loadgenerator-65c45fdfc-cvn6c,1739497786,183595008
loadgenerator,loadgenerator-65c45fdfc-cvn6c,1739498086,182743040
loadgenerator,loadgenerator-65c45fdfc-cvn6c,1739498386,182841344
loadgenerator,loadgenerator-65c45fdfc-cvn6c,1739498686,182988800
loadgenerator,loadgenerator-65c45fdfc-cvn6c,1739498986,183078912
loadgenerator,loadgenerator-65c45fdfc-cvn6c,1739499286,183087104
loadgenerator,loadgenerator-65c45fdfc-cvn6c,1739499586,183181312
loadgenerator,loadgenerator-65c45fdfc-cvn6c,1739499886,183386112
loadgenerator,loadgenerator-65c45fdfc-cvn6c,1739500186,183484416
loadgenerator,loadgenerator-65c45fdfc-cvn6c,1739500486,183586816
loadgenerator,loadgenerator-65c45fdfc-cvn6c,1739500786,183513088
loadgenerator,loadgenerator-65c45fdfc-cvn6c,1739501086,185491456
loadgenerator,loadgenerator-65c45fdfc-cvn6c,1739501386,184164352
loadgenerator,loadgenerator-65c45fdfc-cvn6c,1739501686,184172544
loadgenerator,loadgenerator-65c45fdfc-cvn6c,1739501986,184344576
loadgenerator,loadgenerator-65c45fdfc-cvn6c,1739502286,184426496
loadgenerator,loadgenerator-65c45fdfc-cvn6c,1739502586,184778752
loadgenerator,loadgenerator-65c45fdfc-cvn6c,1739502886,184614912
loadgenerator,loadgenerator-65c45fdfc-cvn6c,1739503186,185065472
loadgenerator,loadgenerator-65c45fdfc-cvn6c,1739503486,184913920
loadgenerator,loadgenerator-65c45fdfc-cvn6c,1739503786,185004032
loadgenerator,loadgenerator-65c45fdfc-cvn6c,1739504086,185044992
loadgenerator,loadgenerator-65c45fdfc-cvn6c,1739504386,184098816
loadgenerator,loadgenerator-65c45fdfc-cvn6c,1739504686,183455744
loadgenerator,loadgenerator-65c45fdfc-cvn6c,1739504986,183488512
loadgenerator,loadgenerator-65c45fdfc-cvn6c,1739505286,183586816
loadgenerator,loadgenerator-65c45fdfc-cvn6c,1739505586,183656448
loadgenerator,loadgenerator-65c45fdfc-cvn6c,1739505886,183676928
loadgenerator,loadgenerator-65c45fdfc-cvn6c,1739506186,184053760
loadgenerator,loadgenerator-65c45fdfc-cvn6c,1739506486,184111104
loadgenerator,loadgenerator-65c45fdfc-cvn6c,1739506786,184020992
loadgenerator,loadgenerator-65c45fdfc-cvn6c,1739507086,184221696
loadgenerator,loadgenerator-65c45fdfc-cvn6c,1739507386,184455168
loadgenerator,loadgenerator-65c45fdfc-cvn6c,1739507686,184541184
loadgenerator,loadgenerator-65c45fdfc-cvn6c,1739507986,184614912
loadgenerator,loadgenerator-65c45fdfc-cvn6c,1739508286,184700928
loadgenerator,loadgenerator-65c45fdfc-cvn6c,1739508586,186826752
loadgenerator,loadgenerator-65c45fdfc-cvn6c,1739508886,184991744
loadgenerator,loadgenerator-65c45fdfc-cvn6c,1739509186,185098240
loadgenerator,loadgenerator-65c45fdfc-cvn6c,1739509486,185061376
loadgenerator,loadgenerator-65c45fdfc-cvn6c,1739509786,185217024
loadgenerator,loadgenerator-65c45fdfc-cvn6c,1739510086,185311232
loadgenerator,loadgenerator-65c45fdfc-cvn6c,1739510386,187527168
loadgenerator,loadgenerator-65c45fdfc-cvn6c,1739510686,185679872
loadgenerator,loadgenerator-65c45fdfc-cvn6c,1739510986,185180160
loadgenerator,loadgenerator-65c45fdfc-cvn6c,1739511286,185245696
loadgenerator,loadgenerator-65c45fdfc-cvn6c,1739511586,185282560
loadgenerator,loadgenerator-65c45fdfc-cvn6c,1739511886,185040896
loadgenerator,loadgenerator-65c45fdfc-cvn6c,1739512186,185081856
loadgenerator,loadgenerator-65c45fdfc-cvn6c,1739512486,185196544
loadgenerator,loadgenerator-65c45fdfc-cvn6c,1739512786,185319424
loadgenerator,loadgenerator-65c45fdfc-cvn6c,1739513086,185380864
loadgenerator,loadgenerator-65c45fdfc-cvn6c,1739513386,185466880
loadgenerator,loadgenerator-65c45fdfc-cvn6c,1739513686,185483264
loadgenerator,loadgenerator-65c45fdfc-cvn6c,1739513986,185536512
loadgenerator,loadgenerator-65c45fdfc-cvn6c,1739514286,185675776
loadgenerator,loadgenerator-65c45fdfc-cvn6c,1739514586,185880576
loadgenerator,loadgenerator-65c45fdfc-cvn6c,1739514886,185917440
loadgenerator,loadgenerator-65c45fdfc-cvn6c,1739515186,185495552
loadgenerator,loadgenerator-65c45fdfc-cvn6c,1739515486,185540608
loadgenerator,loadgenerator-65c45fdfc-cvn6c,1739515786,187527168
loadgenerator,loadgenerator-65c45fdfc-cvn6c,1739516086,185966592
loadgenerator,loadgenerator-65c45fdfc-cvn6c,1739516386,186327040
loadgenerator,loadgenerator-65c45fdfc-cvn6c,1739516686,186433536
loadgenerator,loadgenerator-65c45fdfc-cvn6c,1739516986,186445824
loadgenerator,loadgenerator-65c45fdfc-cvn6c,1739517286,186523648
loadgenerator,loadgenerator-65c45fdfc-cvn6c,1739517586,186658816
loadgenerator,loadgenerator-65c45fdfc-cvn6c,1739517886,186880000
loadgenerator,loadgenerator-65c45fdfc-cvn6c,1739518186,187174912
loadgenerator,loadgenerator-65c45fdfc-cvn6c,1739518486,186159104
loadgenerator,loadgenerator-65c45fdfc-cvn6c,1739518786,186347520
loadgenerator,loadgenerator-65c45fdfc-cvn6c,1739519086,186286080
loadgenerator,loadgenerator-65c45fdfc-cvn6c,1739519386,186548224
loadgenerator,loadgenerator-65c45fdfc-cvn6c,1739519686,186490880
loadgenerator,loadgenerator-65c45fdfc-cvn6c,1739519986,186572800
loadgenerator,loadgenerator-65c45fdfc-cvn6c,1739520286,186634240
loadgenerator,loadgenerator-65c45fdfc-cvn6c,1739520586,186757120
loadgenerator,loadgenerator-65c45fdfc-cvn6c,1739520886,186777600
loadgenerator,loadgenerator-65c45fdfc-cvn6c,1739521186,186863616
loadgenerator,loadgenerator-65c45fdfc-cvn6c,1739521486,187277312
loadgenerator,loadgenerator-65c45fdfc-cvn6c,1739521786,187170816
loadgenerator,loadgenerator-65c45fdfc-cvn6c,1739522086,187682816
loadgenerator,loadgenerator-65c45fdfc-cvn6c,1739522386,189792256
loadgenerator,loadgenerator-65c45fdfc-cvn6c,1739522686,187674624
loadgenerator,loadgenerator-65c45fdfc-cvn6c,1739522986,187871232
loadgenerator,loadgenerator-65c45fdfc-cvn6c,1739523286,187957248
loadgenerator,loadgenerator-65c45fdfc-cvn6c,1739523586,188170240
loadgenerator,loadgenerator-65c45fdfc-cvn6c,1739523886,188211200
loadgenerator,loadgenerator-65c45fdfc-cvn6c,1739524186,188239872
loadgenerator,loadgenerator-65c45fdfc-cvn6c,1739524486,187895808
loadgenerator,loadgenerator-65c45fdfc-cvn6c,1739524786,188071936
loadgenerator,loadgenerator-65c45fdfc-cvn6c,1739525086,190517248
loadgenerator,loadgenerator-65c45fdfc-cvn6c,1739525386,188862464
loadgenerator,loadgenerator-65c45fdfc-cvn6c,1739525686,190115840
loadgenerator,loadgenerator-65c45fdfc-cvn6c,1739525986,191332352
loadgenerator,loadgenerator-65c45fdfc-cvn6c,1739526286,191455232
loadgenerator,loadgenerator-65c45fdfc-cvn6c,1739526586,191582208
loadgenerator,loadgenerator-65c45fdfc-cvn6c,1739526886,192983040
loadgenerator,loadgenerator-65c45fdfc-cvn6c,1739527186,193032192
loadgenerator,loadgenerator-65c45fdfc-cvn6c,1739527486,193175552
loadgenerator,loadgenerator-65c45fdfc-cvn6c,1739527786,193171456
loadgenerator,loadgenerator-65c45fdfc-cvn6c,1739528086,193425408
loadgenerator,loadgenerator-65c45fdfc-cvn6c,1739528386,193478656
loadgenerator,loadgenerator-65c45fdfc-cvn6c,1739528686,196485120
loadgenerator,loadgenerator-65c45fdfc-cvn6c,1739528986,194826240
loadgenerator,loadgenerator-65c45fdfc-cvn6c,1739529286,196218880
loadgenerator,loadgenerator-65c45fdfc-cvn6c,1739529586,196366336
loadgenerator,loadgenerator-65c45fdfc-cvn6c,1739529886,196485120
loadgenerator,loadgenerator-65c45fdfc-cvn6c,1739530186,196648960
loadgenerator,loadgenerator-65c45fdfc-cvn6c,1739530486,196755456
loadgenerator,loadgenerator-65c45fdfc-cvn6c,1739530786,196968448
loadgenerator,loadgenerator-65c45fdfc-cvn6c,1739531086,197332992
loadgenerator,loadgenerator-65c45fdfc-cvn6c,1739531386,197222400
loadgenerator,loadgenerator-65c45fdfc-cvn6c,1739531686,197459968
loadgenerator,loadgenerator-65c45fdfc-cvn6c,1739531986,197386240
loadgenerator,loadgenerator-65c45fdfc-cvn6c,1739532286,199524352
loadgenerator,loadgenerator-65c45fdfc-cvn6c,1739532586,197369856
loadgenerator,loadgenerator-65c45fdfc-cvn6c,1739532886,197369856
loadgenerator,loadgenerator-65c45fdfc-cvn6c,1739533186,197369856
loadgenerator,loadgenerator-65c45fdfc-cvn6c,1739533486,197464064
loadgenerator,loadgenerator-65c45fdfc-cvn6c,1739533786,197513216
loadgenerator,loadgenerator-65c45fdfc-cvn6c,1739534086,199131136
loadgenerator,loadgenerator-65c45fdfc-cvn6c,1739534386,197648384
loadgenerator,loadgenerator-65c45fdfc-cvn6c,1739534686,197967872
loadgenerator,loadgenerator-65c45fdfc-cvn6c,1739534986,197988352
loadgenerator,loadgenerator-65c45fdfc-cvn6c,1739535286,198098944
loadgenerator,loadgenerator-65c45fdfc-cvn6c,1739535586,198164480
loadgenerator,loadgenerator-65c45fdfc-cvn6c,1739535886,198381568
loadgenerator,loadgenerator-65c45fdfc-cvn6c,1739536186,198520832
loadgenerator,loadgenerator-65c45fdfc-cvn6c,1739536486,198791168
loadgenerator,loadgenerator-65c45fdfc-cvn6c,1739536786,198778880
loadgenerator,loadgenerator-65c45fdfc-cvn6c,1739537086,198868992
loadgenerator,loadgenerator-65c45fdfc-cvn6c,1739537386,181739520
loadgenerator,loadgenerator-65c45fdfc-cvn6c,1739537686,181936128
loadgenerator,loadgenerator-65c45fdfc-cvn6c,1739537986,182013952
loadgenerator,loadgenerator-65c45fdfc-cvn6c,1739538286,181927936
loadgenerator,loadgenerator-65c45fdfc-cvn6c,1739538586,182128640
loadgenerator,loadgenerator-65c45fdfc-cvn6c,1739538886,182853632
loadgenerator,loadgenerator-65c45fdfc-cvn6c,1739539186,182243328
loadgenerator,loadgenerator-65c45fdfc-cvn6c,1739539486,182247424
loadgenerator,loadgenerator-65c45fdfc-cvn6c,1739539786,182247424
loadgenerator,loadgenerator-65c45fdfc-cvn6c,1739540086,182251520
loadgenerator,loadgenerator-65c45fdfc-cvn6c,1739540386,182317056
loadgenerator,loadgenerator-65c45fdfc-cvn6c,1739540686,182317056
loadgenerator,loadgenerator-65c45fdfc-cvn6c,1739540986,182333440
loadgenerator,loadgenerator-65c45fdfc-cvn6c,1739541286,184356864
loadgenerator,loadgenerator-65c45fdfc-cvn6c,1739541586,182480896
loadgenerator,loadgenerator-65c45fdfc-cvn6c,1739541886,183189504
loadgenerator,loadgenerator-65c45fdfc-cvn6c,1739542186,182738944
loadgenerator,loadgenerator-65c45fdfc-cvn6c,1739542486,182853632
loadgenerator,loadgenerator-65c45fdfc-cvn6c,1739542786,183078912
loadgenerator,loadgenerator-65c45fdfc-cvn6c,1739543086,183169024
loadgenerator,loadgenerator-65c45fdfc-cvn6c,1739543386,186376192
loadgenerator,loadgenerator-65c45fdfc-cvn6c,1739543686,186494976
loadgenerator,loadgenerator-65c45fdfc-cvn6c,1739543986,186986496
loadgenerator,loadgenerator-65c45fdfc-cvn6c,1739544286,187076608
loadgenerator,loadgenerator-65c45fdfc-cvn6c,1739544586,187224064
loadgenerator,loadgenerator-65c45fdfc-cvn6c,1739544886,187035648
loadgenerator,loadgenerator-65c45fdfc-cvn6c,1739545186,187125760
loadgenerator,loadgenerator-65c45fdfc-cvn6c,1739545486,187138048
loadgenerator,loadgenerator-65c45fdfc-cvn6c,1739545786,187260928
loadgenerator,loadgenerator-65c45fdfc-cvn6c,1739546086,187367424
loadgenerator,loadgenerator-65c45fdfc-cvn6c,1739546386,187355136
loadgenerator,loadgenerator-65c45fdfc-cvn6c,1739546686,186970112
loadgenerator,loadgenerator-65c45fdfc-cvn6c,1739546986,187047936
loadgenerator,loadgenerator-65c45fdfc-cvn6c,1739547286,187379712
loadgenerator,loadgenerator-65c45fdfc-cvn6c,1739547586,187387904
loadgenerator,loadgenerator-65c45fdfc-cvn6c,1739547886,187490304
loadgenerator,loadgenerator-65c45fdfc-cvn6c,1739548186,187392000
loadgenerator,loadgenerator-65c45fdfc-cvn6c,1739548486,187490304
loadgenerator,loadgenerator-65c45fdfc-cvn6c,1739548786,187600896
loadgenerator,loadgenerator-65c45fdfc-cvn6c,1739549086,188043264
loadgenerator,loadgenerator-65c45fdfc-cvn6c,1739549386,188067840
loadgenerator,loadgenerator-65c45fdfc-cvn6c,1739549686,188264448
loadgenerator,loadgenerator-65c45fdfc-cvn6c,1739549986,188329984
loadgenerator,loadgenerator-65c45fdfc-cvn6c,1739550286,190246912
loadgenerator,loadgenerator-65c45fdfc-cvn6c,1739550586,188473344
loadgenerator,loadgenerator-65c45fdfc-cvn6c,1739550886,188571648
loadgenerator,loadgenerator-65c45fdfc-cvn6c,1739551186,188723200
loadgenerator,loadgenerator-65c45fdfc-cvn6c,1739551486,188747776
loadgenerator,loadgenerator-65c45fdfc-cvn6c,1739551786,188850176
loadgenerator,loadgenerator-65c45fdfc-cvn6c,1739552086,188952576
loadgenerator,loadgenerator-65c45fdfc-cvn6c,1739552386,188862464
loadgenerator,loadgenerator-65c45fdfc-cvn6c,1739552686,189206528
loadgenerator,loadgenerator-65c45fdfc-cvn6c,1739552986,189292544
loadgenerator,loadgenerator-65c45fdfc-cvn6c,1739553286,189059072
loadgenerator,loadgenerator-65c45fdfc-cvn6c,1739553586,189296640
loadgenerator,loadgenerator-65c45fdfc-cvn6c,1739553886,188633088
loadgenerator,loadgenerator-65c45fdfc-cvn6c,1739554186,188719104
loadgenerator,loadgenerator-65c45fdfc-cvn6c,1739554486,188809216
loadgenerator,loadgenerator-65c45fdfc-cvn6c,1739554786,189050880
loadgenerator,loadgenerator-65c45fdfc-cvn6c,1739555086,189140992
loadgenerator,loadgenerator-65c45fdfc-cvn6c,1739555386,189218816
loadgenerator,loadgenerator-65c45fdfc-cvn6c,1739555686,191291392
loadgenerator,loadgenerator-65c45fdfc-cvn6c,1739555986,189579264
loadgenerator,loadgenerator-65c45fdfc-cvn6c,1739556286,189558784
loadgenerator,loadgenerator-65c45fdfc-cvn6c,1739556586,189652992
loadgenerator,loadgenerator-65c45fdfc-cvn6c,1739556886,189902848
loadgenerator,loadgenerator-65c45fdfc-cvn6c,1739557186,189792256
loadgenerator,loadgenerator-65c45fdfc-cvn6c,1739557486,189861888
loadgenerator,loadgenerator-65c45fdfc-cvn6c,1739557786,190181376
loadgenerator,loadgenerator-65c45fdfc-cvn6c,1739558086,190222336
loadgenerator,loadgenerator-65c45fdfc-cvn6c,1739558386,190316544
loadgenerator,loadgenerator-65c45fdfc-cvn6c,1739558686,190464000
loadgenerator,loadgenerator-65c45fdfc-cvn6c,1739558986,190525440
loadgenerator,loadgenerator-65c45fdfc-cvn6c,1739559286,190619648
loadgenerator,loadgenerator-65c45fdfc-cvn6c,1739559586,191844352
loadgenerator,loadgenerator-65c45fdfc-cvn6c,1739559886,190853120
loadgenerator,loadgenerator-65c45fdfc-cvn6c,1739560186,190922752
loadgenerator,loadgenerator-65c45fdfc-cvn6c,1739560486,191016960
loadgenerator,loadgenerator-65c45fdfc-cvn6c,1739560786,191082496
loadgenerator,loadgenerator-65c45fdfc-cvn6c,1739561086,191180800
loadgenerator,loadgenerator-65c45fdfc-cvn6c,1739561386,192151552
loadgenerator,loadgenerator-65c45fdfc-cvn6c,1739561686,190947328
loadgenerator,loadgenerator-65c45fdfc-cvn6c,1739561986,191131648
loadgenerator,loadgenerator-65c45fdfc-cvn6c,1739562286,191250432
loadgenerator,loadgenerator-65c45fdfc-cvn6c,1739562586,191422464
loadgenerator,loadgenerator-65c45fdfc-cvn6c,1739562886,192020480
loadgenerator,loadgenerator-65c45fdfc-cvn6c,1739563186,191692800
loadgenerator,loadgenerator-65c45fdfc-cvn6c,1739563486,191713280
loadgenerator,loadgenerator-65c45fdfc-cvn6c,1739563786,191811584
loadgenerator,loadgenerator-65c45fdfc-cvn6c,1739564086,191889408
loadgenerator,loadgenerator-65c45fdfc-cvn6c,1739564386,192020480
loadgenerator,loadgenerator-65c45fdfc-cvn6c,1739564686,193527808
loadgenerator,loadgenerator-65c45fdfc-cvn6c,1739564986,187396096
loadgenerator,loadgenerator-65c45fdfc-cvn6c,1739565286,187502592
loadgenerator,loadgenerator-65c45fdfc-cvn6c,1739565586,189267968
loadgenerator,loadgenerator-65c45fdfc-cvn6c,1739565886,186789888
loadgenerator,loadgenerator-65c45fdfc-cvn6c,1739566186,186580992
loadgenerator,loadgenerator-65c45fdfc-cvn6c,1739566486,187731968
loadgenerator,loadgenerator-65c45fdfc-cvn6c,1739566786,190099456
loadgenerator,loadgenerator-65c45fdfc-cvn6c,1739567086,190099456
loadgenerator,loadgenerator-65c45fdfc-cvn6c,1739567386,190095360
loadgenerator,loadgenerator-65c45fdfc-cvn6c,1739567686,190095360
loadgenerator,loadgenerator-65c45fdfc-cvn6c,1739567986,190095360
loadgenerator,loadgenerator-65c45fdfc-cvn6c,1739568286,190095360
loadgenerator,loadgenerator-65c45fdfc-cvn6c,1739568586,190267392
loadgenerator,loadgenerator-65c45fdfc-cvn6c,1739568886,190238720
loadgenerator,loadgenerator-65c45fdfc-cvn6c,1739569186,190099456
loadgenerator,loadgenerator-65c45fdfc-cvn6c,1739569486,190107648
loadgenerator,loadgenerator-65c45fdfc-cvn6c,1739569786,192339968
loadgenerator,loadgenerator-65c45fdfc-cvn6c,1739570086,190341120
loadgenerator,loadgenerator-65c45fdfc-cvn6c,1739570386,190545920
loadgenerator,loadgenerator-65c45fdfc-cvn6c,1739570686,190435328
loadgenerator,loadgenerator-65c45fdfc-cvn6c,1739570986,190599168
loadgenerator,loadgenerator-65c45fdfc-cvn6c,1739571286,190771200
loadgenerator,loadgenerator-65c45fdfc-cvn6c,1739571586,190697472
loadgenerator,loadgenerator-65c45fdfc-cvn6c,1739571886,190754816
loadgenerator,loadgenerator-65c45fdfc-cvn6c,1739572186,190971904
loadgenerator,loadgenerator-65c45fdfc-cvn6c,1739572486,191877120
loadgenerator,loadgenerator-65c45fdfc-cvn6c,1739572786,193298432
loadgenerator,loadgenerator-65c45fdfc-cvn6c,1739573086,193335296
loadgenerator,loadgenerator-65c45fdfc-cvn6c,1739573386,194846720
loadgenerator,loadgenerator-65c45fdfc-cvn6c,1739573686,194764800
loadgenerator,loadgenerator-65c45fdfc-cvn6c,1739573986,196214784
loadgenerator,loadgenerator-65c45fdfc-cvn6c,1739574286,196308992
loadgenerator,loadgenerator-65c45fdfc-cvn6c,1739574586,198995968
loadgenerator,loadgenerator-65c45fdfc-cvn6c,1739574886,199122944
loadgenerator,loadgenerator-65c45fdfc-cvn6c,1739575186,201121792
loadgenerator,loadgenerator-65c45fdfc-cvn6c,1739575486,199376896
loadgenerator,loadgenerator-65c45fdfc-cvn6c,1739575786,199626752
loadgenerator,loadgenerator-65c45fdfc-cvn6c,1739576086,199680000
loadgenerator,loadgenerator-65c45fdfc-cvn6c,1739576386,199794688
loadgenerator,loadgenerator-65c45fdfc-cvn6c,1739576686,199610368
loadgenerator,loadgenerator-65c45fdfc-cvn6c,1739576986,202174464
loadgenerator,loadgenerator-65c45fdfc-cvn6c,1739577286,200011776
loadgenerator,loadgenerator-65c45fdfc-cvn6c,1739577586,200015872
loadgenerator,loadgenerator-65c45fdfc-cvn6c,1739577886,200011776
loadgenerator,loadgenerator-65c45fdfc-cvn6c,1739578186,200011776
loadgenerator,loadgenerator-65c45fdfc-cvn6c,1739578486,200007680
loadgenerator,loadgenerator-65c45fdfc-cvn6c,1739578786,202960896
loadgenerator,loadgenerator-65c45fdfc-cvn6c,1739579086,202760192
loadgenerator,loadgenerator-65c45fdfc-cvn6c,1739579386,203010048
loadgenerator,loadgenerator-65c45fdfc-cvn6c,1739579686,203018240
loadgenerator,loadgenerator-65c45fdfc-cvn6c,1739579986,203038720
loadgenerator,loadgenerator-65c45fdfc-cvn6c,1739580286,203038720
loadgenerator,loadgenerator-65c45fdfc-cvn6c,1739580586,204566528
loadgenerator,loadgenerator-65c45fdfc-cvn6c,1739580886,205664256
loadgenerator,loadgenerator-65c45fdfc-cvn6c,1739581186,205746176
loadgenerator,loadgenerator-65c45fdfc-cvn6c,1739581486,205787136
loadgenerator,loadgenerator-65c45fdfc-cvn6c,1739581786,205840384
loadgenerator,loadgenerator-65c45fdfc-cvn6c,1739582086,205897728
loadgenerator,loadgenerator-65c45fdfc-cvn6c,1739582386,205598720
loadgenerator,loadgenerator-65c45fdfc-cvn6c,1739582686,205639680
loadgenerator,loadgenerator-65c45fdfc-cvn6c,1739582986,205701120
loadgenerator,loadgenerator-65c45fdfc-cvn6c,1739583286,205737984
loadgenerator,loadgenerator-65c45fdfc-cvn6c,1739583586,205783040
loadgenerator,loadgenerator-65c45fdfc-cvn6c,1739583886,206020608
loadgenerator,loadgenerator-65c45fdfc-cvn6c,1739584186,207618048
loadgenerator,loadgenerator-65c45fdfc-cvn6c,1739584486,206295040
loadgenerator,loadgenerator-65c45fdfc-cvn6c,1739584786,206360576
loadgenerator,loadgenerator-65c45fdfc-cvn6c,1739585086,206422016
loadgenerator,loadgenerator-65c45fdfc-cvn6c,1739585386,206479360
loadgenerator,loadgenerator-65c45fdfc-cvn6c,1739585686,206675968
loadgenerator,loadgenerator-65c45fdfc-cvn6c,1739585986,208384000
loadgenerator,loadgenerator-65c45fdfc-cvn6c,1739586286,206942208
loadgenerator,loadgenerator-65c45fdfc-cvn6c,1739586586,206901248
loadgenerator,loadgenerator-65c45fdfc-cvn6c,1739586886,207011840
loadgenerator,loadgenerator-65c45fdfc-cvn6c,1739587186,207069184
loadgenerator,loadgenerator-65c45fdfc-cvn6c,1739587486,207147008
loadgenerator,loadgenerator-65c45fdfc-cvn6c,1739587786,207368192
loadgenerator,loadgenerator-65c45fdfc-cvn6c,1739588086,208035840
loadgenerator,loadgenerator-65c45fdfc-cvn6c,1739588386,207388672
loadgenerator,loadgenerator-65c45fdfc-cvn6c,1739588686,207396864
loadgenerator,loadgenerator-65c45fdfc-cvn6c,1739588986,207388672
loadgenerator,loadgenerator-65c45fdfc-cvn6c,1739589286,207388672
loadgenerator,loadgenerator-65c45fdfc-cvn6c,1739589586,207421440
loadgenerator,loadgenerator-65c45fdfc-cvn6c,1739589886,207478784
loadgenerator,loadgenerator-65c45fdfc-cvn6c,1739590186,207794176
loadgenerator,loadgenerator-65c45fdfc-cvn6c,1739590486,207806464
loadgenerator,loadgenerator-65c45fdfc-cvn6c,1739590786,207880192
loadgenerator,loadgenerator-65c45fdfc-cvn6c,1739591086,207687680
loadgenerator,loadgenerator-65c45fdfc-cvn6c,1739591386,208334848
loadgenerator,loadgenerator-65c45fdfc-cvn6c,1739591686,208273408
loadgenerator,loadgenerator-65c45fdfc-cvn6c,1739591986,208699392
loadgenerator,loadgenerator-65c45fdfc-cvn6c,1739592286,208289792
loadgenerator,loadgenerator-65c45fdfc-cvn6c,1739592586,208351232
loadgenerator,loadgenerator-65c45fdfc-cvn6c,1739592886,208715776
loadgenerator,loadgenerator-65c45fdfc-cvn6c,1739593186,209981440
loadgenerator,loadgenerator-65c45fdfc-cvn6c,1739593486,207876096
loadgenerator,loadgenerator-65c45fdfc-cvn6c,1739593786,207921152
loadgenerator,loadgenerator-65c45fdfc-cvn6c,1739594086,207962112
loadgenerator,loadgenerator-65c45fdfc-cvn6c,1739594386,208007168
loadgenerator,loadgenerator-65c45fdfc-cvn6c,1739594686,208130048
loadgenerator,loadgenerator-65c45fdfc-cvn6c,1739594986,208179200
loadgenerator,loadgenerator-65c45fdfc-cvn6c,1739595286,208310272
loadgenerator,loadgenerator-65c45fdfc-cvn6c,1739595586,208343040
loadgenerator,loadgenerator-65c45fdfc-cvn6c,1739595886,208465920
loadgenerator,loadgenerator-65c45fdfc-cvn6c,1739596186,208494592
loadgenerator,loadgenerator-65c45fdfc-cvn6c,1739596486,208662528
loadgenerator,loadgenerator-65c45fdfc-cvn6c,1739596786,208965632
loadgenerator,loadgenerator-65c45fdfc-cvn6c,1739597086,208998400
loadgenerator,loadgenerator-65c45fdfc-cvn6c,1739597386,209166336
loadgenerator,loadgenerator-65c45fdfc-cvn6c,1739597686,209178624
loadgenerator,loadgenerator-65c45fdfc-cvn6c,1739597986,209215488
loadgenerator,loadgenerator-65c45fdfc-cvn6c,1739598286,209260544
loadgenerator,loadgenerator-65c45fdfc-cvn6c,1739598586,209862656
loadgenerator,loadgenerator-65c45fdfc-cvn6c,1739598886,209313792
loadgenerator,loadgenerator-65c45fdfc-cvn6c,1739599186,208957440
loadgenerator,loadgenerator-65c45fdfc-cvn6c,1739599486,209002496
loadgenerator,loadgenerator-65c45fdfc-cvn6c,1739599786,209084416
loadgenerator,loadgenerator-65c45fdfc-cvn6c,1739600086,209125376
loadgenerator,loadgenerator-65c45fdfc-cvn6c,1739600386,209149952
loadgenerator,loadgenerator-65c45fdfc-cvn6c,1739600686,209289216
loadgenerator,loadgenerator-65c45fdfc-cvn6c,1739600986,209461248
loadgenerator,loadgenerator-65c45fdfc-cvn6c,1739601286,209645568
loadgenerator,loadgenerator-65c45fdfc-cvn6c,1739601586,209723392
loadgenerator,loadgenerator-65c45fdfc-cvn6c,1739601886,209854464
loadgenerator,loadgenerator-65c45fdfc-cvn6c,1739602186,210096128
loadgenerator,loadgenerator-65c45fdfc-cvn6c,1739602486,209997824
loadgenerator,loadgenerator-65c45fdfc-cvn6c,1739602786,218509312
loadgenerator,loadgenerator-65c45fdfc-cvn6c,1739603086,218603520
loadgenerator,loadgenerator-65c45fdfc-cvn6c,1739603386,218714112
loadgenerator,loadgenerator-65c45fdfc-cvn6c,1739603686,220753920
loadgenerator,loadgenerator-65c45fdfc-cvn6c,1739603986,219037696
loadgenerator,loadgenerator-65c45fdfc-cvn6c,1739604286,219381760
loadgenerator,loadgenerator-65c45fdfc-cvn6c,1739604586,218968064
loadgenerator,loadgenerator-65c45fdfc-cvn6c,1739604886,218968064
loadgenerator,loadgenerator-65c45fdfc-cvn6c,1739605186,218968064
loadgenerator,loadgenerator-65c45fdfc-cvn6c,1739605486,219123712
loadgenerator,loadgenerator-65c45fdfc-cvn6c,1739605786,219054080
loadgenerator,loadgenerator-65c45fdfc-cvn6c,1739606086,219152384
loadgenerator,loadgenerator-65c45fdfc-cvn6c,1739606386,219295744
loadgenerator,loadgenerator-65c45fdfc-cvn6c,1739606686,219398144
loadgenerator,loadgenerator-65c45fdfc-cvn6c,1739606986,219680768
loadgenerator,loadgenerator-65c45fdfc-cvn6c,1739607286,221556736
loadgenerator,loadgenerator-65c45fdfc-cvn6c,1739607586,219992064
loadgenerator,loadgenerator-65c45fdfc-cvn6c,1739607886,220082176
loadgenerator,loadgenerator-65c45fdfc-cvn6c,1739608186,219996160
loadgenerator,loadgenerator-65c45fdfc-cvn6c,1739608486,220049408
loadgenerator,loadgenerator-65c45fdfc-cvn6c,1739608786,224198656
loadgenerator,loadgenerator-65c45fdfc-cvn6c,1739609086,222388224
loadgenerator,loadgenerator-65c45fdfc-cvn6c,1739609386,224710656
loadgenerator,loadgenerator-65c45fdfc-cvn6c,1739609686,221790208
loadgenerator,loadgenerator-65c45fdfc-cvn6c,1739609986,221261824
loadgenerator,loadgenerator-65c45fdfc-cvn6c,1739610286,221315072
loadgenerator,loadgenerator-65c45fdfc-cvn6c,1739610586,221327360
loadgenerator,loadgenerator-65c45fdfc-cvn6c,1739610886,221503488
loadgenerator,loadgenerator-65c45fdfc-cvn6c,1739611186,221736960
loadgenerator,loadgenerator-65c45fdfc-cvn6c,1739611486,221536256
loadgenerator,loadgenerator-65c45fdfc-cvn6c,1739611786,221618176
loadgenerator,loadgenerator-65c45fdfc-cvn6c,1739612086,221519872
loadgenerator,loadgenerator-65c45fdfc-cvn6c,1739612386,221519872
loadgenerator,loadgenerator-65c45fdfc-cvn6c,1739612686,221470720
loadgenerator,loadgenerator-65c45fdfc-cvn6c,1739612986,221507584
loadgenerator,loadgenerator-65c45fdfc-cvn6c,1739613286,221847552
loadgenerator,loadgenerator-65c45fdfc-cvn6c,1739613586,221933568
loadgenerator,loadgenerator-65c45fdfc-cvn6c,1739613886,221888512
loadgenerator,loadgenerator-65c45fdfc-cvn6c,1739614186,222228480
loadgenerator,loadgenerator-65c45fdfc-cvn6c,1739614486,222093312
loadgenerator,loadgenerator-65c45fdfc-cvn6c,1739614786,223776768
loadgenerator,loadgenerator-65c45fdfc-cvn6c,1739615086,222457856
loadgenerator,loadgenerator-65c45fdfc-cvn6c,1739615386,222613504
loadgenerator,loadgenerator-65c45fdfc-cvn6c,1739615686,222064640
loadgenerator,loadgenerator-65c45fdfc-cvn6c,1739615986,222162944
loadgenerator,loadgenerator-65c45fdfc-cvn6c,1739616286,222244864
loadgenerator,loadgenerator-65c45fdfc-cvn6c,1739616586,222334976
loadgenerator,loadgenerator-65c45fdfc-cvn6c,1739616886,222515200
loadgenerator,loadgenerator-65c45fdfc-cvn6c,1739617186,222818304
loadgenerator,loadgenerator-65c45fdfc-cvn6c,1739617486,222916608
loadgenerator,loadgenerator-65c45fdfc-cvn6c,1739617786,223043584
loadgenerator,loadgenerator-65c45fdfc-cvn6c,1739618086,223141888
loadgenerator,loadgenerator-65c45fdfc-cvn6c,1739618386,224587776
loadgenerator,loadgenerator-65c45fdfc-cvn6c,1739618686,223649792
loadgenerator,loadgenerator-65c45fdfc-cvn6c,1739618986,223707136
loadgenerator,loadgenerator-65c45fdfc-cvn6c,1739619286,223862784
loadgenerator,loadgenerator-65c45fdfc-cvn6c,1739619586,223961088
loadgenerator,loadgenerator-65c45fdfc-cvn6c,1739619886,223952896
loadgenerator,loadgenerator-65c45fdfc-cvn6c,1739620186,224124928
loadgenerator,loadgenerator-65c45fdfc-cvn6c,1739620486,224481280
loadgenerator,loadgenerator-65c45fdfc-cvn6c,1739620786,224571392
loadgenerator,loadgenerator-65c45fdfc-cvn6c,1739621086,224673792
loadgenerator,loadgenerator-65c45fdfc-cvn6c,1739621386,225226752
loadgenerator,loadgenerator-65c45fdfc-cvn6c,1739621686,224256000
loadgenerator,loadgenerator-65c45fdfc-cvn6c,1739621986,224329728
loadgenerator,loadgenerator-65c45fdfc-cvn6c,1739622286,224428032
loadgenerator,loadgenerator-65c45fdfc-cvn6c,1739622586,224829440
loadgenerator,loadgenerator-65c45fdfc-cvn6c,1739622886,224583680
loadgenerator,loadgenerator-65c45fdfc-cvn6c,1739623186,224673792
loadgenerator,loadgenerator-65c45fdfc-cvn6c,1739623486,224759808
loadgenerator,loadgenerator-65c45fdfc-cvn6c,1739623786,224931840
loadgenerator,loadgenerator-65c45fdfc-cvn6c,1739624086,225013760
loadgenerator,loadgenerator-65c45fdfc-cvn6c,1739624386,225095680
loadgenerator,loadgenerator-65c45fdfc-cvn6c,1739624686,225775616
loadgenerator,loadgenerator-65c45fdfc-cvn6c,1739624986,225382400
loadgenerator,loadgenerator-65c45fdfc-cvn6c,1739625286,225591296
loadgenerator,loadgenerator-65c45fdfc-cvn6c,1739625586,225611776
loadgenerator,loadgenerator-65c45fdfc-cvn6c,1739625886,227393536
loadgenerator,loadgenerator-65c45fdfc-cvn6c,1739626186,225882112
loadgenerator,loadgenerator-65c45fdfc-cvn6c,1739626486,225980416
loadgenerator,loadgenerator-65c45fdfc-cvn6c,1739626786,225902592
loadgenerator,loadgenerator-65c45fdfc-cvn6c,1739627086,225751040
loadgenerator,loadgenerator-65c45fdfc-cvn6c,1739627386,225914880
loadgenerator,loadgenerator-65c45fdfc-cvn6c,1739627686,226041856
loadgenerator,loadgenerator-65c45fdfc-cvn6c,1739627986,226070528
loadgenerator,loadgenerator-65c45fdfc-cvn6c,1739628286,226291712
loadgenerator,loadgenerator-65c45fdfc-cvn6c,1739628586,226328576
loadgenerator,loadgenerator-65c45fdfc-cvn6c,1739628886,226410496
loadgenerator,loadgenerator-65c45fdfc-cvn6c,1739629186,226471936
loadgenerator,loadgenerator-65c45fdfc-cvn6c,1739629486,226508800
loadgenerator,loadgenerator-65c45fdfc-cvn6c,1739629786,226951168
loadgenerator,loadgenerator-65c45fdfc-cvn6c,1739630086,227110912
loadgenerator,loadgenerator-65c45fdfc-cvn6c,1739630386,227250176
loadgenerator,loadgenerator-65c45fdfc-cvn6c,1739630686,227360768
loadgenerator,loadgenerator-65c45fdfc-cvn6c,1739630986,227459072
loadgenerator,loadgenerator-65c45fdfc-cvn6c,1739631286,229298176
loadgenerator,loadgenerator-65c45fdfc-cvn6c,1739631586,227930112
loadgenerator,loadgenerator-65c45fdfc-cvn6c,1739631886,227856384
loadgenerator,loadgenerator-65c45fdfc-cvn6c,1739632186,228196352
loadgenerator,loadgenerator-65c45fdfc-cvn6c,1739632486,227815424
loadgenerator,loadgenerator-65c45fdfc-cvn6c,1739632786,228077568
loadgenerator,loadgenerator-65c45fdfc-cvn6c,1739633086,227418112
loadgenerator,loadgenerator-65c45fdfc-cvn6c,1739633386,227500032
loadgenerator,loadgenerator-65c45fdfc-cvn6c,1739633686,227643392
loadgenerator,loadgenerator-65c45fdfc-cvn6c,1739633986,227733504
loadgenerator,loadgenerator-65c45fdfc-cvn6c,1739634286,227745792
loadgenerator,loadgenerator-65c45fdfc-cvn6c,1739634586,227831808
loadgenerator,loadgenerator-65c45fdfc-cvn6c,1739634886,227962880
loadgenerator,loadgenerator-65c45fdfc-cvn6c,1739635186,228315136
loadgenerator,loadgenerator-65c45fdfc-cvn6c,1739635486,228777984
loadgenerator,loadgenerator-65c45fdfc-cvn6c,1739635786,229076992
loadgenerator,loadgenerator-65c45fdfc-cvn6c,1739636086,228777984
loadgenerator,loadgenerator-65c45fdfc-cvn6c,1739636386,228900864
loadgenerator,loadgenerator-65c45fdfc-cvn6c,1739636686,230641664
loadgenerator,loadgenerator-65c45fdfc-cvn6c,1739636986,228966400
loadgenerator,loadgenerator-65c45fdfc-cvn6c,1739637286,229154816
loadgenerator,loadgenerator-65c45fdfc-cvn6c,1739637586,229249024
loadgenerator,loadgenerator-65c45fdfc-cvn6c,1739637886,229388288
loadgenerator,loadgenerator-65c45fdfc-cvn6c,1739638186,229269504
loadgenerator,loadgenerator-65c45fdfc-cvn6c,1739638486,229396480
loadgenerator,loadgenerator-65c45fdfc-cvn6c,1739638786,229703680
loadgenerator,loadgenerator-65c45fdfc-cvn6c,1739639086,229699584
loadgenerator,loadgenerator-65c45fdfc-cvn6c,1739639386,229707776
loadgenerator,loadgenerator-65c45fdfc-cvn6c,1739639686,229240832
loadgenerator,loadgenerator-65c45fdfc-cvn6c,1739639986,229412864
loadgenerator,loadgenerator-65c45fdfc-cvn6c,1739640286,229576704
loadgenerator,loadgenerator-65c45fdfc-cvn6c,1739640586,229625856
loadgenerator,loadgenerator-65c45fdfc-cvn6c,1739640886,229670912
loadgenerator,loadgenerator-65c45fdfc-cvn6c,1739641186,229785600
loadgenerator,loadgenerator-65c45fdfc-cvn6c,1739641486,230117376
loadgenerator,loadgenerator-65c45fdfc-cvn6c,1739641786,230166528
loadgenerator,loadgenerator-65c45fdfc-cvn6c,1739642086,231743488
loadgenerator,loadgenerator-65c45fdfc-cvn6c,1739642386,230137856
loadgenerator,loadgenerator-65c45fdfc-cvn6c,1739642686,230330368
loadgenerator,loadgenerator-65c45fdfc-cvn6c,1739642986,231133184
loadgenerator,loadgenerator-65c45fdfc-cvn6c,1739643286,230670336
loadgenerator,loadgenerator-65c45fdfc-cvn6c,1739643586,230572032
loadgenerator,loadgenerator-65c45fdfc-cvn6c,1739643886,230711296
loadgenerator,loadgenerator-65c45fdfc-cvn6c,1739644186,230723584
loadgenerator,loadgenerator-65c45fdfc-cvn6c,1739644486,230871040
loadgenerator,loadgenerator-65c45fdfc-cvn6c,1739644786,231043072
loadgenerator,loadgenerator-65c45fdfc-cvn6c,1739645086,231034880
loadgenerator,loadgenerator-65c45fdfc-cvn6c,1739645386,231251968
loadgenerator,loadgenerator-65c45fdfc-cvn6c,1739645686,231522304
loadgenerator,loadgenerator-65c45fdfc-cvn6c,1739645986,231059456
loadgenerator,loadgenerator-65c45fdfc-cvn6c,1739646286,231112704
loadgenerator,loadgenerator-65c45fdfc-cvn6c,1739646586,231518208
loadgenerator,loadgenerator-65c45fdfc-cvn6c,1739646886,231264256
loadgenerator,loadgenerator-65c45fdfc-cvn6c,1739647186,231522304
loadgenerator,loadgenerator-65c45fdfc-cvn6c,1739647486,231514112
loadgenerator,loadgenerator-65c45fdfc-cvn6c,1739647786,231739392
loadgenerator,loadgenerator-65c45fdfc-cvn6c,1739648086,231809024
loadgenerator,loadgenerator-65c45fdfc-cvn6c,1739648386,231956480
loadgenerator,loadgenerator-65c45fdfc-cvn6c,1739648686,232185856
loadgenerator,loadgenerator-65c45fdfc-cvn6c,1739648986,232275968
loadgenerator,loadgenerator-65c45fdfc-cvn6c,1739649286,232386560
loadgenerator,loadgenerator-65c45fdfc-cvn6c,1739649586,234553344
loadgenerator,loadgenerator-65c45fdfc-cvn6c,1739649886,232988672
loadgenerator,loadgenerator-65c45fdfc-cvn6c,1739650186,235700224
loadgenerator,loadgenerator-65c45fdfc-cvn6c,1739650486,235474944
loadgenerator,loadgenerator-65c45fdfc-cvn6c,1739650786,235577344
loadgenerator,loadgenerator-65c45fdfc-cvn6c,1739651086,235479040
loadgenerator,loadgenerator-65c45fdfc-cvn6c,1739651386,238026752
loadgenerator,loadgenerator-65c45fdfc-cvn6c,1739651686,235872256
loadgenerator,loadgenerator-65c45fdfc-cvn6c,1739651986,237813760
loadgenerator,loadgenerator-65c45fdfc-cvn6c,1739652286,237256704
loadgenerator,loadgenerator-65c45fdfc-cvn6c,1739652586,238567424
loadgenerator,loadgenerator-65c45fdfc-cvn6c,1739652886,238649344
loadgenerator,loadgenerator-65c45fdfc-cvn6c,1739653186,239996928
loadgenerator,loadgenerator-65c45fdfc-cvn6c,1739653486,240267264
loadgenerator,loadgenerator-65c45fdfc-cvn6c,1739653786,240222208
loadgenerator,loadgenerator-65c45fdfc-cvn6c,1739654086,240160768
loadgenerator,loadgenerator-65c45fdfc-cvn6c,1739654386,240218112
loadgenerator,loadgenerator-65c45fdfc-cvn6c,1739654686,240291840
loadgenerator,loadgenerator-65c45fdfc-cvn6c,1739654986,242315264
loadgenerator,loadgenerator-65c45fdfc-cvn6c,1739655286,240414720
loadgenerator,loadgenerator-65c45fdfc-cvn6c,1739655586,240545792
loadgenerator,loadgenerator-65c45fdfc-cvn6c,1739655886,240529408
loadgenerator,loadgenerator-65c45fdfc-cvn6c,1739656186,240586752
loadgenerator,loadgenerator-65c45fdfc-cvn6c,1739656486,240893952
loadgenerator,loadgenerator-65c45fdfc-cvn6c,1739656786,242909184
loadgenerator,loadgenerator-65c45fdfc-cvn6c,1739657086,241201152
loadgenerator,loadgenerator-65c45fdfc-cvn6c,1739657386,241291264
loadgenerator,loadgenerator-65c45fdfc-cvn6c,1739657686,241369088
loadgenerator,loadgenerator-65c45fdfc-cvn6c,1739657986,240803840
loadgenerator,loadgenerator-65c45fdfc-cvn6c,1739658286,240828416
loadgenerator,loadgenerator-65c45fdfc-cvn6c,1739658586,243544064
loadgenerator,loadgenerator-65c45fdfc-cvn6c,1739658886,243691520
loadgenerator,loadgenerator-65c45fdfc-cvn6c,1739659186,243875840
loadgenerator,loadgenerator-65c45fdfc-cvn6c,1739659486,243961856
loadgenerator,loadgenerator-65c45fdfc-cvn6c,1739659786,243937280
loadgenerator,loadgenerator-65c45fdfc-cvn6c,1739660086,246689792
loadgenerator,loadgenerator-65c45fdfc-cvn6c,1739660386,246939648
loadgenerator,loadgenerator-65c45fdfc-cvn6c,1739660686,247160832
loadgenerator,loadgenerator-65c45fdfc-cvn6c,1739660986,247238656
loadgenerator,loadgenerator-65c45fdfc-cvn6c,1739661286,247185408
loadgenerator,loadgenerator-65c45fdfc-cvn6c,1739661586,247271424
loadgenerator,loadgenerator-65c45fdfc-cvn6c,1739661886,247291904
loadgenerator,loadgenerator-65c45fdfc-cvn6c,1739662186,247615488
loadgenerator,loadgenerator-65c45fdfc-cvn6c,1739662486,247668736
loadgenerator,loadgenerator-65c45fdfc-cvn6c,1739662786,247590912
loadgenerator,loadgenerator-65c45fdfc-cvn6c,1739663086,247603200
loadgenerator,loadgenerator-65c45fdfc-cvn6c,1739663386,247672832
loadgenerator,loadgenerator-65c45fdfc-cvn6c,1739663686,249819136
loadgenerator,loadgenerator-65c45fdfc-cvn6c,1739663986,247537664
loadgenerator,loadgenerator-65c45fdfc-cvn6c,1739664286,247578624
loadgenerator,loadgenerator-65c45fdfc-cvn6c,1739664586,247685120
loadgenerator,loadgenerator-65c45fdfc-cvn6c,1739664886,247771136
loadgenerator,loadgenerator-65c45fdfc-cvn6c,1739665186,247808000
loadgenerator,loadgenerator-65c45fdfc-cvn6c,1739665486,247902208
loadgenerator,loadgenerator-65c45fdfc-cvn6c,1739665786,247918592
loadgenerator,loadgenerator-65c45fdfc-cvn6c,1739666086,247947264
loadgenerator,loadgenerator-65c45fdfc-cvn6c,1739666386,248197120
loadgenerator,loadgenerator-65c45fdfc-cvn6c,1739666686,248246272
loadgenerator,loadgenerator-65c45fdfc-cvn6c,1739666986,248160256
loadgenerator,loadgenerator-65c45fdfc-cvn6c,1739667286,250466304
loadgenerator,loadgenerator-65c45fdfc-cvn6c,1739667586,248438784
loadgenerator,loadgenerator-65c45fdfc-cvn6c,1739667886,248475648
loadgenerator,loadgenerator-65c45fdfc-cvn6c,1739668186,248528896
loadgenerator,loadgenerator-65c45fdfc-cvn6c,1739668486,248647680
loadgenerator,loadgenerator-65c45fdfc-cvn6c,1739668786,249110528
loadgenerator,loadgenerator-65c45fdfc-cvn6c,1739669086,248950784
loadgenerator,loadgenerator-65c45fdfc-cvn6c,1739669386,248864768
loadgenerator,loadgenerator-65c45fdfc-cvn6c,1739669686,249049088
loadgenerator,loadgenerator-65c45fdfc-cvn6c,1739669986,249241600
loadgenerator,loadgenerator-65c45fdfc-cvn6c,1739670286,249098240
loadgenerator,loadgenerator-65c45fdfc-cvn6c,1739670586,251269120
loadgenerator,loadgenerator-65c45fdfc-cvn6c,1739670886,249204736
loadgenerator,loadgenerator-65c45fdfc-cvn6c,1739671186,249221120
loadgenerator,loadgenerator-65c45fdfc-cvn6c,1739671486,249221120
loadgenerator,loadgenerator-65c45fdfc-cvn6c,1739671786,249225216
loadgenerator,loadgenerator-65c45fdfc-cvn6c,1739672086,249278464
loadgenerator,loadgenerator-65c45fdfc-cvn6c,1739672386,249303040
loadgenerator,loadgenerator-65c45fdfc-cvn6c,1739672686,249348096
loadgenerator,loadgenerator-65c45fdfc-cvn6c,1739672986,249413632
loadgenerator,loadgenerator-65c45fdfc-cvn6c,1739673286,249638912
loadgenerator,loadgenerator-65c45fdfc-cvn6c,1739673586,249667584
loadgenerator,loadgenerator-65c45fdfc-cvn6c,1739673886,249585664
loadgenerator,loadgenerator-65c45fdfc-cvn6c,1739674186,249630720
loadgenerator,loadgenerator-65c45fdfc-cvn6c,1739674486,249950208
loadgenerator,loadgenerator-65c45fdfc-cvn6c,1739674786,250122240
loadgenerator,loadgenerator-65c45fdfc-cvn6c,1739675086,250195968
loadgenerator,loadgenerator-65c45fdfc-cvn6c,1739675386,250208256
loadgenerator,loadgenerator-65c45fdfc-cvn6c,1739675686,250232832
loadgenerator,loadgenerator-65c45fdfc-cvn6c,1739675986,252186624
loadgenerator,loadgenerator-65c45fdfc-cvn6c,1739676286,250363904
loadgenerator,loadgenerator-65c45fdfc-cvn6c,1739676586,250793984
loadgenerator,loadgenerator-65c45fdfc-cvn6c,1739676886,250535936
loadgenerator,loadgenerator-65c45fdfc-cvn6c,1739677186,250626048
loadgenerator,loadgenerator-65c45fdfc-cvn6c,1739677486,250728448
loadgenerator,loadgenerator-65c45fdfc-cvn6c,1739677786,251936768
loadgenerator,loadgenerator-65c45fdfc-cvn6c,1739678086,251305984
loadgenerator,loadgenerator-65c45fdfc-cvn6c,1739678386,251305984
loadgenerator,loadgenerator-65c45fdfc-cvn6c,1739678686,251404288
loadgenerator,loadgenerator-65c45fdfc-cvn6c,1739678986,251404288
loadgenerator,loadgenerator-65c45fdfc-cvn6c,1739679286,251506688
loadgenerator,loadgenerator-65c45fdfc-cvn6c,1739679586,251437056
loadgenerator,loadgenerator-65c45fdfc-cvn6c,1739679886,251502592
loadgenerator,loadgenerator-65c45fdfc-cvn6c,1739680186,251363328
loadgenerator,loadgenerator-65c45fdfc-cvn6c,1739680486,251445248
loadgenerator,loadgenerator-65c45fdfc-cvn6c,1739680786,251633664
loadgenerator,loadgenerator-65c45fdfc-cvn6c,1739681086,251727872
loadgenerator,loadgenerator-65c45fdfc-cvn6c,1739681386,251797504
loadgenerator,loadgenerator-65c45fdfc-cvn6c,1739681686,251891712
loadgenerator,loadgenerator-65c45fdfc-cvn6c,1739681986,251985920
loadgenerator,loadgenerator-65c45fdfc-cvn6c,1739682286,252125184
loadgenerator,loadgenerator-65c45fdfc-cvn6c,1739682586,252248064
loadgenerator,loadgenerator-65c45fdfc-cvn6c,1739682886,252272640
loadgenerator,loadgenerator-65c45fdfc-cvn6c,1739683186,252338176
loadgenerator,loadgenerator-65c45fdfc-cvn6c,1739683486,252420096
loadgenerator,loadgenerator-65c45fdfc-cvn6c,1739683786,252723200
loadgenerator,loadgenerator-65c45fdfc-cvn6c,1739684086,252604416
loadgenerator,loadgenerator-65c45fdfc-cvn6c,1739684386,252784640
loadgenerator,loadgenerator-65c45fdfc-cvn6c,1739684686,255614976
loadgenerator,loadgenerator-65c45fdfc-cvn6c,1739684986,253415424
loadgenerator,loadgenerator-65c45fdfc-cvn6c,1739685286,253460480
loadgenerator,loadgenerator-65c45fdfc-cvn6c,1739685586,253460480
loadgenerator,loadgenerator-65c45fdfc-cvn6c,1739685886,253460480
loadgenerator,loadgenerator-65c45fdfc-cvn6c,1739686186,253476864
loadgenerator,loadgenerator-65c45fdfc-cvn6c,1739686486,253476864
loadgenerator,loadgenerator-65c45fdfc-cvn6c,1739686786,253480960
loadgenerator,loadgenerator-65c45fdfc-cvn6c,1739687086,253562880
loadgenerator,loadgenerator-65c45fdfc-cvn6c,1739687386,253480960
loadgenerator,loadgenerator-65c45fdfc-cvn6c,1739687686,253571072
loadgenerator,loadgenerator-65c45fdfc-cvn6c,1739687986,253493248
loadgenerator,loadgenerator-65c45fdfc-cvn6c,1739688286,253538304
loadgenerator,loadgenerator-65c45fdfc-cvn6c,1739688586,253825024
loadgenerator,loadgenerator-65c45fdfc-cvn6c,1739688886,253911040
loadgenerator,loadgenerator-65c45fdfc-cvn6c,1739689186,254070784
loadgenerator,loadgenerator-65c45fdfc-cvn6c,1739689486,254160896
loadgenerator,loadgenerator-65c45fdfc-cvn6c,1739689786,254640128
loadgenerator,loadgenerator-65c45fdfc-cvn6c,1739690086,254488576
loadgenerator,loadgenerator-65c45fdfc-cvn6c,1739690386,254664704
loadgenerator,loadgenerator-65c45fdfc-cvn6c,1739690686,254763008
loadgenerator,loadgenerator-65c45fdfc-cvn6c,1739690986,254758912
loadgenerator,loadgenerator-65c45fdfc-cvn6c,1739691286,254861312
loadgenerator,loadgenerator-65c45fdfc-cvn6c,1739691586,254939136
loadgenerator,loadgenerator-65c45fdfc-cvn6c,1739691886,254840832
loadgenerator,loadgenerator-65c45fdfc-cvn6c,1739692186,254459904
loadgenerator,loadgenerator-65c45fdfc-cvn6c,1739692486,254529536
loadgenerator,loadgenerator-65c45fdfc-cvn6c,1739692786,254717952
loadgenerator,loadgenerator-65c45fdfc-cvn6c,1739693086,254889984
loadgenerator,loadgenerator-65c45fdfc-cvn6c,1739693386,254992384
loadgenerator,loadgenerator-65c45fdfc-cvn6c,1739693686,254967808
loadgenerator,loadgenerator-65c45fdfc-cvn6c,1739693986,255033344
loadgenerator,loadgenerator-65c45fdfc-cvn6c,1739694286,255807488
loadgenerator,loadgenerator-65c45fdfc-cvn6c,1739694586,255528960
loadgenerator,loadgenerator-65c45fdfc-cvn6c,1739694886,255602688
loadgenerator,loadgenerator-65c45fdfc-cvn6c,1739695186,253308928
loadgenerator,loadgenerator-65c45fdfc-cvn6c,1739695486,251863040
loadgenerator,loadgenerator-65c45fdfc-cvn6c,1739695786,252014592
loadgenerator,loadgenerator-65c45fdfc-cvn6c,1739696086,253632512
loadgenerator,loadgenerator-65c45fdfc-cvn6c,1739696386,251387904
loadgenerator,loadgenerator-65c45fdfc-cvn6c,1739696686,251092992
loadgenerator,loadgenerator-65c45fdfc-cvn6c,1739696986,251211776
loadgenerator,loadgenerator-65c45fdfc-cvn6c,1739697286,251326464
loadgenerator,loadgenerator-65c45fdfc-cvn6c,1739697586,251215872
loadgenerator,loadgenerator-65c45fdfc-cvn6c,1739697886,253075456
loadgenerator,loadgenerator-65c45fdfc-cvn6c,1739698186,251346944
loadgenerator,loadgenerator-65c45fdfc-cvn6c,1739698486,251469824
loadgenerator,loadgenerator-65c45fdfc-cvn6c,1739698786,251572224
loadgenerator,loadgenerator-65c45fdfc-cvn6c,1739699086,254676992
loadgenerator,loadgenerator-65c45fdfc-cvn6c,1739699386,254709760
loadgenerator,loadgenerator-65c45fdfc-cvn6c,1739699686,254750720
loadgenerator,loadgenerator-65c45fdfc-cvn6c,1739699986,254808064
loadgenerator,loadgenerator-65c45fdfc-cvn6c,1739700286,254943232
loadgenerator,loadgenerator-65c45fdfc-cvn6c,1739700586,255066112
loadgenerator,loadgenerator-65c45fdfc-cvn6c,1739700886,255156224
loadgenerator,loadgenerator-65c45fdfc-cvn6c,1739701186,255168512
loadgenerator,loadgenerator-65c45fdfc-cvn6c,1739701486,256745472
loadgenerator,loadgenerator-65c45fdfc-cvn6c,1739701786,255377408
loadgenerator,loadgenerator-65c45fdfc-cvn6c,1739702086,255418368
loadgenerator,loadgenerator-65c45fdfc-cvn6c,1739702386,255561728
loadgenerator,loadgenerator-65c45fdfc-cvn6c,1739702686,255635456
loadgenerator,loadgenerator-65c45fdfc-cvn6c,1739702986,255709184
loadgenerator,loadgenerator-65c45fdfc-cvn6c,1739703286,255737856
loadgenerator,loadgenerator-65c45fdfc-cvn6c,1739703586,256331776
loadgenerator,loadgenerator-65c45fdfc-cvn6c,1739703886,257171456
loadgenerator,loadgenerator-65c45fdfc-cvn6c,1739704186,256098304
loadgenerator,loadgenerator-65c45fdfc-cvn6c,1739704486,256098304
loadgenerator,loadgenerator-65c45fdfc-cvn6c,1739704786,256163840
loadgenerator,loadgenerator-65c45fdfc-cvn6c,1739705086,257097728
loadgenerator,loadgenerator-65c45fdfc-cvn6c,1739705386,256757760
loadgenerator,loadgenerator-65c45fdfc-cvn6c,1739705686,256622592
loadgenerator,loadgenerator-65c45fdfc-cvn6c,1739705986,256794624
loadgenerator,loadgenerator-65c45fdfc-cvn6c,1739706286,256929792
loadgenerator,loadgenerator-65c45fdfc-cvn6c,1739706586,256897024
loadgenerator,loadgenerator-65c45fdfc-cvn6c,1739706886,258818048
loadgenerator,loadgenerator-65c45fdfc-cvn6c,1739707186,263479296
loadgenerator,loadgenerator-65c45fdfc-cvn6c,1739707486,263573504
loadgenerator,loadgenerator-65c45fdfc-cvn6c,1739707786,263647232
loadgenerator,loadgenerator-65c45fdfc-cvn6c,1739708086,263585792
loadgenerator,loadgenerator-65c45fdfc-cvn6c,1739708386,263671808
loadgenerator,loadgenerator-65c45fdfc-cvn6c,1739708686,263471104
loadgenerator,loadgenerator-65c45fdfc-cvn6c,1739708986,263471104
loadgenerator,loadgenerator-65c45fdfc-cvn6c,1739709286,264265728
loadgenerator,loadgenerator-65c45fdfc-cvn6c,1739709586,264056832
loadgenerator,loadgenerator-65c45fdfc-cvn6c,1739709886,264134656
loadgenerator,loadgenerator-65c45fdfc-cvn6c,1739710186,264220672
loadgenerator,loadgenerator-65c45fdfc-cvn6c,1739710486,264183808
loadgenerator,loadgenerator-65c45fdfc-cvn6c,1739710786,264474624
loadgenerator,loadgenerator-65c45fdfc-cvn6c,1739711086,264626176
loadgenerator,loadgenerator-65c45fdfc-cvn6c,1739711386,264957952
loadgenerator,loadgenerator-65c45fdfc-cvn6c,1739711686,264790016
loadgenerator,loadgenerator-65c45fdfc-cvn6c,1739711986,264806400
loadgenerator,loadgenerator-65c45fdfc-cvn6c,1739712286,264704000
loadgenerator,loadgenerator-65c45fdfc-cvn6c,1739712586,264810496
loadgenerator,loadgenerator-65c45fdfc-cvn6c,1739712886,264855552
loadgenerator,loadgenerator-65c45fdfc-cvn6c,1739713186,264916992
loadgenerator,loadgenerator-65c45fdfc-cvn6c,1739713486,264978432
loadgenerator,loadgenerator-65c45fdfc-cvn6c,1739713786,265162752
loadgenerator,loadgenerator-65c45fdfc-cvn6c,1739714086,265453568
loadgenerator,loadgenerator-65c45fdfc-cvn6c,1739714386,265179136
loadgenerator,loadgenerator-65c45fdfc-cvn6c,1739714686,264105984
loadgenerator,loadgenerator-65c45fdfc-cvn6c,1739714986,264155136
loadgenerator,loadgenerator-65c45fdfc-cvn6c,1739715286,264208384
loadgenerator,loadgenerator-65c45fdfc-cvn6c,1739715586,264351744
loadgenerator,loadgenerator-65c45fdfc-cvn6c,1739715886,264368128
loadgenerator,loadgenerator-65c45fdfc-cvn6c,1739716186,264400896
loadgenerator,loadgenerator-65c45fdfc-cvn6c,1739716486,264552448
loadgenerator,loadgenerator-65c45fdfc-cvn6c,1739716786,264601600
loadgenerator,loadgenerator-65c45fdfc-cvn6c,1739717086,266379264
loadgenerator,loadgenerator-65c45fdfc-cvn6c,1739717386,264810496
loadgenerator,loadgenerator-65c45fdfc-cvn6c,1739717686,264982528
loadgenerator,loadgenerator-65c45fdfc-cvn6c,1739717986,265183232
loadgenerator,loadgenerator-65c45fdfc-cvn6c,1739718286,265060352
loadgenerator,loadgenerator-65c45fdfc-cvn6c,1739718586,265330688
loadgenerator,loadgenerator-65c45fdfc-cvn6c,1739718886,265252864
loadgenerator,loadgenerator-65c45fdfc-cvn6c,1739719186,265342976
loadgenerator,loadgenerator-65c45fdfc-cvn6c,1739719486,265777152
loadgenerator,loadgenerator-65c45fdfc-cvn6c,1739719786,265678848
loadgenerator,loadgenerator-65c45fdfc-cvn6c,1739720086,265785344
loadgenerator,loadgenerator-65c45fdfc-cvn6c,1739720386,266637312
loadgenerator,loadgenerator-65c45fdfc-cvn6c,1739720686,266211328
loadgenerator,loadgenerator-65c45fdfc-cvn6c,1739720986,266211328
loadgenerator,loadgenerator-65c45fdfc-cvn6c,1739721286,266211328
loadgenerator,loadgenerator-65c45fdfc-cvn6c,1739721586,266207232
loadgenerator,loadgenerator-65c45fdfc-cvn6c,1739721886,266207232
loadgenerator,loadgenerator-65c45fdfc-cvn6c,1739722186,266207232
loadgenerator,loadgenerator-65c45fdfc-cvn6c,1739722486,266207232
loadgenerator,loadgenerator-65c45fdfc-cvn6c,1739722786,266371072
loadgenerator,loadgenerator-65c45fdfc-cvn6c,1739723086,267939840
loadgenerator,loadgenerator-65c45fdfc-cvn6c,1739723386,266739712
loadgenerator,loadgenerator-65c45fdfc-cvn6c,1739723686,266862592
loadgenerator,loadgenerator-65c45fdfc-cvn6c,1739723986,266899456
loadgenerator,loadgenerator-65c45fdfc-cvn6c,1739724286,267005952
loadgenerator,loadgenerator-65c45fdfc-cvn6c,1739724586,267476992
loadgenerator,loadgenerator-65c45fdfc-cvn6c,1739724886,269012992
loadgenerator,loadgenerator-65c45fdfc-cvn6c,1739725186,267448320
loadgenerator,loadgenerator-65c45fdfc-cvn6c,1739725486,267571200
loadgenerator,loadgenerator-65c45fdfc-cvn6c,1739725786,267591680
loadgenerator,loadgenerator-65c45fdfc-cvn6c,1739726086,266964992
loadgenerator,loadgenerator-65c45fdfc-cvn6c,1739726386,267149312
loadgenerator,loadgenerator-65c45fdfc-cvn6c,1739726686,267145216
loadgenerator,loadgenerator-65c45fdfc-cvn6c,1739726986,267472896
loadgenerator,loadgenerator-65c45fdfc-cvn6c,1739727286,267485184
loadgenerator,loadgenerator-65c45fdfc-cvn6c,1739727586,267890688
loadgenerator,loadgenerator-65c45fdfc-cvn6c,1739727886,267677696
loadgenerator,loadgenerator-65c45fdfc-cvn6c,1739728186,267722752
loadgenerator,loadgenerator-65c45fdfc-cvn6c,1739728486,267735040
loadgenerator,loadgenerator-65c45fdfc-cvn6c,1739728786,269651968
loadgenerator,loadgenerator-65c45fdfc-cvn6c,1739729086,267960320
loadgenerator,loadgenerator-65c45fdfc-cvn6c,1739729386,267943936
loadgenerator,loadgenerator-65c45fdfc-cvn6c,1739729686,268091392
loadgenerator,loadgenerator-65c45fdfc-cvn6c,1739729986,268226560
loadgenerator,loadgenerator-65c45fdfc-cvn6c,1739730286,268361728
loadgenerator,loadgenerator-65c45fdfc-cvn6c,1739730586,270270464
loadgenerator,loadgenerator-65c45fdfc-cvn6c,1739730886,268574720
loadgenerator,loadgenerator-65c45fdfc-cvn6c,1739731186,268673024
loadgenerator,loadgenerator-65c45fdfc-cvn6c,1739731486,268775424
loadgenerator,loadgenerator-65c45fdfc-cvn6c,1739731786,268791808
loadgenerator,loadgenerator-65c45fdfc-cvn6c,1739732086,268935168
loadgenerator,loadgenerator-65c45fdfc-cvn6c,1739732386,268980224
loadgenerator,loadgenerator-65c45fdfc-cvn6c,1739732686,269811712
loadgenerator,loadgenerator-65c45fdfc-cvn6c,1739732986,269361152
loadgenerator,loadgenerator-65c45fdfc-cvn6c,1739733286,269361152
loadgenerator,loadgenerator-65c45fdfc-cvn6c,1739733586,269361152
loadgenerator,loadgenerator-65c45fdfc-cvn6c,1739733886,269361152
loadgenerator,loadgenerator-65c45fdfc-cvn6c,1739734186,269361152
loadgenerator,loadgenerator-65c45fdfc-cvn6c,1739734486,269606912
loadgenerator,loadgenerator-65c45fdfc-cvn6c,1739734786,269615104
loadgenerator,loadgenerator-65c45fdfc-cvn6c,1739735086,269615104
loadgenerator,loadgenerator-65c45fdfc-cvn6c,1739735386,269668352
loadgenerator,loadgenerator-65c45fdfc-cvn6c,1739735686,269828096
loadgenerator,loadgenerator-65c45fdfc-cvn6c,1739735986,271634432
loadgenerator,loadgenerator-65c45fdfc-cvn6c,1739736286,270090240
loadgenerator,loadgenerator-65c45fdfc-cvn6c,1739736586,270266368
loadgenerator,loadgenerator-65c45fdfc-cvn6c,1739736886,270147584
loadgenerator,loadgenerator-65c45fdfc-cvn6c,1739737186,270286848
loadgenerator,loadgenerator-65c45fdfc-cvn6c,1739737486,270348288
loadgenerator,loadgenerator-65c45fdfc-cvn6c,1739737786,271859712
loadgenerator,loadgenerator-65c45fdfc-cvn6c,1739738086,270491648
loadgenerator,loadgenerator-65c45fdfc-cvn6c,1739738386,271138816
loadgenerator,loadgenerator-65c45fdfc-cvn6c,1739738686,271036416
loadgenerator,loadgenerator-65c45fdfc-cvn6c,1739738986,270917632
loadgenerator,loadgenerator-65c45fdfc-cvn6c,1739739286,271015936
loadgenerator,loadgenerator-65c45fdfc-cvn6c,1739739586,270774272
loadgenerator,loadgenerator-65c45fdfc-cvn6c,1739739886,270843904
loadgenerator,loadgenerator-65c45fdfc-cvn6c,1739740186,270667776
loadgenerator,loadgenerator-65c45fdfc-cvn6c,1739740486,270778368
loadgenerator,loadgenerator-65c45fdfc-cvn6c,1739740786,271003648
loadgenerator,loadgenerator-65c45fdfc-cvn6c,1739741086,270909440
loadgenerator,loadgenerator-65c45fdfc-cvn6c,1739741386,271003648
loadgenerator,loadgenerator-65c45fdfc-cvn6c,1739741686,271863808
loadgenerator,loadgenerator-65c45fdfc-cvn6c,1739741986,271314944
loadgenerator,loadgenerator-65c45fdfc-cvn6c,1739742286,271392768
loadgenerator,loadgenerator-65c45fdfc-cvn6c,1739742586,271474688
loadgenerator,loadgenerator-65c45fdfc-cvn6c,1739742886,271618048
loadgenerator,loadgenerator-65c45fdfc-cvn6c,1739743186,275824640
loadgenerator,loadgenerator-65c45fdfc-cvn6c,1739743486,274096128
loadgenerator,loadgenerator-65c45fdfc-cvn6c,1739743786,273969152
loadgenerator,loadgenerator-65c45fdfc-cvn6c,1739744086,274075648
loadgenerator,loadgenerator-65c45fdfc-cvn6c,1739744386,274370560
loadgenerator,loadgenerator-65c45fdfc-cvn6c,1739744686,274300928
loadgenerator,loadgenerator-65c45fdfc-cvn6c,1739744986,276320256
loadgenerator,loadgenerator-65c45fdfc-cvn6c,1739745286,274968576
loadgenerator,loadgenerator-65c45fdfc-cvn6c,1739745586,275193856
loadgenerator,loadgenerator-65c45fdfc-cvn6c,1739745886,274354176
loadgenerator,loadgenerator-65c45fdfc-cvn6c,1739746186,274448384
loadgenerator,loadgenerator-65c45fdfc-cvn6c,1739746486,274522112
loadgenerator,loadgenerator-65c45fdfc-cvn6c,1739746786,274599936
loadgenerator,loadgenerator-65c45fdfc-cvn6c,1739747086,274812928
loadgenerator,loadgenerator-65c45fdfc-cvn6c,1739747386,275128320
loadgenerator,loadgenerator-65c45fdfc-cvn6c,1739747686,275275776
loadgenerator,loadgenerator-65c45fdfc-cvn6c,1739747986,275206144
loadgenerator,loadgenerator-65c45fdfc-cvn6c,1739748286,275275776
loadgenerator,loadgenerator-65c45fdfc-cvn6c,1739748586,275398656
loadgenerator,loadgenerator-65c45fdfc-cvn6c,1739748886,275480576
loadgenerator,loadgenerator-65c45fdfc-cvn6c,1739749186,275599360
loadgenerator,loadgenerator-65c45fdfc-cvn6c,1739749486,275734528
loadgenerator,loadgenerator-65c45fdfc-cvn6c,1739749786,276029440
loadgenerator,loadgenerator-65c45fdfc-cvn6c,1739750086,275984384
loadgenerator,loadgenerator-65c45fdfc-cvn6c,1739750386,276070400
loadgenerator,loadgenerator-65c45fdfc-cvn6c,1739750686,276246528
loadgenerator,loadgenerator-65c45fdfc-cvn6c,1739750986,276303872
loadgenerator,loadgenerator-65c45fdfc-cvn6c,1739751286,276381696
loadgenerator,loadgenerator-65c45fdfc-cvn6c,1739751586,276279296
loadgenerator,loadgenerator-65c45fdfc-cvn6c,1739751886,276451328
loadgenerator,loadgenerator-65c45fdfc-cvn6c,1739752186,276602880
loadgenerator,loadgenerator-65c45fdfc-cvn6c,1739752486,276537344
loadgenerator,loadgenerator-65c45fdfc-cvn6c,1739752786,276881408
loadgenerator,loadgenerator-65c45fdfc-cvn6c,1739753086,277151744
loadgenerator,loadgenerator-65c45fdfc-cvn6c,1739753386,277037056
loadgenerator,loadgenerator-65c45fdfc-cvn6c,1739753686,279904256
loadgenerator,loadgenerator-65c45fdfc-cvn6c,1739753986,279240704
loadgenerator,loadgenerator-65c45fdfc-cvn6c,1739754286,279486464
loadgenerator,loadgenerator-65c45fdfc-cvn6c,1739754586,282021888
loadgenerator,loadgenerator-65c45fdfc-cvn6c,1739754886,282161152
loadgenerator,loadgenerator-65c45fdfc-cvn6c,1739755186,282234880
loadgenerator,loadgenerator-65c45fdfc-cvn6c,1739755486,282304512
loadgenerator,loadgenerator-65c45fdfc-cvn6c,1739755786,282460160
loadgenerator,loadgenerator-65c45fdfc-cvn6c,1739756086,284508160
loadgenerator,loadgenerator-65c45fdfc-cvn6c,1739756386,282763264
loadgenerator,loadgenerator-65c45fdfc-cvn6c,1739756686,283074560
loadgenerator,loadgenerator-65c45fdfc-cvn6c,1739756986,283185152
loadgenerator,loadgenerator-65c45fdfc-cvn6c,1739757286,285904896
loadgenerator,loadgenerator-65c45fdfc-cvn6c,1739757586,288628736
loadgenerator,loadgenerator-65c45fdfc-cvn6c,1739757886,296882176
loadgenerator,loadgenerator-65c45fdfc-cvn6c,1739758186,296796160
loadgenerator,loadgenerator-65c45fdfc-cvn6c,1739758486,296783872
loadgenerator,loadgenerator-65c45fdfc-cvn6c,1739758786,296890368
loadgenerator,loadgenerator-65c45fdfc-cvn6c,1739759086,297185280
loadgenerator,loadgenerator-65c45fdfc-cvn6c,1739759386,297082880
loadgenerator,loadgenerator-65c45fdfc-cvn6c,1739759686,297299968
loadgenerator,loadgenerator-65c45fdfc-cvn6c,1739759986,297340928
loadgenerator,loadgenerator-65c45fdfc-cvn6c,1739760286,297549824
loadgenerator,loadgenerator-65c45fdfc-cvn6c,1739760586,297496576
loadgenerator,loadgenerator-65c45fdfc-cvn6c,1739760886,297472000
loadgenerator,loadgenerator-65c45fdfc-cvn6c,1739761186,297549824
loadgenerator,loadgenerator-65c45fdfc-cvn6c,1739761486,297840640
loadgenerator,loadgenerator-65c45fdfc-cvn6c,1739761786,297177088
loadgenerator,loadgenerator-65c45fdfc-cvn6c,1739762086,297287680
loadgenerator,loadgenerator-65c45fdfc-cvn6c,1739762386,297345024
loadgenerator,loadgenerator-65c45fdfc-cvn6c,1739762686,297459712
loadgenerator,loadgenerator-65c45fdfc-cvn6c,1739762986,298213376
loadgenerator,loadgenerator-65c45fdfc-cvn6c,1739763286,297680896
loadgenerator,loadgenerator-65c45fdfc-cvn6c,1739763586,297889792
loadgenerator,loadgenerator-65c45fdfc-cvn6c,1739763886,297984000
loadgenerator,loadgenerator-65c45fdfc-cvn6c,1739764186,298786816
loadgenerator,loadgenerator-65c45fdfc-cvn6c,1739764486,298135552
loadgenerator,loadgenerator-65c45fdfc-cvn6c,1739764786,300040192
loadgenerator,loadgenerator-65c45fdfc-cvn6c,1739765086,298262528
loadgenerator,loadgenerator-65c45fdfc-cvn6c,1739765386,298340352
loadgenerator,loadgenerator-65c45fdfc-cvn6c,1739765686,298418176
loadgenerator,loadgenerator-65c45fdfc-cvn6c,1739765986,298545152
loadgenerator,loadgenerator-65c45fdfc-cvn6c,1739766286,298864640
loadgenerator,loadgenerator-65c45fdfc-cvn6c,1739766586,299212800
loadgenerator,loadgenerator-65c45fdfc-cvn6c,1739766886,299134976
loadgenerator,loadgenerator-65c45fdfc-cvn6c,1739767186,299241472
loadgenerator,loadgenerator-65c45fdfc-cvn6c,1739767486,299376640
loadgenerator,loadgenerator-65c45fdfc-cvn6c,1739767786,299507712
loadgenerator,loadgenerator-65c45fdfc-cvn6c,1739768086,304508928
loadgenerator,loadgenerator-65c45fdfc-cvn6c,1739768386,306249728
loadgenerator,loadgenerator-65c45fdfc-cvn6c,1739768686,304648192
loadgenerator,loadgenerator-65c45fdfc-cvn6c,1739768986,304787456
loadgenerator,loadgenerator-65c45fdfc-cvn6c,1739769286,304910336
loadgenerator,loadgenerator-65c45fdfc-cvn6c,1739769586,304549888
loadgenerator,loadgenerator-65c45fdfc-cvn6c,1739769886,304644096
loadgenerator,loadgenerator-65c45fdfc-cvn6c,1739770186,304713728
loadgenerator,loadgenerator-65c45fdfc-cvn6c,1739770486,304803840
loadgenerator,loadgenerator-65c45fdfc-cvn6c,1739770786,304967680
loadgenerator,loadgenerator-65c45fdfc-cvn6c,1739771086,305057792
loadgenerator,loadgenerator-65c45fdfc-cvn6c,1739771386,305192960
loadgenerator,loadgenerator-65c45fdfc-cvn6c,1739771686,312107008
loadgenerator,loadgenerator-65c45fdfc-cvn6c,1739771986,310681600
loadgenerator,loadgenerator-65c45fdfc-cvn6c,1739772286,310931456
loadgenerator,loadgenerator-65c45fdfc-cvn6c,1739772586,311046144
loadgenerator,loadgenerator-65c45fdfc-cvn6c,1739772886,311144448
loadgenerator,loadgenerator-65c45fdfc-cvn6c,1739773186,311250944
loadgenerator,loadgenerator-65c45fdfc-cvn6c,1739773486,313184256
loadgenerator,loadgenerator-65c45fdfc-cvn6c,1739773786,311611392
loadgenerator,loadgenerator-65c45fdfc-cvn6c,1739774086,311336960
loadgenerator,loadgenerator-65c45fdfc-cvn6c,1739774386,311422976
loadgenerator,loadgenerator-65c45fdfc-cvn6c,1739774686,311984128
loadgenerator,loadgenerator-65c45fdfc-cvn6c,1739774986,311693312
loadgenerator,loadgenerator-65c45fdfc-cvn6c,1739775286,312393728
loadgenerator,loadgenerator-65c45fdfc-cvn6c,1739775586,311980032
loadgenerator,loadgenerator-65c45fdfc-cvn6c,1739775886,312053760
loadgenerator,loadgenerator-65c45fdfc-cvn6c,1739776186,311992320
loadgenerator,loadgenerator-65c45fdfc-cvn6c,1739776486,312918016
loadgenerator,loadgenerator-65c45fdfc-cvn6c,1739776786,312393728
loadgenerator,loadgenerator-65c45fdfc-cvn6c,1739777086,312823808
loadgenerator,loadgenerator-65c45fdfc-cvn6c,1739777386,312324096
loadgenerator,loadgenerator-65c45fdfc-cvn6c,1739777686,312446976
loadgenerator,loadgenerator-65c45fdfc-cvn6c,1739777986,312774656
loadgenerator,loadgenerator-65c45fdfc-cvn6c,1739778286,312598528
loadgenerator,loadgenerator-65c45fdfc-cvn6c,1739778586,312180736
loadgenerator,loadgenerator-65c45fdfc-cvn6c,1739778886,312389632
loadgenerator,loadgenerator-65c45fdfc-cvn6c,1739779186,312406016
loadgenerator,loadgenerator-65c45fdfc-cvn6c,1739779486,312360960
loadgenerator,loadgenerator-65c45fdfc-cvn6c,1739779786,312459264
loadgenerator,loadgenerator-65c45fdfc-cvn6c,1739780086,312516608
loadgenerator,loadgenerator-65c45fdfc-cvn6c,1739780386,314073088
loadgenerator,loadgenerator-65c45fdfc-cvn6c,1739780686,312696832
loadgenerator,loadgenerator-65c45fdfc-cvn6c,1739780986,312754176
loadgenerator,loadgenerator-65c45fdfc-cvn6c,1739781286,312737792
loadgenerator,loadgenerator-65c45fdfc-cvn6c,1739781586,315432960
loadgenerator,loadgenerator-65c45fdfc-cvn6c,1739781886,313524224
loadgenerator,loadgenerator-65c45fdfc-cvn6c,1739782186,313495552
loadgenerator,loadgenerator-65c45fdfc-cvn6c,1739782486,313700352
loadgenerator,loadgenerator-65c45fdfc-cvn6c,1739782786,313712640
loadgenerator,loadgenerator-65c45fdfc-cvn6c,1739783086,313876480
loadgenerator,loadgenerator-65c45fdfc-cvn6c,1739783386,314064896
loadgenerator,loadgenerator-65c45fdfc-cvn6c,1739783686,313864192
loadgenerator,loadgenerator-65c45fdfc-cvn6c,1739783986,314044416
loadgenerator,loadgenerator-65c45fdfc-cvn6c,1739784286,314064896
loadgenerator,loadgenerator-65c45fdfc-cvn6c,1739784586,314101760
loadgenerator,loadgenerator-65c45fdfc-cvn6c,1739784886,314761216
loadgenerator,loadgenerator-65c45fdfc-cvn6c,1739785186,314400768
loadgenerator,loadgenerator-65c45fdfc-cvn6c,1739785486,314224640
loadgenerator,loadgenerator-65c45fdfc-cvn6c,1739785786,314777600
loadgenerator,loadgenerator-65c45fdfc-cvn6c,1739786086,314486784
loadgenerator,loadgenerator-65c45fdfc-cvn6c,1739786386,314531840
loadgenerator,loadgenerator-65c45fdfc-cvn6c,1739786686,314818560
loadgenerator,loadgenerator-65c45fdfc-cvn6c,1739786986,314601472
loadgenerator,loadgenerator-65c45fdfc-cvn6c,1739787286,314642432
loadgenerator,loadgenerator-65c45fdfc-cvn6c,1739787586,316350464
loadgenerator,loadgenerator-65c45fdfc-cvn6c,1739787886,314920960
loadgenerator,loadgenerator-65c45fdfc-cvn6c,1739788186,315006976
loadgenerator,loadgenerator-65c45fdfc-cvn6c,1739788486,315047936
loadgenerator,loadgenerator-65c45fdfc-cvn6c,1739788786,315023360
loadgenerator,loadgenerator-65c45fdfc-cvn6c,1739789086,314978304
loadgenerator,loadgenerator-65c45fdfc-cvn6c,1739789386,316895232
loadgenerator,loadgenerator-65c45fdfc-cvn6c,1739789686,315301888
loadgenerator,loadgenerator-65c45fdfc-cvn6c,1739789986,315318272
loadgenerator,loadgenerator-65c45fdfc-cvn6c,1739790286,314429440
loadgenerator,loadgenerator-65c45fdfc-cvn6c,1739790586,314535936
loadgenerator,loadgenerator-65c45fdfc-cvn6c,1739790886,314556416
loadgenerator,loadgenerator-65c45fdfc-cvn6c,1739791186,314654720
loadgenerator,loadgenerator-65c45fdfc-cvn6c,1739791486,314777600
loadgenerator,loadgenerator-65c45fdfc-cvn6c,1739791786,314732544
loadgenerator,loadgenerator-65c45fdfc-cvn6c,1739792086,314814464
loadgenerator,loadgenerator-65c45fdfc-cvn6c,1739792386,315023360
loadgenerator,loadgenerator-65c45fdfc-cvn6c,1739792686,315043840
loadgenerator,loadgenerator-65c45fdfc-cvn6c,1739792986,316383232
loadgenerator,loadgenerator-65c45fdfc-cvn6c,1739793286,315527168
loadgenerator,loadgenerator-65c45fdfc-cvn6c,1739793586,315596800
loadgenerator,loadgenerator-65c45fdfc-cvn6c,1739793886,315805696
loadgenerator,loadgenerator-65c45fdfc-cvn6c,1739794186,315650048
loadgenerator,loadgenerator-65c45fdfc-cvn6c,1739794486,315736064
loadgenerator,loadgenerator-65c45fdfc-cvn6c,1739794786,315854848
loadgenerator,loadgenerator-65c45fdfc-cvn6c,1739795086,316219392
loadgenerator,loadgenerator-65c45fdfc-cvn6c,1739795386,316579840
loadgenerator,loadgenerator-65c45fdfc-cvn6c,1739795686,316448768
loadgenerator,loadgenerator-65c45fdfc-cvn6c,1739795986,316481536
loadgenerator,loadgenerator-65c45fdfc-cvn6c,1739796286,316571648
loadgenerator,loadgenerator-65c45fdfc-cvn6c,1739796586,318787584
loadgenerator,loadgenerator-65c45fdfc-cvn6c,1739796886,316575744
loadgenerator,loadgenerator-65c45fdfc-cvn6c,1739797186,316600320
loadgenerator,loadgenerator-65c45fdfc-cvn6c,1739797486,316727296
loadgenerator,loadgenerator-65c45fdfc-cvn6c,1739797786,316841984
loadgenerator,loadgenerator-65c45fdfc-cvn6c,1739798086,316952576
loadgenerator,loadgenerator-65c45fdfc-cvn6c,1739798386,318029824
loadgenerator,loadgenerator-65c45fdfc-cvn6c,1739798686,317059072
loadgenerator,loadgenerator-65c45fdfc-cvn6c,1739798986,317198336
loadgenerator,loadgenerator-65c45fdfc-cvn6c,1739799286,316518400
loadgenerator,loadgenerator-65c45fdfc-cvn6c,1739799586,316346368
loadgenerator,loadgenerator-65c45fdfc-cvn6c,1739799886,316399616
loadgenerator,loadgenerator-65c45fdfc-cvn6c,1739800186,316502016
loadgenerator,loadgenerator-65c45fdfc-cvn6c,1739800486,316661760
loadgenerator,loadgenerator-65c45fdfc-cvn6c,1739800786,316739584
loadgenerator,loadgenerator-65c45fdfc-cvn6c,1739801086,316796928
loadgenerator,loadgenerator-65c45fdfc-cvn6c,1739801386,316829696
loadgenerator,loadgenerator-65c45fdfc-cvn6c,1739801686,316993536
loadgenerator,loadgenerator-65c45fdfc-cvn6c,1739801986,317108224
loadgenerator,loadgenerator-65c45fdfc-cvn6c,1739802286,317149184
loadgenerator,loadgenerator-65c45fdfc-cvn6c,1739802586,317202432
loadgenerator,loadgenerator-65c45fdfc-cvn6c,1739802886,317255680
loadgenerator,loadgenerator-65c45fdfc-cvn6c,1739803186,317198336
loadgenerator,loadgenerator-65c45fdfc-cvn6c,1739803486,317513728
loadgenerator,loadgenerator-65c45fdfc-cvn6c,1739803786,317583360
loadgenerator,loadgenerator-65c45fdfc-cvn6c,1739804086,317644800
loadgenerator,loadgenerator-65c45fdfc-cvn6c,1739804386,317661184
loadgenerator,loadgenerator-65c45fdfc-cvn6c,1739804686,317698048
loadgenerator,loadgenerator-65c45fdfc-cvn6c,1739804986,317710336
loadgenerator,loadgenerator-65c45fdfc-cvn6c,1739805286,318083072
loadgenerator,loadgenerator-65c45fdfc-cvn6c,1739805586,318017536
loadgenerator,loadgenerator-65c45fdfc-cvn6c,1739805886,318230528
loadgenerator,loadgenerator-65c45fdfc-cvn6c,1739806186,318369792
loadgenerator,loadgenerator-65c45fdfc-cvn6c,1739806486,318459904
loadgenerator,loadgenerator-65c45fdfc-cvn6c,1739806786,318521344
loadgenerator,loadgenerator-65c45fdfc-cvn6c,1739807086,318582784
loadgenerator,loadgenerator-65c45fdfc-cvn6c,1739807386,318918656
loadgenerator,loadgenerator-65c45fdfc-cvn6c,1739807686,318816256
loadgenerator,loadgenerator-65c45fdfc-cvn6c,1739807986,318926848
loadgenerator,loadgenerator-65c45fdfc-cvn6c,1739808286,319102976
loadgenerator,loadgenerator-65c45fdfc-cvn6c,1739808586,318996480
loadgenerator,loadgenerator-65c45fdfc-cvn6c,1739808886,321105920
loadgenerator,loadgenerator-65c45fdfc-cvn6c,1739809186,319283200
loadgenerator,loadgenerator-65c45fdfc-cvn6c,1739809486,319406080
loadgenerator,loadgenerator-65c45fdfc-cvn6c,1739809786,319533056
loadgenerator,loadgenerator-65c45fdfc-cvn6c,1739810086,319635456
loadgenerator,loadgenerator-65c45fdfc-cvn6c,1739810386,319700992
loadgenerator,loadgenerator-65c45fdfc-cvn6c,1739810686,319901696
loadgenerator,loadgenerator-65c45fdfc-cvn6c,1739810986,319860736
loadgenerator,loadgenerator-65c45fdfc-cvn6c,1739811286,320000000
loadgenerator,loadgenerator-65c45fdfc-cvn6c,1739811586,320077824
loadgenerator,loadgenerator-65c45fdfc-cvn6c,1739811886,320061440
loadgenerator,loadgenerator-65c45fdfc-cvn6c,1739812186,320155648
loadgenerator,loadgenerator-65c45fdfc-cvn6c,1739812486,320720896
loadgenerator,loadgenerator-65c45fdfc-cvn6c,1739812786,320045056
loadgenerator,loadgenerator-65c45fdfc-cvn6c,1739813086,320045056
loadgenerator,loadgenerator-65c45fdfc-cvn6c,1739813386,320094208
loadgenerator,loadgenerator-65c45fdfc-cvn6c,1739813686,320172032
loadgenerator,loadgenerator-65c45fdfc-cvn6c,1739813986,320229376
loadgenerator,loadgenerator-65c45fdfc-cvn6c,1739814286,320483328
loadgenerator,loadgenerator-65c45fdfc-cvn6c,1739814586,320331776
loadgenerator,loadgenerator-65c45fdfc-cvn6c,1739814886,320380928
loadgenerator,loadgenerator-65c45fdfc-cvn6c,1739815186,320479232
loadgenerator,loadgenerator-65c45fdfc-cvn6c,1739815486,320577536
loadgenerator,loadgenerator-65c45fdfc-cvn6c,1739815786,320806912
loadgenerator,loadgenerator-65c45fdfc-cvn6c,1739816086,320831488
loadgenerator,loadgenerator-65c45fdfc-cvn6c,1739816386,321040384
loadgenerator,loadgenerator-65c45fdfc-cvn6c,1739816686,321216512
loadgenerator,loadgenerator-65c45fdfc-cvn6c,1739816986,321310720
loadgenerator,loadgenerator-65c45fdfc-cvn6c,1739817286,331780096
loadgenerator,loadgenerator-65c45fdfc-cvn6c,1739817586,333402112
loadgenerator,loadgenerator-65c45fdfc-cvn6c,1739817886,332005376
loadgenerator,loadgenerator-65c45fdfc-cvn6c,1739818186,332152832
loadgenerator,loadgenerator-65c45fdfc-cvn6c,1739818486,332267520
loadgenerator,loadgenerator-65c45fdfc-cvn6c,1739818786,332361728
loadgenerator,loadgenerator-65c45fdfc-cvn6c,1739819086,332533760
loadgenerator,loadgenerator-65c45fdfc-cvn6c,1739819386,332611584
loadgenerator,loadgenerator-65c45fdfc-cvn6c,1739819686,333082624
loadgenerator,loadgenerator-65c45fdfc-cvn6c,1739819986,332529664
loadgenerator,loadgenerator-65c45fdfc-cvn6c,1739820286,332795904
loadgenerator,loadgenerator-65c45fdfc-cvn6c,1739820586,332795904
loadgenerator,loadgenerator-65c45fdfc-cvn6c,1739820886,332898304
loadgenerator,loadgenerator-65c45fdfc-cvn6c,1739821186,334573568
loadgenerator,loadgenerator-65c45fdfc-cvn6c,1739821486,333213696
loadgenerator,loadgenerator-65c45fdfc-cvn6c,1739821786,333307904
loadgenerator,loadgenerator-65c45fdfc-cvn6c,1739822086,333434880
loadgenerator,loadgenerator-65c45fdfc-cvn6c,1739822386,333578240
loadgenerator,loadgenerator-65c45fdfc-cvn6c,1739822686,333660160
loadgenerator,loadgenerator-65c45fdfc-cvn6c,1739822986,333598720
loadgenerator,loadgenerator-65c45fdfc-cvn6c,1739823286,334102528
loadgenerator,loadgenerator-65c45fdfc-cvn6c,1739823586,333799424
loadgenerator,loadgenerator-65c45fdfc-cvn6c,1739823886,333897728
loadgenerator,loadgenerator-65c45fdfc-cvn6c,1739824186,334684160
loadgenerator,loadgenerator-65c45fdfc-cvn6c,1739824486,333971456
loadgenerator,loadgenerator-65c45fdfc-cvn6c,1739824786,333848576
loadgenerator,loadgenerator-65c45fdfc-cvn6c,1739825086,333840384
loadgenerator,loadgenerator-65c45fdfc-cvn6c,1739825386,333852672
loadgenerator,loadgenerator-65c45fdfc-cvn6c,1739825686,333975552
loadgenerator,loadgenerator-65c45fdfc-cvn6c,1739825986,334057472
loadgenerator,loadgenerator-65c45fdfc-cvn6c,1739826286,334155776
loadgenerator,loadgenerator-65c45fdfc-cvn6c,1739826586,336011264
loadgenerator,loadgenerator-65c45fdfc-cvn6c,1739826886,330956800
loadgenerator,loadgenerator-65c45fdfc-cvn6c,1739827186,331108352
loadgenerator,loadgenerator-65c45fdfc-cvn6c,1739827486,330899456
loadgenerator,loadgenerator-65c45fdfc-cvn6c,1739827786,331223040
loadgenerator,loadgenerator-65c45fdfc-cvn6c,1739828086,331030528
loadgenerator,loadgenerator-65c45fdfc-cvn6c,1739828386,330932224
loadgenerator,loadgenerator-65c45fdfc-cvn6c,1739828686,331018240
loadgenerator,loadgenerator-65c45fdfc-cvn6c,1739828986,331112448
loadgenerator,loadgenerator-65c45fdfc-cvn6c,1739829286,331186176
loadgenerator,loadgenerator-65c45fdfc-cvn6c,1739829586,331272192
loadgenerator,loadgenerator-65c45fdfc-cvn6c,1739829886,333475840
loadgenerator,loadgenerator-65c45fdfc-cvn6c,1739830186,331411456
loadgenerator,loadgenerator-65c45fdfc-cvn6c,1739830486,331554816
loadgenerator,loadgenerator-65c45fdfc-cvn6c,1739830786,331407360
loadgenerator,loadgenerator-65c45fdfc-cvn6c,1739831086,331456512
loadgenerator,loadgenerator-65c45fdfc-cvn6c,1739831386,332763136
productcatalogservice,productcatalogservice-6f8978567c-24c8g,1739226586,78651392
productcatalogservice,productcatalogservice-6f8978567c-24c8g,1739226886,79192064
productcatalogservice,productcatalogservice-6f8978567c-24c8g,1739227186,78925824
productcatalogservice,productcatalogservice-6f8978567c-24c8g,1739227486,79040512
productcatalogservice,productcatalogservice-6f8978567c-24c8g,1739227786,78880768
productcatalogservice,productcatalogservice-6f8978567c-24c8g,1739228086,78802944
productcatalogservice,productcatalogservice-6f8978567c-24c8g,1739228386,78708736
productcatalogservice,productcatalogservice-6f8978567c-24c8g,1739228686,78684160
productcatalogservice,productcatalogservice-6f8978567c-24c8g,1739228986,78761984
productcatalogservice,productcatalogservice-6f8978567c-24c8g,1739229286,79237120
productcatalogservice,productcatalogservice-6f8978567c-24c8g,1739229586,79536128
productcatalogservice,productcatalogservice-6f8978567c-24c8g,1739229886,79310848
productcatalogservice,productcatalogservice-6f8978567c-24c8g,1739230186,79822848
productcatalogservice,productcatalogservice-6f8978567c-24c8g,1739230486,79998976
productcatalogservice,productcatalogservice-6f8978567c-24c8g,1739230786,79589376
productcatalogservice,productcatalogservice-6f8978567c-24c8g,1739231086,79990784
productcatalogservice,productcatalogservice-6f8978567c-24c8g,1739231386,79757312
productcatalogservice,productcatalogservice-6f8978567c-24c8g,1739231686,79052800
productcatalogservice,productcatalogservice-6f8978567c-24c8g,1739231986,78856192
productcatalogservice,productcatalogservice-6f8978567c-24c8g,1739232286,79220736
productcatalogservice,productcatalogservice-6f8978567c-24c8g,1739232586,79138816
productcatalogservice,productcatalogservice-6f8978567c-24c8g,1739232886,79581184
productcatalogservice,productcatalogservice-6f8978567c-24c8g,1739233186,79667200
productcatalogservice,productcatalogservice-6f8978567c-24c8g,1739233486,80367616
productcatalogservice,productcatalogservice-6f8978567c-24c8g,1739233786,80371712
productcatalogservice,productcatalogservice-6f8978567c-24c8g,1739234086,79785984
productcatalogservice,productcatalogservice-6f8978567c-24c8g,1739234386,80220160
productcatalogservice,productcatalogservice-6f8978567c-24c8g,1739234686,79966208
productcatalogservice,productcatalogservice-6f8978567c-24c8g,1739234986,80216064
productcatalogservice,productcatalogservice-6f8978567c-24c8g,1739235286,80592896
productcatalogservice,productcatalogservice-6f8978567c-24c8g,1739235586,79753216
productcatalogservice,productcatalogservice-6f8978567c-24c8g,1739235886,80175104
productcatalogservice,productcatalogservice-6f8978567c-24c8g,1739236186,81002496
productcatalogservice,productcatalogservice-6f8978567c-24c8g,1739236486,80732160
productcatalogservice,productcatalogservice-6f8978567c-24c8g,1739236786,80171008
productcatalogservice,productcatalogservice-6f8978567c-24c8g,1739237086,80101376
productcatalogservice,productcatalogservice-6f8978567c-24c8g,1739237386,79958016
productcatalogservice,productcatalogservice-6f8978567c-24c8g,1739237686,80113664
productcatalogservice,productcatalogservice-6f8978567c-24c8g,1739237986,79769600
productcatalogservice,productcatalogservice-6f8978567c-24c8g,1739238286,79867904
productcatalogservice,productcatalogservice-6f8978567c-24c8g,1739238586,79757312
productcatalogservice,productcatalogservice-6f8978567c-24c8g,1739238886,80093184
productcatalogservice,productcatalogservice-6f8978567c-24c8g,1739239186,80089088
productcatalogservice,productcatalogservice-6f8978567c-24c8g,1739239486,79826944
productcatalogservice,productcatalogservice-6f8978567c-24c8g,1739239786,80625664
productcatalogservice,productcatalogservice-6f8978567c-24c8g,1739240086,79872000
productcatalogservice,productcatalogservice-6f8978567c-24c8g,1739240386,79937536
productcatalogservice,productcatalogservice-6f8978567c-24c8g,1739240686,79859712
productcatalogservice,productcatalogservice-6f8978567c-24c8g,1739240986,80166912
productcatalogservice,productcatalogservice-6f8978567c-24c8g,1739241286,80470016
productcatalogservice,productcatalogservice-6f8978567c-24c8g,1739241586,80953344
productcatalogservice,productcatalogservice-6f8978567c-24c8g,1739241886,80203776
productcatalogservice,productcatalogservice-6f8978567c-24c8g,1739242186,82182144
productcatalogservice,productcatalogservice-6f8978567c-24c8g,1739242486,81969152
productcatalogservice,productcatalogservice-6f8978567c-24c8g,1739242786,82374656
productcatalogservice,productcatalogservice-6f8978567c-24c8g,1739243086,82145280
productcatalogservice,productcatalogservice-6f8978567c-24c8g,1739243386,82255872
productcatalogservice,productcatalogservice-6f8978567c-24c8g,1739243686,82706432
productcatalogservice,productcatalogservice-6f8978567c-24c8g,1739243986,82219008
productcatalogservice,productcatalogservice-6f8978567c-24c8g,1739244286,82259968
productcatalogservice,productcatalogservice-6f8978567c-24c8g,1739244586,82997248
productcatalogservice,productcatalogservice-6f8978567c-24c8g,1739244886,82120704
productcatalogservice,productcatalogservice-6f8978567c-24c8g,1739245186,82104320
productcatalogservice,productcatalogservice-6f8978567c-24c8g,1739245486,83034112
productcatalogservice,productcatalogservice-6f8978567c-24c8g,1739245786,82190336
productcatalogservice,productcatalogservice-6f8978567c-24c8g,1739246086,82509824
productcatalogservice,productcatalogservice-6f8978567c-24c8g,1739246386,82452480
productcatalogservice,productcatalogservice-6f8978567c-24c8g,1739246686,81666048
productcatalogservice,productcatalogservice-6f8978567c-24c8g,1739246986,81764352
productcatalogservice,productcatalogservice-6f8978567c-24c8g,1739247286,82661376
productcatalogservice,productcatalogservice-6f8978567c-24c8g,1739247586,82112512
productcatalogservice,productcatalogservice-6f8978567c-24c8g,1739247886,82513920
productcatalogservice,productcatalogservice-6f8978567c-24c8g,1739248186,82481152
productcatalogservice,productcatalogservice-6f8978567c-24c8g,1739248486,82362368
productcatalogservice,productcatalogservice-6f8978567c-24c8g,1739248786,84279296
productcatalogservice,productcatalogservice-6f8978567c-24c8g,1739249086,84480000
productcatalogservice,productcatalogservice-6f8978567c-24c8g,1739249386,84779008
productcatalogservice,productcatalogservice-6f8978567c-24c8g,1739249686,84238336
productcatalogservice,productcatalogservice-6f8978567c-24c8g,1739249986,84348928
productcatalogservice,productcatalogservice-6f8978567c-24c8g,1739250286,85147648
productcatalogservice,productcatalogservice-6f8978567c-24c8g,1739250586,84676608
productcatalogservice,productcatalogservice-6f8978567c-24c8g,1739250886,84946944
productcatalogservice,productcatalogservice-6f8978567c-24c8g,1739251186,85229568
productcatalogservice,productcatalogservice-6f8978567c-24c8g,1739251486,84639744
productcatalogservice,productcatalogservice-6f8978567c-24c8g,1739251786,84660224
productcatalogservice,productcatalogservice-6f8978567c-24c8g,1739252086,84709376
productcatalogservice,productcatalogservice-6f8978567c-24c8g,1739252386,84389888
productcatalogservice,productcatalogservice-6f8978567c-24c8g,1739252686,84844544
productcatalogservice,productcatalogservice-6f8978567c-24c8g,1739252986,85110784
productcatalogservice,productcatalogservice-6f8978567c-24c8g,1739253286,85078016
productcatalogservice,productcatalogservice-6f8978567c-24c8g,1739253586,85815296
productcatalogservice,productcatalogservice-6f8978567c-24c8g,1739253886,85569536
productcatalogservice,productcatalogservice-6f8978567c-24c8g,1739254186,85712896
productcatalogservice,productcatalogservice-6f8978567c-24c8g,1739254486,86253568
productcatalogservice,productcatalogservice-6f8978567c-24c8g,1739254786,85065728
productcatalogservice,productcatalogservice-6f8978567c-24c8g,1739255086,85630976
productcatalogservice,productcatalogservice-6f8978567c-24c8g,1739255386,85688320
productcatalogservice,productcatalogservice-6f8978567c-24c8g,1739255686,85528576
productcatalogservice,productcatalogservice-6f8978567c-24c8g,1739255986,85123072
productcatalogservice,productcatalogservice-6f8978567c-24c8g,1739256286,85217280
productcatalogservice,productcatalogservice-6f8978567c-24c8g,1739256586,84721664
productcatalogservice,productcatalogservice-6f8978567c-24c8g,1739256886,84561920
productcatalogservice,productcatalogservice-6f8978567c-24c8g,1739257186,84193280
productcatalogservice,productcatalogservice-6f8978567c-24c8g,1739257486,84631552
productcatalogservice,productcatalogservice-6f8978567c-24c8g,1739257786,85266432
productcatalogservice,productcatalogservice-6f8978567c-24c8g,1739258086,85078016
productcatalogservice,productcatalogservice-6f8978567c-24c8g,1739258386,84754432
productcatalogservice,productcatalogservice-6f8978567c-24c8g,1739258686,84602880
productcatalogservice,productcatalogservice-6f8978567c-24c8g,1739258986,84058112
productcatalogservice,productcatalogservice-6f8978567c-24c8g,1739259286,84742144
productcatalogservice,productcatalogservice-6f8978567c-24c8g,1739259586,84639744
productcatalogservice,productcatalogservice-6f8978567c-24c8g,1739259886,85721088
productcatalogservice,productcatalogservice-6f8978567c-24c8g,1739260186,85585920
productcatalogservice,productcatalogservice-6f8978567c-24c8g,1739260486,85053440
productcatalogservice,productcatalogservice-6f8978567c-24c8g,1739260786,85168128
productcatalogservice,productcatalogservice-6f8978567c-24c8g,1739261086,85950464
productcatalogservice,productcatalogservice-6f8978567c-24c8g,1739261386,85721088
productcatalogservice,productcatalogservice-6f8978567c-24c8g,1739261686,87617536
productcatalogservice,productcatalogservice-6f8978567c-24c8g,1739261986,87187456
productcatalogservice,productcatalogservice-6f8978567c-24c8g,1739262286,87441408
productcatalogservice,productcatalogservice-6f8978567c-24c8g,1739262586,87822336
productcatalogservice,productcatalogservice-6f8978567c-24c8g,1739262886,87298048
productcatalogservice,productcatalogservice-6f8978567c-24c8g,1739263186,87851008
productcatalogservice,productcatalogservice-6f8978567c-24c8g,1739263486,87601152
productcatalogservice,productcatalogservice-6f8978567c-24c8g,1739263786,87654400
productcatalogservice,productcatalogservice-6f8978567c-24c8g,1739264086,87851008
productcatalogservice,productcatalogservice-6f8978567c-24c8g,1739264386,87728128
productcatalogservice,productcatalogservice-6f8978567c-24c8g,1739264686,88182784
productcatalogservice,productcatalogservice-6f8978567c-24c8g,1739264986,87695360
productcatalogservice,productcatalogservice-6f8978567c-24c8g,1739265286,87908352
productcatalogservice,productcatalogservice-6f8978567c-24c8g,1739265586,88158208
productcatalogservice,productcatalogservice-6f8978567c-24c8g,1739265886,90763264
productcatalogservice,productcatalogservice-6f8978567c-24c8g,1739266186,90857472
productcatalogservice,productcatalogservice-6f8978567c-24c8g,1739266486,90120192
productcatalogservice,productcatalogservice-6f8978567c-24c8g,1739266786,90345472
productcatalogservice,productcatalogservice-6f8978567c-24c8g,1739267086,89960448
productcatalogservice,productcatalogservice-6f8978567c-24c8g,1739267386,90079232
productcatalogservice,productcatalogservice-6f8978567c-24c8g,1739267686,90169344
productcatalogservice,productcatalogservice-6f8978567c-24c8g,1739267986,89743360
productcatalogservice,productcatalogservice-6f8978567c-24c8g,1739268286,89337856
productcatalogservice,productcatalogservice-6f8978567c-24c8g,1739268586,89604096
productcatalogservice,productcatalogservice-6f8978567c-24c8g,1739268886,90083328
productcatalogservice,productcatalogservice-6f8978567c-24c8g,1739269186,89362432
productcatalogservice,productcatalogservice-6f8978567c-24c8g,1739269486,89128960
productcatalogservice,productcatalogservice-6f8978567c-24c8g,1739269786,89616384
productcatalogservice,productcatalogservice-6f8978567c-24c8g,1739270086,89726976
productcatalogservice,productcatalogservice-6f8978567c-24c8g,1739270386,89165824
productcatalogservice,productcatalogservice-6f8978567c-24c8g,1739270686,89935872
productcatalogservice,productcatalogservice-6f8978567c-24c8g,1739270986,89722880
productcatalogservice,productcatalogservice-6f8978567c-24c8g,1739271286,89407488
productcatalogservice,productcatalogservice-6f8978567c-24c8g,1739271586,90116096
productcatalogservice,productcatalogservice-6f8978567c-24c8g,1739271886,89579520
productcatalogservice,productcatalogservice-6f8978567c-24c8g,1739272186,89485312
productcatalogservice,productcatalogservice-6f8978567c-24c8g,1739272486,89780224
productcatalogservice,productcatalogservice-6f8978567c-24c8g,1739272786,90071040
productcatalogservice,productcatalogservice-6f8978567c-24c8g,1739273086,89735168
productcatalogservice,productcatalogservice-6f8978567c-24c8g,1739273386,91090944
productcatalogservice,productcatalogservice-6f8978567c-24c8g,1739273686,89595904
productcatalogservice,productcatalogservice-6f8978567c-24c8g,1739273986,89350144
productcatalogservice,productcatalogservice-6f8978567c-24c8g,1739274286,89518080
productcatalogservice,productcatalogservice-6f8978567c-24c8g,1739274586,88973312
productcatalogservice,productcatalogservice-6f8978567c-24c8g,1739274886,89620480
productcatalogservice,productcatalogservice-6f8978567c-24c8g,1739275186,89362432
productcatalogservice,productcatalogservice-6f8978567c-24c8g,1739275486,89559040
productcatalogservice,productcatalogservice-6f8978567c-24c8g,1739275786,89538560
productcatalogservice,productcatalogservice-6f8978567c-24c8g,1739276086,89870336
productcatalogservice,productcatalogservice-6f8978567c-24c8g,1739276386,89534464
productcatalogservice,productcatalogservice-6f8978567c-24c8g,1739276686,89542656
productcatalogservice,productcatalogservice-6f8978567c-24c8g,1739276986,89563136
productcatalogservice,productcatalogservice-6f8978567c-24c8g,1739277286,89800704
productcatalogservice,productcatalogservice-6f8978567c-24c8g,1739277586,89591808
productcatalogservice,productcatalogservice-6f8978567c-24c8g,1739277886,90198016
productcatalogservice,productcatalogservice-6f8978567c-24c8g,1739278186,89296896
productcatalogservice,productcatalogservice-6f8978567c-24c8g,1739278486,90214400
productcatalogservice,productcatalogservice-6f8978567c-24c8g,1739278786,89657344
productcatalogservice,productcatalogservice-6f8978567c-24c8g,1739279086,89997312
productcatalogservice,productcatalogservice-6f8978567c-24c8g,1739279386,91099136
productcatalogservice,productcatalogservice-6f8978567c-24c8g,1739279686,89649152
productcatalogservice,productcatalogservice-6f8978567c-24c8g,1739279986,89714688
productcatalogservice,productcatalogservice-6f8978567c-24c8g,1739280286,90296320
productcatalogservice,productcatalogservice-6f8978567c-24c8g,1739280586,89677824
productcatalogservice,productcatalogservice-6f8978567c-24c8g,1739280886,90009600
productcatalogservice,productcatalogservice-6f8978567c-24c8g,1739281186,89919488
productcatalogservice,productcatalogservice-6f8978567c-24c8g,1739281486,90640384
productcatalogservice,productcatalogservice-6f8978567c-24c8g,1739281786,89935872
productcatalogservice,productcatalogservice-6f8978567c-24c8g,1739282086,90009600
productcatalogservice,productcatalogservice-6f8978567c-24c8g,1739282386,90382336
productcatalogservice,productcatalogservice-6f8978567c-24c8g,1739282686,90988544
productcatalogservice,productcatalogservice-6f8978567c-24c8g,1739282986,93249536
productcatalogservice,productcatalogservice-6f8978567c-24c8g,1739283286,92958720
productcatalogservice,productcatalogservice-6f8978567c-24c8g,1739283586,93212672
productcatalogservice,productcatalogservice-6f8978567c-24c8g,1739283886,92663808
productcatalogservice,productcatalogservice-6f8978567c-24c8g,1739284186,92803072
productcatalogservice,productcatalogservice-6f8978567c-24c8g,1739284486,93249536
productcatalogservice,productcatalogservice-6f8978567c-24c8g,1739284786,92651520
productcatalogservice,productcatalogservice-6f8978567c-24c8g,1739285086,93294592
productcatalogservice,productcatalogservice-6f8978567c-24c8g,1739285386,92372992
productcatalogservice,productcatalogservice-6f8978567c-24c8g,1739285686,91856896
productcatalogservice,productcatalogservice-6f8978567c-24c8g,1739285986,92491776
productcatalogservice,productcatalogservice-6f8978567c-24c8g,1739286286,96309248
productcatalogservice,productcatalogservice-6f8978567c-24c8g,1739286586,96350208
productcatalogservice,productcatalogservice-6f8978567c-24c8g,1739286886,95698944
productcatalogservice,productcatalogservice-6f8978567c-24c8g,1739287186,96563200
productcatalogservice,productcatalogservice-6f8978567c-24c8g,1739287486,96296960
productcatalogservice,productcatalogservice-6f8978567c-24c8g,1739287786,70959104
productcatalogservice,productcatalogservice-6f8978567c-24c8g,1739288086,82366464
productcatalogservice,productcatalogservice-6f8978567c-24c8g,1739288386,85377024
productcatalogservice,productcatalogservice-6f8978567c-24c8g,1739288686,87674880
productcatalogservice,productcatalogservice-6f8978567c-24c8g,1739288986,88510464
productcatalogservice,productcatalogservice-6f8978567c-24c8g,1739289286,88035328
productcatalogservice,productcatalogservice-6f8978567c-24c8g,1739289586,88739840
productcatalogservice,productcatalogservice-6f8978567c-24c8g,1739289886,88821760
productcatalogservice,productcatalogservice-6f8978567c-24c8g,1739290186,90836992
productcatalogservice,productcatalogservice-6f8978567c-24c8g,1739290486,90730496
productcatalogservice,productcatalogservice-6f8978567c-24c8g,1739290786,91156480
productcatalogservice,productcatalogservice-6f8978567c-24c8g,1739291086,91291648
productcatalogservice,productcatalogservice-6f8978567c-24c8g,1739291386,90947584
productcatalogservice,productcatalogservice-6f8978567c-24c8g,1739291686,94367744
productcatalogservice,productcatalogservice-6f8978567c-24c8g,1739291986,94998528
productcatalogservice,productcatalogservice-6f8978567c-24c8g,1739292286,94793728
productcatalogservice,productcatalogservice-6f8978567c-24c8g,1739292586,95346688
productcatalogservice,productcatalogservice-6f8978567c-24c8g,1739292886,95375360
productcatalogservice,productcatalogservice-6f8978567c-24c8g,1739293186,95547392
productcatalogservice,productcatalogservice-6f8978567c-24c8g,1739293486,95068160
productcatalogservice,productcatalogservice-6f8978567c-24c8g,1739293786,95494144
productcatalogservice,productcatalogservice-6f8978567c-24c8g,1739294086,95748096
productcatalogservice,productcatalogservice-6f8978567c-24c8g,1739294386,96014336
productcatalogservice,productcatalogservice-6f8978567c-24c8g,1739294686,95641600
productcatalogservice,productcatalogservice-6f8978567c-24c8g,1739294986,95477760
productcatalogservice,productcatalogservice-6f8978567c-24c8g,1739295286,96362496
productcatalogservice,productcatalogservice-6f8978567c-24c8g,1739295586,96002048
productcatalogservice,productcatalogservice-6f8978567c-24c8g,1739295886,95621120
productcatalogservice,productcatalogservice-6f8978567c-24c8g,1739296186,95846400
productcatalogservice,productcatalogservice-6f8978567c-24c8g,1739296486,95657984
productcatalogservice,productcatalogservice-6f8978567c-24c8g,1739296786,95432704
productcatalogservice,productcatalogservice-6f8978567c-24c8g,1739297086,95940608
productcatalogservice,productcatalogservice-6f8978567c-24c8g,1739297386,95559680
productcatalogservice,productcatalogservice-6f8978567c-24c8g,1739297686,95662080
productcatalogservice,productcatalogservice-6f8978567c-24c8g,1739297986,95576064
productcatalogservice,productcatalogservice-6f8978567c-24c8g,1739298286,96321536
productcatalogservice,productcatalogservice-6f8978567c-24c8g,1739298586,95682560
productcatalogservice,productcatalogservice-6f8978567c-24c8g,1739298886,96264192
productcatalogservice,productcatalogservice-6f8978567c-24c8g,1739299186,97329152
productcatalogservice,productcatalogservice-6f8978567c-24c8g,1739299486,96497664
productcatalogservice,productcatalogservice-6f8978567c-24c8g,1739299786,95797248
productcatalogservice,productcatalogservice-6f8978567c-24c8g,1739300086,95854592
productcatalogservice,productcatalogservice-6f8978567c-24c8g,1739300386,95911936
productcatalogservice,productcatalogservice-6f8978567c-24c8g,1739300686,95997952
productcatalogservice,productcatalogservice-6f8978567c-24c8g,1739300986,95965184
productcatalogservice,productcatalogservice-6f8978567c-24c8g,1739301286,96137216
productcatalogservice,productcatalogservice-6f8978567c-24c8g,1739301586,96075776
productcatalogservice,productcatalogservice-6f8978567c-24c8g,1739301886,96215040
productcatalogservice,productcatalogservice-6f8978567c-24c8g,1739302186,95870976
productcatalogservice,productcatalogservice-6f8978567c-24c8g,1739302486,95834112
productcatalogservice,productcatalogservice-6f8978567c-24c8g,1739302786,96034816
productcatalogservice,productcatalogservice-6f8978567c-24c8g,1739303086,96276480
productcatalogservice,productcatalogservice-6f8978567c-24c8g,1739303386,96092160
productcatalogservice,productcatalogservice-6f8978567c-24c8g,1739303686,96108544
productcatalogservice,productcatalogservice-6f8978567c-24c8g,1739303986,96120832
productcatalogservice,productcatalogservice-6f8978567c-24c8g,1739304286,96616448
productcatalogservice,productcatalogservice-6f8978567c-24c8g,1739304586,96690176
productcatalogservice,productcatalogservice-6f8978567c-24c8g,1739304886,95744000
productcatalogservice,productcatalogservice-6f8978567c-24c8g,1739305186,95617024
productcatalogservice,productcatalogservice-6f8978567c-24c8g,1739305486,95219712
productcatalogservice,productcatalogservice-6f8978567c-24c8g,1739305786,95248384
productcatalogservice,productcatalogservice-6f8978567c-24c8g,1739306086,95518720
productcatalogservice,productcatalogservice-6f8978567c-24c8g,1739306386,95977472
productcatalogservice,productcatalogservice-6f8978567c-24c8g,1739306686,96194560
productcatalogservice,productcatalogservice-6f8978567c-24c8g,1739306986,95649792
productcatalogservice,productcatalogservice-6f8978567c-24c8g,1739307286,95981568
productcatalogservice,productcatalogservice-6f8978567c-24c8g,1739307586,95928320
productcatalogservice,productcatalogservice-6f8978567c-24c8g,1739307886,95825920
productcatalogservice,productcatalogservice-6f8978567c-24c8g,1739308186,96616448
productcatalogservice,productcatalogservice-6f8978567c-24c8g,1739308486,96542720
productcatalogservice,productcatalogservice-6f8978567c-24c8g,1739308786,96358400
productcatalogservice,productcatalogservice-6f8978567c-24c8g,1739309086,96022528
productcatalogservice,productcatalogservice-6f8978567c-24c8g,1739309386,98168832
productcatalogservice,productcatalogservice-6f8978567c-24c8g,1739309686,98172928
productcatalogservice,productcatalogservice-6f8978567c-24c8g,1739309986,98586624
productcatalogservice,productcatalogservice-6f8978567c-24c8g,1739310286,98369536
productcatalogservice,productcatalogservice-6f8978567c-24c8g,1739310586,98140160
productcatalogservice,productcatalogservice-6f8978567c-24c8g,1739310886,98480128
productcatalogservice,productcatalogservice-6f8978567c-24c8g,1739311186,98553856
productcatalogservice,productcatalogservice-6f8978567c-24c8g,1739311486,98344960
productcatalogservice,productcatalogservice-6f8978567c-24c8g,1739311786,98787328
productcatalogservice,productcatalogservice-6f8978567c-24c8g,1739312086,98824192
productcatalogservice,productcatalogservice-6f8978567c-24c8g,1739312386,98742272
productcatalogservice,productcatalogservice-6f8978567c-24c8g,1739312686,98811904
productcatalogservice,productcatalogservice-6f8978567c-24c8g,1739312986,98299904
productcatalogservice,productcatalogservice-6f8978567c-24c8g,1739313286,98344960
productcatalogservice,productcatalogservice-6f8978567c-24c8g,1739313586,98332672
productcatalogservice,productcatalogservice-6f8978567c-24c8g,1739313886,98021376
productcatalogservice,productcatalogservice-6f8978567c-24c8g,1739314186,98250752
productcatalogservice,productcatalogservice-6f8978567c-24c8g,1739314486,98504704
productcatalogservice,productcatalogservice-6f8978567c-24c8g,1739314786,98279424
productcatalogservice,productcatalogservice-6f8978567c-24c8g,1739315086,98439168
productcatalogservice,productcatalogservice-6f8978567c-24c8g,1739315386,98717696
productcatalogservice,productcatalogservice-6f8978567c-24c8g,1739315686,98394112
productcatalogservice,productcatalogservice-6f8978567c-24c8g,1739315986,98398208
productcatalogservice,productcatalogservice-6f8978567c-24c8g,1739316286,98492416
productcatalogservice,productcatalogservice-6f8978567c-24c8g,1739316586,98656256
productcatalogservice,productcatalogservice-6f8978567c-24c8g,1739316886,98828288
productcatalogservice,productcatalogservice-6f8978567c-24c8g,1739317186,98373632
productcatalogservice,productcatalogservice-6f8978567c-24c8g,1739317486,98811904
productcatalogservice,productcatalogservice-6f8978567c-24c8g,1739317786,98607104
productcatalogservice,productcatalogservice-6f8978567c-24c8g,1739318086,97812480
productcatalogservice,productcatalogservice-6f8978567c-24c8g,1739318386,98619392
productcatalogservice,productcatalogservice-6f8978567c-24c8g,1739318686,98164736
productcatalogservice,productcatalogservice-6f8978567c-24c8g,1739318986,98328576
productcatalogservice,productcatalogservice-6f8978567c-24c8g,1739319286,98037760
productcatalogservice,productcatalogservice-6f8978567c-24c8g,1739319586,98361344
productcatalogservice,productcatalogservice-6f8978567c-24c8g,1739319886,98209792
productcatalogservice,productcatalogservice-6f8978567c-24c8g,1739320186,98435072
productcatalogservice,productcatalogservice-6f8978567c-24c8g,1739320486,98164736
productcatalogservice,productcatalogservice-6f8978567c-24c8g,1739320786,98811904
productcatalogservice,productcatalogservice-6f8978567c-24c8g,1739321086,98344960
productcatalogservice,productcatalogservice-6f8978567c-24c8g,1739321386,98476032
productcatalogservice,productcatalogservice-6f8978567c-24c8g,1739321686,100253696
productcatalogservice,productcatalogservice-6f8978567c-24c8g,1739321986,100302848
productcatalogservice,productcatalogservice-6f8978567c-24c8g,1739322286,100151296
productcatalogservice,productcatalogservice-6f8978567c-24c8g,1739322586,100388864
productcatalogservice,productcatalogservice-6f8978567c-24c8g,1739322886,100184064
productcatalogservice,productcatalogservice-6f8978567c-24c8g,1739323186,100847616
productcatalogservice,productcatalogservice-6f8978567c-24c8g,1739323486,100782080
productcatalogservice,productcatalogservice-6f8978567c-24c8g,1739323786,100503552
productcatalogservice,productcatalogservice-6f8978567c-24c8g,1739324086,100995072
productcatalogservice,productcatalogservice-6f8978567c-24c8g,1739324386,100798464
productcatalogservice,productcatalogservice-6f8978567c-24c8g,1739324686,100503552
productcatalogservice,productcatalogservice-6f8978567c-24c8g,1739324986,100474880
productcatalogservice,productcatalogservice-6f8978567c-24c8g,1739325286,100425728
productcatalogservice,productcatalogservice-6f8978567c-24c8g,1739325586,100282368
productcatalogservice,productcatalogservice-6f8978567c-24c8g,1739325886,100569088
productcatalogservice,productcatalogservice-6f8978567c-24c8g,1739326186,101412864
productcatalogservice,productcatalogservice-6f8978567c-24c8g,1739326486,100425728
productcatalogservice,productcatalogservice-6f8978567c-24c8g,1739326786,100556800
productcatalogservice,productcatalogservice-6f8978567c-24c8g,1739327086,100679680
productcatalogservice,productcatalogservice-6f8978567c-24c8g,1739327386,100282368
productcatalogservice,productcatalogservice-6f8978567c-24c8g,1739327686,100564992
productcatalogservice,productcatalogservice-6f8978567c-24c8g,1739327986,100290560
productcatalogservice,productcatalogservice-6f8978567c-24c8g,1739328286,100929536
productcatalogservice,productcatalogservice-6f8978567c-24c8g,1739328586,100360192
productcatalogservice,productcatalogservice-6f8978567c-24c8g,1739328886,100622336
productcatalogservice,productcatalogservice-6f8978567c-24c8g,1739329186,100458496
productcatalogservice,productcatalogservice-6f8978567c-24c8g,1739329486,101019648
productcatalogservice,productcatalogservice-6f8978567c-24c8g,1739329786,101490688
productcatalogservice,productcatalogservice-6f8978567c-24c8g,1739330086,100806656
productcatalogservice,productcatalogservice-6f8978567c-24c8g,1739330386,101040128
productcatalogservice,productcatalogservice-6f8978567c-24c8g,1739330686,100683776
productcatalogservice,productcatalogservice-6f8978567c-24c8g,1739330986,101457920
productcatalogservice,productcatalogservice-6f8978567c-24c8g,1739331286,100569088
productcatalogservice,productcatalogservice-6f8978567c-24c8g,1739331586,100515840
productcatalogservice,productcatalogservice-6f8978567c-24c8g,1739331886,100564992
productcatalogservice,productcatalogservice-6f8978567c-24c8g,1739332186,100384768
productcatalogservice,productcatalogservice-6f8978567c-24c8g,1739332486,100691968
productcatalogservice,productcatalogservice-6f8978567c-24c8g,1739332786,100937728
productcatalogservice,productcatalogservice-6f8978567c-24c8g,1739333086,100298752
productcatalogservice,productcatalogservice-6f8978567c-24c8g,1739333386,100700160
productcatalogservice,productcatalogservice-6f8978567c-24c8g,1739333686,101400576
productcatalogservice,productcatalogservice-6f8978567c-24c8g,1739333986,101011456
productcatalogservice,productcatalogservice-6f8978567c-24c8g,1739334286,100831232
productcatalogservice,productcatalogservice-6f8978567c-24c8g,1739334586,101097472
productcatalogservice,productcatalogservice-6f8978567c-24c8g,1739334886,101519360
productcatalogservice,productcatalogservice-6f8978567c-24c8g,1739335186,100769792
productcatalogservice,productcatalogservice-6f8978567c-24c8g,1739335486,101130240
productcatalogservice,productcatalogservice-6f8978567c-24c8g,1739335786,100728832
productcatalogservice,productcatalogservice-6f8978567c-24c8g,1739336086,100720640
productcatalogservice,productcatalogservice-6f8978567c-24c8g,1739336386,100356096
productcatalogservice,productcatalogservice-6f8978567c-24c8g,1739336686,100700160
productcatalogservice,productcatalogservice-6f8978567c-24c8g,1739336986,100659200
productcatalogservice,productcatalogservice-6f8978567c-24c8g,1739337286,100581376
productcatalogservice,productcatalogservice-6f8978567c-24c8g,1739337586,100483072
productcatalogservice,productcatalogservice-6f8978567c-24c8g,1739337886,100339712
productcatalogservice,productcatalogservice-6f8978567c-24c8g,1739338186,100667392
productcatalogservice,productcatalogservice-6f8978567c-24c8g,1739338486,100843520
productcatalogservice,productcatalogservice-6f8978567c-24c8g,1739338786,100757504
productcatalogservice,productcatalogservice-6f8978567c-24c8g,1739339086,100728832
productcatalogservice,productcatalogservice-6f8978567c-24c8g,1739339386,101330944
productcatalogservice,productcatalogservice-6f8978567c-24c8g,1739339686,100995072
productcatalogservice,productcatalogservice-6f8978567c-24c8g,1739339986,100954112
productcatalogservice,productcatalogservice-6f8978567c-24c8g,1739340286,100659200
productcatalogservice,productcatalogservice-6f8978567c-24c8g,1739340586,100179968
productcatalogservice,productcatalogservice-6f8978567c-24c8g,1739340886,100384768
productcatalogservice,productcatalogservice-6f8978567c-24c8g,1739341186,100433920
productcatalogservice,productcatalogservice-6f8978567c-24c8g,1739341486,100478976
productcatalogservice,productcatalogservice-6f8978567c-24c8g,1739341786,100765696
productcatalogservice,productcatalogservice-6f8978567c-24c8g,1739342086,101007360
productcatalogservice,productcatalogservice-6f8978567c-24c8g,1739342386,101388288
productcatalogservice,productcatalogservice-6f8978567c-24c8g,1739342686,101052416
productcatalogservice,productcatalogservice-6f8978567c-24c8g,1739342986,100732928
productcatalogservice,productcatalogservice-6f8978567c-24c8g,1739343286,100864000
productcatalogservice,productcatalogservice-6f8978567c-24c8g,1739343586,100827136
productcatalogservice,productcatalogservice-6f8978567c-24c8g,1739343886,100872192
productcatalogservice,productcatalogservice-6f8978567c-24c8g,1739344186,101244928
productcatalogservice,productcatalogservice-6f8978567c-24c8g,1739344486,101511168
productcatalogservice,productcatalogservice-6f8978567c-24c8g,1739344786,101212160
productcatalogservice,productcatalogservice-6f8978567c-24c8g,1739345086,99946496
productcatalogservice,productcatalogservice-6f8978567c-24c8g,1739345386,100130816
productcatalogservice,productcatalogservice-6f8978567c-24c8g,1739345686,100335616
productcatalogservice,productcatalogservice-6f8978567c-24c8g,1739345986,100147200
productcatalogservice,productcatalogservice-6f8978567c-24c8g,1739346286,101003264
productcatalogservice,productcatalogservice-6f8978567c-24c8g,1739346586,100769792
productcatalogservice,productcatalogservice-6f8978567c-24c8g,1739346886,101126144
productcatalogservice,productcatalogservice-6f8978567c-24c8g,1739347186,101244928
productcatalogservice,productcatalogservice-6f8978567c-24c8g,1739347486,100880384
productcatalogservice,productcatalogservice-6f8978567c-24c8g,1739347786,100925440
productcatalogservice,productcatalogservice-6f8978567c-24c8g,1739348086,100728832
productcatalogservice,productcatalogservice-6f8978567c-24c8g,1739348386,101036032
productcatalogservice,productcatalogservice-6f8978567c-24c8g,1739348686,101404672
productcatalogservice,productcatalogservice-6f8978567c-24c8g,1739348986,100839424
productcatalogservice,productcatalogservice-6f8978567c-24c8g,1739349286,100843520
productcatalogservice,productcatalogservice-6f8978567c-24c8g,1739349586,100532224
productcatalogservice,productcatalogservice-6f8978567c-24c8g,1739349886,100732928
productcatalogservice,productcatalogservice-6f8978567c-24c8g,1739350186,100962304
productcatalogservice,productcatalogservice-6f8978567c-24c8g,1739350486,100544512
productcatalogservice,productcatalogservice-6f8978567c-24c8g,1739350786,100466688
productcatalogservice,productcatalogservice-6f8978567c-24c8g,1739351086,100438016
productcatalogservice,productcatalogservice-6f8978567c-24c8g,1739351386,101064704
productcatalogservice,productcatalogservice-6f8978567c-24c8g,1739351686,100564992
productcatalogservice,productcatalogservice-6f8978567c-24c8g,1739351986,101068800
productcatalogservice,productcatalogservice-6f8978567c-24c8g,1739352286,100950016
productcatalogservice,productcatalogservice-6f8978567c-24c8g,1739352586,100806656
productcatalogservice,productcatalogservice-6f8978567c-24c8g,1739352886,100974592
productcatalogservice,productcatalogservice-6f8978567c-24c8g,1739353186,100876288
productcatalogservice,productcatalogservice-6f8978567c-24c8g,1739353486,100700160
productcatalogservice,productcatalogservice-6f8978567c-24c8g,1739353786,100868096
productcatalogservice,productcatalogservice-6f8978567c-24c8g,1739354086,101294080
productcatalogservice,productcatalogservice-6f8978567c-24c8g,1739354386,101003264
productcatalogservice,productcatalogservice-6f8978567c-24c8g,1739354686,101085184
productcatalogservice,productcatalogservice-6f8978567c-24c8g,1739354986,100720640
productcatalogservice,productcatalogservice-6f8978567c-24c8g,1739355286,100487168
productcatalogservice,productcatalogservice-6f8978567c-24c8g,1739355586,100831232
productcatalogservice,productcatalogservice-6f8978567c-24c8g,1739355886,100859904
productcatalogservice,productcatalogservice-6f8978567c-24c8g,1739356186,100835328
productcatalogservice,productcatalogservice-6f8978567c-24c8g,1739356486,100794368
productcatalogservice,productcatalogservice-6f8978567c-24c8g,1739356786,100401152
productcatalogservice,productcatalogservice-6f8978567c-24c8g,1739357086,102760448
productcatalogservice,productcatalogservice-6f8978567c-24c8g,1739357386,102686720
productcatalogservice,productcatalogservice-6f8978567c-24c8g,1739357686,103559168
productcatalogservice,productcatalogservice-6f8978567c-24c8g,1739357986,103038976
productcatalogservice,productcatalogservice-6f8978567c-24c8g,1739358286,103448576
productcatalogservice,productcatalogservice-6f8978567c-24c8g,1739358586,102993920
productcatalogservice,productcatalogservice-6f8978567c-24c8g,1739358886,103432192
productcatalogservice,productcatalogservice-6f8978567c-24c8g,1739359186,103477248
productcatalogservice,productcatalogservice-6f8978567c-24c8g,1739359486,103129088
productcatalogservice,productcatalogservice-6f8978567c-24c8g,1739359786,103301120
productcatalogservice,productcatalogservice-6f8978567c-24c8g,1739360086,102174720
productcatalogservice,productcatalogservice-6f8978567c-24c8g,1739360386,101269504
productcatalogservice,productcatalogservice-6f8978567c-24c8g,1739360686,102191104
productcatalogservice,productcatalogservice-6f8978567c-24c8g,1739360986,101511168
productcatalogservice,productcatalogservice-6f8978567c-24c8g,1739361286,101584896
productcatalogservice,productcatalogservice-6f8978567c-24c8g,1739361586,101765120
productcatalogservice,productcatalogservice-6f8978567c-24c8g,1739361886,102313984
productcatalogservice,productcatalogservice-6f8978567c-24c8g,1739362186,102588416
productcatalogservice,productcatalogservice-6f8978567c-24c8g,1739362486,102387712
productcatalogservice,productcatalogservice-6f8978567c-24c8g,1739362786,102223872
productcatalogservice,productcatalogservice-6f8978567c-24c8g,1739363086,102150144
productcatalogservice,productcatalogservice-6f8978567c-24c8g,1739363386,102486016
productcatalogservice,productcatalogservice-6f8978567c-24c8g,1739363686,102256640
productcatalogservice,productcatalogservice-6f8978567c-24c8g,1739363986,102416384
productcatalogservice,productcatalogservice-6f8978567c-24c8g,1739364286,102162432
productcatalogservice,productcatalogservice-6f8978567c-24c8g,1739364586,102023168
productcatalogservice,productcatalogservice-6f8978567c-24c8g,1739364886,102387712
productcatalogservice,productcatalogservice-6f8978567c-24c8g,1739365186,101789696
productcatalogservice,productcatalogservice-6f8978567c-24c8g,1739365486,101875712
productcatalogservice,productcatalogservice-6f8978567c-24c8g,1739365786,101752832
productcatalogservice,productcatalogservice-6f8978567c-24c8g,1739366086,101687296
productcatalogservice,productcatalogservice-6f8978567c-24c8g,1739366386,101920768
productcatalogservice,productcatalogservice-6f8978567c-24c8g,1739366686,102133760
productcatalogservice,productcatalogservice-6f8978567c-24c8g,1739366986,101707776
productcatalogservice,productcatalogservice-6f8978567c-24c8g,1739367286,102690816
productcatalogservice,productcatalogservice-6f8978567c-24c8g,1739367586,101974016
productcatalogservice,productcatalogservice-6f8978567c-24c8g,1739367886,102768640
productcatalogservice,productcatalogservice-6f8978567c-24c8g,1739368186,102596608
productcatalogservice,productcatalogservice-6f8978567c-24c8g,1739368486,102146048
productcatalogservice,productcatalogservice-6f8978567c-24c8g,1739368786,102273024
productcatalogservice,productcatalogservice-6f8978567c-24c8g,1739369086,102084608
productcatalogservice,productcatalogservice-6f8978567c-24c8g,1739369386,102072320
productcatalogservice,productcatalogservice-6f8978567c-24c8g,1739369686,102252544
productcatalogservice,productcatalogservice-6f8978567c-24c8g,1739369986,102109184
productcatalogservice,productcatalogservice-6f8978567c-24c8g,1739370286,102211584
productcatalogservice,productcatalogservice-6f8978567c-24c8g,1739370586,101683200
productcatalogservice,productcatalogservice-6f8978567c-24c8g,1739370886,102723584
productcatalogservice,productcatalogservice-6f8978567c-24c8g,1739371186,101527552
productcatalogservice,productcatalogservice-6f8978567c-24c8g,1739371486,101679104
productcatalogservice,productcatalogservice-6f8978567c-24c8g,1739371786,102260736
productcatalogservice,productcatalogservice-6f8978567c-24c8g,1739372086,102141952
productcatalogservice,productcatalogservice-6f8978567c-24c8g,1739372386,102182912
productcatalogservice,productcatalogservice-6f8978567c-24c8g,1739372686,102080512
productcatalogservice,productcatalogservice-6f8978567c-24c8g,1739372986,102043648
productcatalogservice,productcatalogservice-6f8978567c-24c8g,1739373286,102027264
productcatalogservice,productcatalogservice-6f8978567c-24c8g,1739373586,104177664
productcatalogservice,productcatalogservice-6f8978567c-24c8g,1739373886,104050688
productcatalogservice,productcatalogservice-6f8978567c-24c8g,1739374186,104419328
productcatalogservice,productcatalogservice-6f8978567c-24c8g,1739374486,105050112
productcatalogservice,productcatalogservice-6f8978567c-24c8g,1739374786,104517632
productcatalogservice,productcatalogservice-6f8978567c-24c8g,1739375086,104747008
productcatalogservice,productcatalogservice-6f8978567c-24c8g,1739375386,104562688
productcatalogservice,productcatalogservice-6f8978567c-24c8g,1739375686,104480768
productcatalogservice,productcatalogservice-6f8978567c-24c8g,1739375986,104120320
productcatalogservice,productcatalogservice-6f8978567c-24c8g,1739376286,106016768
productcatalogservice,productcatalogservice-6f8978567c-24c8g,1739376586,106070016
productcatalogservice,productcatalogservice-6f8978567c-24c8g,1739376886,106536960
productcatalogservice,productcatalogservice-6f8978567c-24c8g,1739377186,106590208
productcatalogservice,productcatalogservice-6f8978567c-24c8g,1739377486,105934848
productcatalogservice,productcatalogservice-6f8978567c-24c8g,1739377786,106762240
productcatalogservice,productcatalogservice-6f8978567c-24c8g,1739378086,106610688
productcatalogservice,productcatalogservice-6f8978567c-24c8g,1739378386,106803200
productcatalogservice,productcatalogservice-6f8978567c-24c8g,1739378686,106541056
productcatalogservice,productcatalogservice-6f8978567c-24c8g,1739378986,106524672
productcatalogservice,productcatalogservice-6f8978567c-24c8g,1739379286,106180608
productcatalogservice,productcatalogservice-6f8978567c-24c8g,1739379586,106500096
productcatalogservice,productcatalogservice-6f8978567c-24c8g,1739379886,105889792
productcatalogservice,productcatalogservice-6f8978567c-24c8g,1739380186,106483712
productcatalogservice,productcatalogservice-6f8978567c-24c8g,1739380486,106164224
productcatalogservice,productcatalogservice-6f8978567c-24c8g,1739380786,107073536
productcatalogservice,productcatalogservice-6f8978567c-24c8g,1739381086,106786816
productcatalogservice,productcatalogservice-6f8978567c-24c8g,1739381386,106668032
productcatalogservice,productcatalogservice-6f8978567c-24c8g,1739381686,106749952
productcatalogservice,productcatalogservice-6f8978567c-24c8g,1739381986,106557440
productcatalogservice,productcatalogservice-6f8978567c-24c8g,1739382286,106115072
productcatalogservice,productcatalogservice-6f8978567c-24c8g,1739382586,106049536
productcatalogservice,productcatalogservice-6f8978567c-24c8g,1739382886,106688512
productcatalogservice,productcatalogservice-6f8978567c-24c8g,1739383186,106131456
productcatalogservice,productcatalogservice-6f8978567c-24c8g,1739383486,106143744
productcatalogservice,productcatalogservice-6f8978567c-24c8g,1739383786,105832448
productcatalogservice,productcatalogservice-6f8978567c-24c8g,1739384086,106221568
productcatalogservice,productcatalogservice-6f8978567c-24c8g,1739384386,106668032
productcatalogservice,productcatalogservice-6f8978567c-24c8g,1739384686,106188800
productcatalogservice,productcatalogservice-6f8978567c-24c8g,1739384986,106651648
productcatalogservice,productcatalogservice-6f8978567c-24c8g,1739385286,106168320
productcatalogservice,productcatalogservice-6f8978567c-24c8g,1739385586,106577920
productcatalogservice,productcatalogservice-6f8978567c-24c8g,1739385886,106147840
productcatalogservice,productcatalogservice-6f8978567c-24c8g,1739386186,106725376
productcatalogservice,productcatalogservice-6f8978567c-24c8g,1739386486,106561536
productcatalogservice,productcatalogservice-6f8978567c-24c8g,1739386786,106868736
productcatalogservice,productcatalogservice-6f8978567c-24c8g,1739387086,66482176
productcatalogservice,productcatalogservice-6f8978567c-24c8g,1739387386,66613248
productcatalogservice,productcatalogservice-6f8978567c-24c8g,1739387686,66973696
productcatalogservice,productcatalogservice-6f8978567c-24c8g,1739387986,69021696
productcatalogservice,productcatalogservice-6f8978567c-24c8g,1739388286,69124096
productcatalogservice,productcatalogservice-6f8978567c-24c8g,1739388586,69771264
productcatalogservice,productcatalogservice-6f8978567c-24c8g,1739388886,69447680
productcatalogservice,productcatalogservice-6f8978567c-24c8g,1739389186,69623808
productcatalogservice,productcatalogservice-6f8978567c-24c8g,1739389486,69869568
productcatalogservice,productcatalogservice-6f8978567c-24c8g,1739389786,70189056
productcatalogservice,productcatalogservice-6f8978567c-24c8g,1739390086,70623232
productcatalogservice,productcatalogservice-6f8978567c-24c8g,1739390386,72855552
productcatalogservice,productcatalogservice-6f8978567c-24c8g,1739390686,72634368
productcatalogservice,productcatalogservice-6f8978567c-24c8g,1739390986,72884224
productcatalogservice,productcatalogservice-6f8978567c-24c8g,1739391286,73052160
productcatalogservice,productcatalogservice-6f8978567c-24c8g,1739391586,73048064
productcatalogservice,productcatalogservice-6f8978567c-24c8g,1739391886,73052160
productcatalogservice,productcatalogservice-6f8978567c-24c8g,1739392186,73392128
productcatalogservice,productcatalogservice-6f8978567c-24c8g,1739392486,72876032
productcatalogservice,productcatalogservice-6f8978567c-24c8g,1739392786,75825152
productcatalogservice,productcatalogservice-6f8978567c-24c8g,1739393086,75960320
productcatalogservice,productcatalogservice-6f8978567c-24c8g,1739393386,75546624
productcatalogservice,productcatalogservice-6f8978567c-24c8g,1739393686,75620352
productcatalogservice,productcatalogservice-6f8978567c-24c8g,1739393986,76673024
productcatalogservice,productcatalogservice-6f8978567c-24c8g,1739394286,76615680
productcatalogservice,productcatalogservice-6f8978567c-24c8g,1739394586,75571200
productcatalogservice,productcatalogservice-6f8978567c-24c8g,1739394886,75722752
productcatalogservice,productcatalogservice-6f8978567c-24c8g,1739395186,75644928
productcatalogservice,productcatalogservice-6f8978567c-24c8g,1739395486,76214272
productcatalogservice,productcatalogservice-6f8978567c-24c8g,1739395786,76021760
productcatalogservice,productcatalogservice-6f8978567c-24c8g,1739396086,76046336
productcatalogservice,productcatalogservice-6f8978567c-24c8g,1739396386,76505088
productcatalogservice,productcatalogservice-6f8978567c-24c8g,1739396686,75833344
productcatalogservice,productcatalogservice-6f8978567c-24c8g,1739396986,76210176
productcatalogservice,productcatalogservice-6f8978567c-24c8g,1739397286,76324864
productcatalogservice,productcatalogservice-6f8978567c-24c8g,1739397586,76017664
productcatalogservice,productcatalogservice-6f8978567c-24c8g,1739397886,76124160
productcatalogservice,productcatalogservice-6f8978567c-24c8g,1739398186,76693504
productcatalogservice,productcatalogservice-6f8978567c-24c8g,1739398486,76382208
productcatalogservice,productcatalogservice-6f8978567c-24c8g,1739398786,75509760
productcatalogservice,productcatalogservice-6f8978567c-24c8g,1739399086,76193792
productcatalogservice,productcatalogservice-6f8978567c-24c8g,1739399386,76587008
productcatalogservice,productcatalogservice-6f8978567c-24c8g,1739399686,76668928
productcatalogservice,productcatalogservice-6f8978567c-24c8g,1739399986,76500992
productcatalogservice,productcatalogservice-6f8978567c-24c8g,1739400286,76500992
productcatalogservice,productcatalogservice-6f8978567c-24c8g,1739400586,76308480
productcatalogservice,productcatalogservice-6f8978567c-24c8g,1739400886,76959744
productcatalogservice,productcatalogservice-6f8978567c-24c8g,1739401186,76959744
productcatalogservice,productcatalogservice-6f8978567c-24c8g,1739401486,76828672
productcatalogservice,productcatalogservice-6f8978567c-24c8g,1739401786,77000704
productcatalogservice,productcatalogservice-6f8978567c-24c8g,1739402086,77021184
productcatalogservice,productcatalogservice-6f8978567c-24c8g,1739402386,77754368
productcatalogservice,productcatalogservice-6f8978567c-24c8g,1739402686,76562432
productcatalogservice,productcatalogservice-6f8978567c-24c8g,1739402986,77291520
productcatalogservice,productcatalogservice-6f8978567c-24c8g,1739403286,77017088
productcatalogservice,productcatalogservice-6f8978567c-24c8g,1739403586,76607488
productcatalogservice,productcatalogservice-6f8978567c-24c8g,1739403886,77062144
productcatalogservice,productcatalogservice-6f8978567c-24c8g,1739404186,76431360
productcatalogservice,productcatalogservice-6f8978567c-24c8g,1739404486,77590528
productcatalogservice,productcatalogservice-6f8978567c-24c8g,1739404786,76836864
productcatalogservice,productcatalogservice-6f8978567c-24c8g,1739405086,76734464
productcatalogservice,productcatalogservice-6f8978567c-24c8g,1739405386,76574720
productcatalogservice,productcatalogservice-6f8978567c-24c8g,1739405686,76812288
productcatalogservice,productcatalogservice-6f8978567c-24c8g,1739405986,76537856
productcatalogservice,productcatalogservice-6f8978567c-24c8g,1739406286,76742656
productcatalogservice,productcatalogservice-6f8978567c-24c8g,1739406586,76771328
productcatalogservice,productcatalogservice-6f8978567c-24c8g,1739406886,76722176
productcatalogservice,productcatalogservice-6f8978567c-24c8g,1739407186,77406208
productcatalogservice,productcatalogservice-6f8978567c-24c8g,1739407486,77602816
productcatalogservice,productcatalogservice-6f8978567c-24c8g,1739407786,76857344
productcatalogservice,productcatalogservice-6f8978567c-24c8g,1739408086,76808192
productcatalogservice,productcatalogservice-6f8978567c-24c8g,1739408386,77164544
productcatalogservice,productcatalogservice-6f8978567c-24c8g,1739408686,77111296
productcatalogservice,productcatalogservice-6f8978567c-24c8g,1739408986,77123584
productcatalogservice,productcatalogservice-6f8978567c-24c8g,1739409286,80072704
productcatalogservice,productcatalogservice-6f8978567c-24c8g,1739409586,78979072
productcatalogservice,productcatalogservice-6f8978567c-24c8g,1739409886,79056896
productcatalogservice,productcatalogservice-6f8978567c-24c8g,1739410186,79429632
productcatalogservice,productcatalogservice-6f8978567c-24c8g,1739410486,78950400
productcatalogservice,productcatalogservice-6f8978567c-24c8g,1739410786,78962688
productcatalogservice,productcatalogservice-6f8978567c-24c8g,1739411086,79245312
productcatalogservice,productcatalogservice-6f8978567c-24c8g,1739411386,79175680
productcatalogservice,productcatalogservice-6f8978567c-24c8g,1739411686,79364096
productcatalogservice,productcatalogservice-6f8978567c-24c8g,1739411986,79388672
productcatalogservice,productcatalogservice-6f8978567c-24c8g,1739412286,79405056
productcatalogservice,productcatalogservice-6f8978567c-24c8g,1739412586,79269888
productcatalogservice,productcatalogservice-6f8978567c-24c8g,1739412886,79921152
productcatalogservice,productcatalogservice-6f8978567c-24c8g,1739413186,78864384
productcatalogservice,productcatalogservice-6f8978567c-24c8g,1739413486,79421440
productcatalogservice,productcatalogservice-6f8978567c-24c8g,1739413786,79085568
productcatalogservice,productcatalogservice-6f8978567c-24c8g,1739414086,79011840
productcatalogservice,productcatalogservice-6f8978567c-24c8g,1739414386,79233024
productcatalogservice,productcatalogservice-6f8978567c-24c8g,1739414686,79286272
productcatalogservice,productcatalogservice-6f8978567c-24c8g,1739414986,79052800
productcatalogservice,productcatalogservice-6f8978567c-24c8g,1739415286,79302656
productcatalogservice,productcatalogservice-6f8978567c-24c8g,1739415586,79216640
productcatalogservice,productcatalogservice-6f8978567c-24c8g,1739415886,79761408
productcatalogservice,productcatalogservice-6f8978567c-24c8g,1739416186,79458304
productcatalogservice,productcatalogservice-6f8978567c-24c8g,1739416486,80072704
productcatalogservice,productcatalogservice-6f8978567c-24c8g,1739416786,79769600
productcatalogservice,productcatalogservice-6f8978567c-24c8g,1739417086,80064512
productcatalogservice,productcatalogservice-6f8978567c-24c8g,1739417386,79405056
productcatalogservice,productcatalogservice-6f8978567c-24c8g,1739417686,79962112
productcatalogservice,productcatalogservice-6f8978567c-24c8g,1739417986,79699968
productcatalogservice,productcatalogservice-6f8978567c-24c8g,1739418286,80015360
productcatalogservice,productcatalogservice-6f8978567c-24c8g,1739418586,82112512
productcatalogservice,productcatalogservice-6f8978567c-24c8g,1739418886,82169856
productcatalogservice,productcatalogservice-6f8978567c-24c8g,1739419186,81494016
productcatalogservice,productcatalogservice-6f8978567c-24c8g,1739419486,81473536
productcatalogservice,productcatalogservice-6f8978567c-24c8g,1739419786,82075648
productcatalogservice,productcatalogservice-6f8978567c-24c8g,1739420086,82018304
productcatalogservice,productcatalogservice-6f8978567c-24c8g,1739420386,81776640
productcatalogservice,productcatalogservice-6f8978567c-24c8g,1739420686,81387520
productcatalogservice,productcatalogservice-6f8978567c-24c8g,1739420986,81715200
productcatalogservice,productcatalogservice-6f8978567c-24c8g,1739421286,81854464
productcatalogservice,productcatalogservice-6f8978567c-24c8g,1739421586,82092032
productcatalogservice,productcatalogservice-6f8978567c-24c8g,1739421886,82145280
productcatalogservice,productcatalogservice-6f8978567c-24c8g,1739422186,82190336
productcatalogservice,productcatalogservice-6f8978567c-24c8g,1739422486,82079744
productcatalogservice,productcatalogservice-6f8978567c-24c8g,1739422786,81739776
productcatalogservice,productcatalogservice-6f8978567c-24c8g,1739423086,82341888
productcatalogservice,productcatalogservice-6f8978567c-24c8g,1739423386,82116608
productcatalogservice,productcatalogservice-6f8978567c-24c8g,1739423686,82231296
productcatalogservice,productcatalogservice-6f8978567c-24c8g,1739423986,82231296
productcatalogservice,productcatalogservice-6f8978567c-24c8g,1739424286,82554880
productcatalogservice,productcatalogservice-6f8978567c-24c8g,1739424586,82268160
productcatalogservice,productcatalogservice-6f8978567c-24c8g,1739424886,82001920
productcatalogservice,productcatalogservice-6f8978567c-24c8g,1739425186,81641472
productcatalogservice,productcatalogservice-6f8978567c-24c8g,1739425486,81879040
productcatalogservice,productcatalogservice-6f8978567c-24c8g,1739425786,81874944
productcatalogservice,productcatalogservice-6f8978567c-24c8g,1739426086,81907712
productcatalogservice,productcatalogservice-6f8978567c-24c8g,1739426386,82649088
productcatalogservice,productcatalogservice-6f8978567c-24c8g,1739426686,82087936
productcatalogservice,productcatalogservice-6f8978567c-24c8g,1739426986,82616320
productcatalogservice,productcatalogservice-6f8978567c-24c8g,1739427286,82124800
productcatalogservice,productcatalogservice-6f8978567c-24c8g,1739427586,82878464
productcatalogservice,productcatalogservice-6f8978567c-24c8g,1739427886,82235392
productcatalogservice,productcatalogservice-6f8978567c-24c8g,1739428186,82186240
productcatalogservice,productcatalogservice-6f8978567c-24c8g,1739428486,82239488
productcatalogservice,productcatalogservice-6f8978567c-24c8g,1739428786,82034688
productcatalogservice,productcatalogservice-6f8978567c-24c8g,1739429086,82358272
productcatalogservice,productcatalogservice-6f8978567c-24c8g,1739429386,82862080
productcatalogservice,productcatalogservice-6f8978567c-24c8g,1739429686,82837504
productcatalogservice,productcatalogservice-6f8978567c-24c8g,1739429986,82542592
productcatalogservice,productcatalogservice-6f8978567c-24c8g,1739430286,81563648
productcatalogservice,productcatalogservice-6f8978567c-24c8g,1739430586,82026496
productcatalogservice,productcatalogservice-6f8978567c-24c8g,1739430886,84119552
productcatalogservice,productcatalogservice-6f8978567c-24c8g,1739431186,84422656
productcatalogservice,productcatalogservice-6f8978567c-24c8g,1739431486,83775488
productcatalogservice,productcatalogservice-6f8978567c-24c8g,1739431786,84017152
productcatalogservice,productcatalogservice-6f8978567c-24c8g,1739432086,84725760
productcatalogservice,productcatalogservice-6f8978567c-24c8g,1739432386,83984384
productcatalogservice,productcatalogservice-6f8978567c-24c8g,1739432686,84205568
productcatalogservice,productcatalogservice-6f8978567c-24c8g,1739432986,83894272
productcatalogservice,productcatalogservice-6f8978567c-24c8g,1739433286,84578304
productcatalogservice,productcatalogservice-6f8978567c-24c8g,1739433586,84529152
productcatalogservice,productcatalogservice-6f8978567c-24c8g,1739433886,85090304
productcatalogservice,productcatalogservice-6f8978567c-24c8g,1739434186,84639744
productcatalogservice,productcatalogservice-6f8978567c-24c8g,1739434486,85078016
productcatalogservice,productcatalogservice-6f8978567c-24c8g,1739434786,84779008
productcatalogservice,productcatalogservice-6f8978567c-24c8g,1739435086,84262912
productcatalogservice,productcatalogservice-6f8978567c-24c8g,1739435386,84152320
productcatalogservice,productcatalogservice-6f8978567c-24c8g,1739435686,84090880
productcatalogservice,productcatalogservice-6f8978567c-24c8g,1739435986,84041728
productcatalogservice,productcatalogservice-6f8978567c-24c8g,1739436286,83804160
productcatalogservice,productcatalogservice-6f8978567c-24c8g,1739436586,84103168
productcatalogservice,productcatalogservice-6f8978567c-24c8g,1739436886,84381696
productcatalogservice,productcatalogservice-6f8978567c-24c8g,1739437186,84426752
productcatalogservice,productcatalogservice-6f8978567c-24c8g,1739437486,84230144
productcatalogservice,productcatalogservice-6f8978567c-24c8g,1739437786,84852736
productcatalogservice,productcatalogservice-6f8978567c-24c8g,1739438086,86216704
productcatalogservice,productcatalogservice-6f8978567c-24c8g,1739438386,87511040
productcatalogservice,productcatalogservice-6f8978567c-24c8g,1739438686,86261760
productcatalogservice,productcatalogservice-6f8978567c-24c8g,1739438986,86515712
productcatalogservice,productcatalogservice-6f8978567c-24c8g,1739439286,86339584
productcatalogservice,productcatalogservice-6f8978567c-24c8g,1739439586,86953984
productcatalogservice,productcatalogservice-6f8978567c-24c8g,1739439886,86478848
productcatalogservice,productcatalogservice-6f8978567c-24c8g,1739440186,86753280
productcatalogservice,productcatalogservice-6f8978567c-24c8g,1739440486,86466560
productcatalogservice,productcatalogservice-6f8978567c-24c8g,1739440786,87576576
productcatalogservice,productcatalogservice-6f8978567c-24c8g,1739441086,86749184
productcatalogservice,productcatalogservice-6f8978567c-24c8g,1739441386,86155264
productcatalogservice,productcatalogservice-6f8978567c-24c8g,1739441686,86212608
productcatalogservice,productcatalogservice-6f8978567c-24c8g,1739441986,86339584
productcatalogservice,productcatalogservice-6f8978567c-24c8g,1739442286,86417408
productcatalogservice,productcatalogservice-6f8978567c-24c8g,1739442586,86577152
productcatalogservice,productcatalogservice-6f8978567c-24c8g,1739442886,86749184
productcatalogservice,productcatalogservice-6f8978567c-24c8g,1739443186,86487040
productcatalogservice,productcatalogservice-6f8978567c-24c8g,1739443486,86622208
productcatalogservice,productcatalogservice-6f8978567c-24c8g,1739443786,87166976
productcatalogservice,productcatalogservice-6f8978567c-24c8g,1739444086,87035904
productcatalogservice,productcatalogservice-6f8978567c-24c8g,1739444386,86814720
productcatalogservice,productcatalogservice-6f8978567c-24c8g,1739444686,86671360
productcatalogservice,productcatalogservice-6f8978567c-24c8g,1739444986,87101440
productcatalogservice,productcatalogservice-6f8978567c-24c8g,1739445286,87027712
productcatalogservice,productcatalogservice-6f8978567c-24c8g,1739445586,86814720
productcatalogservice,productcatalogservice-6f8978567c-24c8g,1739445886,86343680
productcatalogservice,productcatalogservice-6f8978567c-24c8g,1739446186,87076864
productcatalogservice,productcatalogservice-6f8978567c-24c8g,1739446486,86835200
productcatalogservice,productcatalogservice-6f8978567c-24c8g,1739446786,86749184
productcatalogservice,productcatalogservice-6f8978567c-24c8g,1739447086,86937600
productcatalogservice,productcatalogservice-6f8978567c-24c8g,1739447386,86179840
productcatalogservice,productcatalogservice-6f8978567c-24c8g,1739447686,86859776
productcatalogservice,productcatalogservice-6f8978567c-24c8g,1739447986,86646784
productcatalogservice,productcatalogservice-6f8978567c-24c8g,1739448286,86683648
productcatalogservice,productcatalogservice-6f8978567c-24c8g,1739448586,86544384
productcatalogservice,productcatalogservice-6f8978567c-24c8g,1739448886,86282240
productcatalogservice,productcatalogservice-6f8978567c-24c8g,1739449186,86806528
productcatalogservice,productcatalogservice-6f8978567c-24c8g,1739449486,86405120
productcatalogservice,productcatalogservice-6f8978567c-24c8g,1739449786,86507520
productcatalogservice,productcatalogservice-6f8978567c-24c8g,1739450086,86650880
productcatalogservice,productcatalogservice-6f8978567c-24c8g,1739450386,86482944
productcatalogservice,productcatalogservice-6f8978567c-24c8g,1739450686,87855104
productcatalogservice,productcatalogservice-6f8978567c-24c8g,1739450986,86552576
productcatalogservice,productcatalogservice-6f8978567c-24c8g,1739451286,87076864
productcatalogservice,productcatalogservice-6f8978567c-24c8g,1739451586,87310336
productcatalogservice,productcatalogservice-6f8978567c-24c8g,1739451886,87191552
productcatalogservice,productcatalogservice-6f8978567c-24c8g,1739452186,87633920
productcatalogservice,productcatalogservice-6f8978567c-24c8g,1739452486,86183936
productcatalogservice,productcatalogservice-6f8978567c-24c8g,1739452786,86798336
productcatalogservice,productcatalogservice-6f8978567c-24c8g,1739453086,86675456
productcatalogservice,productcatalogservice-6f8978567c-24c8g,1739453386,86843392
productcatalogservice,productcatalogservice-6f8978567c-24c8g,1739453686,86306816
productcatalogservice,productcatalogservice-6f8978567c-24c8g,1739453986,86339584
productcatalogservice,productcatalogservice-6f8978567c-24c8g,1739454286,86536192
productcatalogservice,productcatalogservice-6f8978567c-24c8g,1739454586,86319104
productcatalogservice,productcatalogservice-6f8978567c-24c8g,1739454886,87044096
productcatalogservice,productcatalogservice-6f8978567c-24c8g,1739455186,86704128
productcatalogservice,productcatalogservice-6f8978567c-24c8g,1739455486,87158784
productcatalogservice,productcatalogservice-6f8978567c-24c8g,1739455786,86974464
productcatalogservice,productcatalogservice-6f8978567c-24c8g,1739456086,86409216
productcatalogservice,productcatalogservice-6f8978567c-24c8g,1739456386,86638592
productcatalogservice,productcatalogservice-6f8978567c-24c8g,1739456686,86458368
productcatalogservice,productcatalogservice-6f8978567c-24c8g,1739456986,87597056
productcatalogservice,productcatalogservice-6f8978567c-24c8g,1739457286,87117824
productcatalogservice,productcatalogservice-6f8978567c-24c8g,1739457586,87531520
productcatalogservice,productcatalogservice-6f8978567c-24c8g,1739457886,87044096
productcatalogservice,productcatalogservice-6f8978567c-24c8g,1739458186,87302144
productcatalogservice,productcatalogservice-6f8978567c-24c8g,1739458486,87298048
productcatalogservice,productcatalogservice-6f8978567c-24c8g,1739458786,87035904
productcatalogservice,productcatalogservice-6f8978567c-24c8g,1739459086,86310912
productcatalogservice,productcatalogservice-6f8978567c-24c8g,1739459386,86269952
productcatalogservice,productcatalogservice-6f8978567c-24c8g,1739459686,86073344
productcatalogservice,productcatalogservice-6f8978567c-24c8g,1739459986,86405120
productcatalogservice,productcatalogservice-6f8978567c-24c8g,1739460286,86519808
productcatalogservice,productcatalogservice-6f8978567c-24c8g,1739460586,86786048
productcatalogservice,productcatalogservice-6f8978567c-24c8g,1739460886,86446080
productcatalogservice,productcatalogservice-6f8978567c-24c8g,1739461186,87023616
productcatalogservice,productcatalogservice-6f8978567c-24c8g,1739461486,86839296
productcatalogservice,productcatalogservice-6f8978567c-24c8g,1739461786,87228416
productcatalogservice,productcatalogservice-6f8978567c-24c8g,1739462086,86953984
productcatalogservice,productcatalogservice-6f8978567c-24c8g,1739462386,86638592
productcatalogservice,productcatalogservice-6f8978567c-24c8g,1739462686,87392256
productcatalogservice,productcatalogservice-6f8978567c-24c8g,1739462986,86921216
productcatalogservice,productcatalogservice-6f8978567c-24c8g,1739463286,86396928
productcatalogservice,productcatalogservice-6f8978567c-24c8g,1739463586,87199744
productcatalogservice,productcatalogservice-6f8978567c-24c8g,1739463886,86970368
productcatalogservice,productcatalogservice-6f8978567c-24c8g,1739464186,87392256
productcatalogservice,productcatalogservice-6f8978567c-24c8g,1739464486,86659072
productcatalogservice,productcatalogservice-6f8978567c-24c8g,1739464786,86818816
productcatalogservice,productcatalogservice-6f8978567c-24c8g,1739465086,86585344
productcatalogservice,productcatalogservice-6f8978567c-24c8g,1739465386,86380544
productcatalogservice,productcatalogservice-6f8978567c-24c8g,1739465686,86376448
productcatalogservice,productcatalogservice-6f8978567c-24c8g,1739465986,86806528
productcatalogservice,productcatalogservice-6f8978567c-24c8g,1739466286,86806528
productcatalogservice,productcatalogservice-6f8978567c-24c8g,1739466586,86618112
productcatalogservice,productcatalogservice-6f8978567c-24c8g,1739466886,86827008
productcatalogservice,productcatalogservice-6f8978567c-24c8g,1739467186,86994944
productcatalogservice,productcatalogservice-6f8978567c-24c8g,1739467486,87298048
productcatalogservice,productcatalogservice-6f8978567c-24c8g,1739467786,87023616
productcatalogservice,productcatalogservice-6f8978567c-24c8g,1739468086,87195648
productcatalogservice,productcatalogservice-6f8978567c-24c8g,1739468386,87658496
productcatalogservice,productcatalogservice-6f8978567c-24c8g,1739468686,86933504
productcatalogservice,productcatalogservice-6f8978567c-24c8g,1739468986,87171072
productcatalogservice,productcatalogservice-6f8978567c-24c8g,1739469286,86773760
productcatalogservice,productcatalogservice-6f8978567c-24c8g,1739469586,86765568
productcatalogservice,productcatalogservice-6f8978567c-24c8g,1739469886,87355392
productcatalogservice,productcatalogservice-6f8978567c-24c8g,1739470186,87785472
productcatalogservice,productcatalogservice-6f8978567c-24c8g,1739470486,87220224
productcatalogservice,productcatalogservice-6f8978567c-24c8g,1739470786,87117824
productcatalogservice,productcatalogservice-6f8978567c-24c8g,1739471086,86732800
productcatalogservice,productcatalogservice-6f8978567c-24c8g,1739471386,86511616
productcatalogservice,productcatalogservice-6f8978567c-24c8g,1739471686,86622208
productcatalogservice,productcatalogservice-6f8978567c-24c8g,1739471986,86835200
productcatalogservice,productcatalogservice-6f8978567c-24c8g,1739472286,88788992
productcatalogservice,productcatalogservice-6f8978567c-24c8g,1739472586,88756224
productcatalogservice,productcatalogservice-6f8978567c-24c8g,1739472886,89395200
productcatalogservice,productcatalogservice-6f8978567c-24c8g,1739473186,88797184
productcatalogservice,productcatalogservice-6f8978567c-24c8g,1739473486,90791936
productcatalogservice,productcatalogservice-6f8978567c-24c8g,1739473786,89677824
productcatalogservice,productcatalogservice-6f8978567c-24c8g,1739474086,89763840
productcatalogservice,productcatalogservice-6f8978567c-24c8g,1739474386,89284608
productcatalogservice,productcatalogservice-6f8978567c-24c8g,1739474686,89571328
productcatalogservice,productcatalogservice-6f8978567c-24c8g,1739474986,89010176
productcatalogservice,productcatalogservice-6f8978567c-24c8g,1739475286,89554944
productcatalogservice,productcatalogservice-6f8978567c-24c8g,1739475586,89649152
productcatalogservice,productcatalogservice-6f8978567c-24c8g,1739475886,88797184
productcatalogservice,productcatalogservice-6f8978567c-24c8g,1739476186,89194496
productcatalogservice,productcatalogservice-6f8978567c-24c8g,1739476486,89239552
productcatalogservice,productcatalogservice-6f8978567c-24c8g,1739476786,89088000
productcatalogservice,productcatalogservice-6f8978567c-24c8g,1739477086,88981504
productcatalogservice,productcatalogservice-6f8978567c-24c8g,1739477386,89133056
productcatalogservice,productcatalogservice-6f8978567c-24c8g,1739477686,88772608
productcatalogservice,productcatalogservice-6f8978567c-24c8g,1739477986,88363008
productcatalogservice,productcatalogservice-6f8978567c-24c8g,1739478286,89100288
productcatalogservice,productcatalogservice-6f8978567c-24c8g,1739478586,88928256
productcatalogservice,productcatalogservice-6f8978567c-24c8g,1739478886,88870912
productcatalogservice,productcatalogservice-6f8978567c-24c8g,1739479186,89468928
productcatalogservice,productcatalogservice-6f8978567c-24c8g,1739479486,89133056
productcatalogservice,productcatalogservice-6f8978567c-24c8g,1739479786,88997888
productcatalogservice,productcatalogservice-6f8978567c-24c8g,1739480086,89001984
productcatalogservice,productcatalogservice-6f8978567c-24c8g,1739480386,88657920
productcatalogservice,productcatalogservice-6f8978567c-24c8g,1739480686,88637440
productcatalogservice,productcatalogservice-6f8978567c-24c8g,1739480986,89182208
productcatalogservice,productcatalogservice-6f8978567c-24c8g,1739481286,88596480
productcatalogservice,productcatalogservice-6f8978567c-24c8g,1739481586,89198592
productcatalogservice,productcatalogservice-6f8978567c-24c8g,1739481886,89083904
productcatalogservice,productcatalogservice-6f8978567c-24c8g,1739482186,89722880
productcatalogservice,productcatalogservice-6f8978567c-24c8g,1739482486,88670208
productcatalogservice,productcatalogservice-6f8978567c-24c8g,1739482786,89567232
productcatalogservice,productcatalogservice-6f8978567c-24c8g,1739483086,89128960
productcatalogservice,productcatalogservice-6f8978567c-24c8g,1739483386,88829952
productcatalogservice,productcatalogservice-6f8978567c-24c8g,1739483686,89182208
productcatalogservice,productcatalogservice-6f8978567c-24c8g,1739483986,88580096
productcatalogservice,productcatalogservice-6f8978567c-24c8g,1739484286,88416256
productcatalogservice,productcatalogservice-6f8978567c-24c8g,1739484586,88698880
productcatalogservice,productcatalogservice-6f8978567c-24c8g,1739484886,89120768
productcatalogservice,productcatalogservice-6f8978567c-24c8g,1739485186,89067520
productcatalogservice,productcatalogservice-6f8978567c-24c8g,1739485486,89120768
productcatalogservice,productcatalogservice-6f8978567c-24c8g,1739485786,89034752
productcatalogservice,productcatalogservice-6f8978567c-24c8g,1739486086,89620480
productcatalogservice,productcatalogservice-6f8978567c-24c8g,1739486386,89722880
productcatalogservice,productcatalogservice-6f8978567c-24c8g,1739486686,89305088
productcatalogservice,productcatalogservice-6f8978567c-24c8g,1739486986,89116672
productcatalogservice,productcatalogservice-6f8978567c-24c8g,1739487286,88797184
productcatalogservice,productcatalogservice-6f8978567c-24c8g,1739487586,89157632
productcatalogservice,productcatalogservice-6f8978567c-24c8g,1739487886,89325568
productcatalogservice,productcatalogservice-6f8978567c-24c8g,1739488186,89317376
productcatalogservice,productcatalogservice-6f8978567c-24c8g,1739488486,89718784
productcatalogservice,productcatalogservice-6f8978567c-24c8g,1739488786,89325568
productcatalogservice,productcatalogservice-6f8978567c-24c8g,1739489086,89337856
productcatalogservice,productcatalogservice-6f8978567c-24c8g,1739489386,89587712
productcatalogservice,productcatalogservice-6f8978567c-24c8g,1739489686,89444352
productcatalogservice,productcatalogservice-6f8978567c-24c8g,1739489986,89423872
productcatalogservice,productcatalogservice-6f8978567c-24c8g,1739490286,89042944
productcatalogservice,productcatalogservice-6f8978567c-24c8g,1739490586,89640960
productcatalogservice,productcatalogservice-6f8978567c-24c8g,1739490886,89133056
productcatalogservice,productcatalogservice-6f8978567c-24c8g,1739491186,88862720
productcatalogservice,productcatalogservice-6f8978567c-24c8g,1739491486,88940544
productcatalogservice,productcatalogservice-6f8978567c-24c8g,1739491786,88842240
productcatalogservice,productcatalogservice-6f8978567c-24c8g,1739492086,89288704
productcatalogservice,productcatalogservice-6f8978567c-24c8g,1739492386,89104384
productcatalogservice,productcatalogservice-6f8978567c-24c8g,1739492686,89051136
productcatalogservice,productcatalogservice-6f8978567c-24c8g,1739492986,89210880
productcatalogservice,productcatalogservice-6f8978567c-24c8g,1739493286,89182208
productcatalogservice,productcatalogservice-6f8978567c-24c8g,1739493586,88854528
productcatalogservice,productcatalogservice-6f8978567c-24c8g,1739493886,88633344
productcatalogservice,productcatalogservice-6f8978567c-24c8g,1739494186,89059328
productcatalogservice,productcatalogservice-6f8978567c-24c8g,1739494486,88940544
productcatalogservice,productcatalogservice-6f8978567c-24c8g,1739494786,89407488
productcatalogservice,productcatalogservice-6f8978567c-24c8g,1739495086,89260032
productcatalogservice,productcatalogservice-6f8978567c-24c8g,1739495386,88997888
productcatalogservice,productcatalogservice-6f8978567c-24c8g,1739495686,90099712
productcatalogservice,productcatalogservice-6f8978567c-24c8g,1739495986,90488832
productcatalogservice,productcatalogservice-6f8978567c-24c8g,1739496286,88862720
productcatalogservice,productcatalogservice-6f8978567c-24c8g,1739496586,89526272
productcatalogservice,productcatalogservice-6f8978567c-24c8g,1739496886,89559040
productcatalogservice,productcatalogservice-6f8978567c-24c8g,1739497186,88973312
productcatalogservice,productcatalogservice-6f8978567c-24c8g,1739497486,89014272
productcatalogservice,productcatalogservice-6f8978567c-24c8g,1739497786,89108480
productcatalogservice,productcatalogservice-6f8978567c-24c8g,1739498086,88973312
productcatalogservice,productcatalogservice-6f8978567c-24c8g,1739498386,88924160
productcatalogservice,productcatalogservice-6f8978567c-24c8g,1739498686,89047040
productcatalogservice,productcatalogservice-6f8978567c-24c8g,1739498986,89128960
productcatalogservice,productcatalogservice-6f8978567c-24c8g,1739499286,89030656
productcatalogservice,productcatalogservice-6f8978567c-24c8g,1739499586,89395200
productcatalogservice,productcatalogservice-6f8978567c-24c8g,1739499886,89456640
productcatalogservice,productcatalogservice-6f8978567c-24c8g,1739500186,89128960
productcatalogservice,productcatalogservice-6f8978567c-24c8g,1739500486,88956928
productcatalogservice,productcatalogservice-6f8978567c-24c8g,1739500786,89018368
productcatalogservice,productcatalogservice-6f8978567c-24c8g,1739501086,89047040
productcatalogservice,productcatalogservice-6f8978567c-24c8g,1739501386,89120768
productcatalogservice,productcatalogservice-6f8978567c-24c8g,1739501686,89358336
productcatalogservice,productcatalogservice-6f8978567c-24c8g,1739501986,89346048
productcatalogservice,productcatalogservice-6f8978567c-24c8g,1739502286,89407488
productcatalogservice,productcatalogservice-6f8978567c-24c8g,1739502586,89497600
productcatalogservice,productcatalogservice-6f8978567c-24c8g,1739502886,89866240
productcatalogservice,productcatalogservice-6f8978567c-24c8g,1739503186,89616384
productcatalogservice,productcatalogservice-6f8978567c-24c8g,1739503486,89403392
productcatalogservice,productcatalogservice-6f8978567c-24c8g,1739503786,88707072
productcatalogservice,productcatalogservice-6f8978567c-24c8g,1739504086,88760320
productcatalogservice,productcatalogservice-6f8978567c-24c8g,1739504386,89186304
productcatalogservice,productcatalogservice-6f8978567c-24c8g,1739504686,88719360
productcatalogservice,productcatalogservice-6f8978567c-24c8g,1739504986,88719360
productcatalogservice,productcatalogservice-6f8978567c-24c8g,1739505286,89358336
productcatalogservice,productcatalogservice-6f8978567c-24c8g,1739505586,89632768
productcatalogservice,productcatalogservice-6f8978567c-24c8g,1739505886,89473024
productcatalogservice,productcatalogservice-6f8978567c-24c8g,1739506186,89214976
productcatalogservice,productcatalogservice-6f8978567c-24c8g,1739506486,89563136
productcatalogservice,productcatalogservice-6f8978567c-24c8g,1739506786,89391104
productcatalogservice,productcatalogservice-6f8978567c-24c8g,1739507086,89083904
productcatalogservice,productcatalogservice-6f8978567c-24c8g,1739507386,89133056
productcatalogservice,productcatalogservice-6f8978567c-24c8g,1739507686,89010176
productcatalogservice,productcatalogservice-6f8978567c-24c8g,1739507986,89227264
productcatalogservice,productcatalogservice-6f8978567c-24c8g,1739508286,89403392
productcatalogservice,productcatalogservice-6f8978567c-24c8g,1739508586,90550272
productcatalogservice,productcatalogservice-6f8978567c-24c8g,1739508886,90763264
productcatalogservice,productcatalogservice-6f8978567c-24c8g,1739509186,90574848
productcatalogservice,productcatalogservice-6f8978567c-24c8g,1739509486,90603520
productcatalogservice,productcatalogservice-6f8978567c-24c8g,1739509786,89776128
productcatalogservice,productcatalogservice-6f8978567c-24c8g,1739510086,89804800
productcatalogservice,productcatalogservice-6f8978567c-24c8g,1739510386,90497024
productcatalogservice,productcatalogservice-6f8978567c-24c8g,1739510686,89845760
productcatalogservice,productcatalogservice-6f8978567c-24c8g,1739510986,90177536
productcatalogservice,productcatalogservice-6f8978567c-24c8g,1739511286,90939392
productcatalogservice,productcatalogservice-6f8978567c-24c8g,1739511586,89763840
productcatalogservice,productcatalogservice-6f8978567c-24c8g,1739511886,90738688
productcatalogservice,productcatalogservice-6f8978567c-24c8g,1739512186,90984448
productcatalogservice,productcatalogservice-6f8978567c-24c8g,1739512486,90611712
productcatalogservice,productcatalogservice-6f8978567c-24c8g,1739512786,90255360
productcatalogservice,productcatalogservice-6f8978567c-24c8g,1739513086,90927104
productcatalogservice,productcatalogservice-6f8978567c-24c8g,1739513386,90988544
productcatalogservice,productcatalogservice-6f8978567c-24c8g,1739513686,90656768
productcatalogservice,productcatalogservice-6f8978567c-24c8g,1739513986,90632192
productcatalogservice,productcatalogservice-6f8978567c-24c8g,1739514286,90603520
productcatalogservice,productcatalogservice-6f8978567c-24c8g,1739514586,90828800
productcatalogservice,productcatalogservice-6f8978567c-24c8g,1739514886,91312128
productcatalogservice,productcatalogservice-6f8978567c-24c8g,1739515186,90513408
productcatalogservice,productcatalogservice-6f8978567c-24c8g,1739515486,90628096
productcatalogservice,productcatalogservice-6f8978567c-24c8g,1739515786,93114368
productcatalogservice,productcatalogservice-6f8978567c-24c8g,1739516086,93605888
productcatalogservice,productcatalogservice-6f8978567c-24c8g,1739516386,93585408
productcatalogservice,productcatalogservice-6f8978567c-24c8g,1739516686,94048256
productcatalogservice,productcatalogservice-6f8978567c-24c8g,1739516986,93024256
productcatalogservice,productcatalogservice-6f8978567c-24c8g,1739517286,93564928
productcatalogservice,productcatalogservice-6f8978567c-24c8g,1739517586,92540928
productcatalogservice,productcatalogservice-6f8978567c-24c8g,1739517886,92889088
productcatalogservice,productcatalogservice-6f8978567c-24c8g,1739518186,92684288
productcatalogservice,productcatalogservice-6f8978567c-24c8g,1739518486,92581888
productcatalogservice,productcatalogservice-6f8978567c-24c8g,1739518786,92041216
productcatalogservice,productcatalogservice-6f8978567c-24c8g,1739519086,92688384
productcatalogservice,productcatalogservice-6f8978567c-24c8g,1739519386,92704768
productcatalogservice,productcatalogservice-6f8978567c-24c8g,1739519686,94416896
productcatalogservice,productcatalogservice-6f8978567c-24c8g,1739519986,94195712
productcatalogservice,productcatalogservice-6f8978567c-24c8g,1739520286,94355456
productcatalogservice,productcatalogservice-6f8978567c-24c8g,1739520586,93839360
productcatalogservice,productcatalogservice-6f8978567c-24c8g,1739520886,94253056
productcatalogservice,productcatalogservice-6f8978567c-24c8g,1739521186,95014912
productcatalogservice,productcatalogservice-6f8978567c-24c8g,1739521486,94486528
productcatalogservice,productcatalogservice-6f8978567c-24c8g,1739521786,93884416
productcatalogservice,productcatalogservice-6f8978567c-24c8g,1739522086,93831168
productcatalogservice,productcatalogservice-6f8978567c-24c8g,1739522386,94134272
productcatalogservice,productcatalogservice-6f8978567c-24c8g,1739522686,94343168
productcatalogservice,productcatalogservice-6f8978567c-24c8g,1739522986,94523392
productcatalogservice,productcatalogservice-6f8978567c-24c8g,1739523286,94445568
productcatalogservice,productcatalogservice-6f8978567c-24c8g,1739523586,94273536
productcatalogservice,productcatalogservice-6f8978567c-24c8g,1739523886,94842880
productcatalogservice,productcatalogservice-6f8978567c-24c8g,1739524186,93753344
productcatalogservice,productcatalogservice-6f8978567c-24c8g,1739524486,94216192
productcatalogservice,productcatalogservice-6f8978567c-24c8g,1739524786,95117312
productcatalogservice,productcatalogservice-6f8978567c-24c8g,1739525086,95047680
productcatalogservice,productcatalogservice-6f8978567c-24c8g,1739525386,95170560
productcatalogservice,productcatalogservice-6f8978567c-24c8g,1739525686,94687232
productcatalogservice,productcatalogservice-6f8978567c-24c8g,1739525986,94789632
productcatalogservice,productcatalogservice-6f8978567c-24c8g,1739526286,94523392
productcatalogservice,productcatalogservice-6f8978567c-24c8g,1739526586,94760960
productcatalogservice,productcatalogservice-6f8978567c-24c8g,1739526886,95195136
productcatalogservice,productcatalogservice-6f8978567c-24c8g,1739527186,95170560
productcatalogservice,productcatalogservice-6f8978567c-24c8g,1739527486,95023104
productcatalogservice,productcatalogservice-6f8978567c-24c8g,1739527786,94797824
productcatalogservice,productcatalogservice-6f8978567c-24c8g,1739528086,95068160
productcatalogservice,productcatalogservice-6f8978567c-24c8g,1739528386,95232000
productcatalogservice,productcatalogservice-6f8978567c-24c8g,1739528686,95879168
productcatalogservice,productcatalogservice-6f8978567c-24c8g,1739528986,95158272
productcatalogservice,productcatalogservice-6f8978567c-24c8g,1739529286,94965760
productcatalogservice,productcatalogservice-6f8978567c-24c8g,1739529586,95629312
productcatalogservice,productcatalogservice-6f8978567c-24c8g,1739529886,94945280
productcatalogservice,productcatalogservice-6f8978567c-24c8g,1739530186,95657984
productcatalogservice,productcatalogservice-6f8978567c-24c8g,1739530486,95244288
productcatalogservice,productcatalogservice-6f8978567c-24c8g,1739530786,95473664
productcatalogservice,productcatalogservice-6f8978567c-24c8g,1739531086,94388224
productcatalogservice,productcatalogservice-6f8978567c-24c8g,1739531386,94490624
productcatalogservice,productcatalogservice-6f8978567c-24c8g,1739531686,94486528
productcatalogservice,productcatalogservice-6f8978567c-24c8g,1739531986,95203328
productcatalogservice,productcatalogservice-6f8978567c-24c8g,1739532286,94347264
productcatalogservice,productcatalogservice-6f8978567c-24c8g,1739532586,94777344
productcatalogservice,productcatalogservice-6f8978567c-24c8g,1739532886,94650368
productcatalogservice,productcatalogservice-6f8978567c-24c8g,1739533186,94924800
productcatalogservice,productcatalogservice-6f8978567c-24c8g,1739533486,94728192
productcatalogservice,productcatalogservice-6f8978567c-24c8g,1739533786,95932416
productcatalogservice,productcatalogservice-6f8978567c-24c8g,1739534086,95277056
productcatalogservice,productcatalogservice-6f8978567c-24c8g,1739534386,94806016
productcatalogservice,productcatalogservice-6f8978567c-24c8g,1739534686,95019008
productcatalogservice,productcatalogservice-6f8978567c-24c8g,1739534986,94994432
productcatalogservice,productcatalogservice-6f8978567c-24c8g,1739535286,95043584
productcatalogservice,productcatalogservice-6f8978567c-24c8g,1739535586,95363072
productcatalogservice,productcatalogservice-6f8978567c-24c8g,1739535886,95350784
productcatalogservice,productcatalogservice-6f8978567c-24c8g,1739536186,94752768
productcatalogservice,productcatalogservice-6f8978567c-24c8g,1739536486,94801920
productcatalogservice,productcatalogservice-6f8978567c-24c8g,1739536786,95166464
productcatalogservice,productcatalogservice-6f8978567c-24c8g,1739537086,95264768
productcatalogservice,productcatalogservice-6f8978567c-24c8g,1739537386,88993792
productcatalogservice,productcatalogservice-6f8978567c-24c8g,1739537686,88879104
productcatalogservice,productcatalogservice-6f8978567c-24c8g,1739537986,91959296
productcatalogservice,productcatalogservice-6f8978567c-24c8g,1739538286,93323264
productcatalogservice,productcatalogservice-6f8978567c-24c8g,1739538586,93360128
productcatalogservice,productcatalogservice-6f8978567c-24c8g,1739538886,93175808
productcatalogservice,productcatalogservice-6f8978567c-24c8g,1739539186,93196288
productcatalogservice,productcatalogservice-6f8978567c-24c8g,1739539486,93782016
productcatalogservice,productcatalogservice-6f8978567c-24c8g,1739539786,93335552
productcatalogservice,productcatalogservice-6f8978567c-24c8g,1739540086,93175808
productcatalogservice,productcatalogservice-6f8978567c-24c8g,1739540386,93253632
productcatalogservice,productcatalogservice-6f8978567c-24c8g,1739540686,93986816
productcatalogservice,productcatalogservice-6f8978567c-24c8g,1739540986,94384128
productcatalogservice,productcatalogservice-6f8978567c-24c8g,1739541286,93720576
productcatalogservice,productcatalogservice-6f8978567c-24c8g,1739541586,94019584
productcatalogservice,productcatalogservice-6f8978567c-24c8g,1739541886,93384704
productcatalogservice,productcatalogservice-6f8978567c-24c8g,1739542186,93589504
productcatalogservice,productcatalogservice-6f8978567c-24c8g,1739542486,93851648
productcatalogservice,productcatalogservice-6f8978567c-24c8g,1739542786,94564352
productcatalogservice,productcatalogservice-6f8978567c-24c8g,1739543086,94650368
productcatalogservice,productcatalogservice-6f8978567c-24c8g,1739543386,94339072
productcatalogservice,productcatalogservice-6f8978567c-24c8g,1739543686,93921280
productcatalogservice,productcatalogservice-6f8978567c-24c8g,1739543986,94175232
productcatalogservice,productcatalogservice-6f8978567c-24c8g,1739544286,95088640
productcatalogservice,productcatalogservice-6f8978567c-24c8g,1739544586,94945280
productcatalogservice,productcatalogservice-6f8978567c-24c8g,1739544886,93761536
productcatalogservice,productcatalogservice-6f8978567c-24c8g,1739545186,93372416
productcatalogservice,productcatalogservice-6f8978567c-24c8g,1739545486,94629888
productcatalogservice,productcatalogservice-6f8978567c-24c8g,1739545786,94035968
productcatalogservice,productcatalogservice-6f8978567c-24c8g,1739546086,93868032
productcatalogservice,productcatalogservice-6f8978567c-24c8g,1739546386,94117888
productcatalogservice,productcatalogservice-6f8978567c-24c8g,1739546686,94498816
productcatalogservice,productcatalogservice-6f8978567c-24c8g,1739546986,93343744
productcatalogservice,productcatalogservice-6f8978567c-24c8g,1739547286,94076928
productcatalogservice,productcatalogservice-6f8978567c-24c8g,1739547586,94490624
productcatalogservice,productcatalogservice-6f8978567c-24c8g,1739547886,93716480
productcatalogservice,productcatalogservice-6f8978567c-24c8g,1739548186,94289920
productcatalogservice,productcatalogservice-6f8978567c-24c8g,1739548486,94752768
productcatalogservice,productcatalogservice-6f8978567c-24c8g,1739548786,94363648
productcatalogservice,productcatalogservice-6f8978567c-24c8g,1739549086,94199808
productcatalogservice,productcatalogservice-6f8978567c-24c8g,1739549386,94339072
productcatalogservice,productcatalogservice-6f8978567c-24c8g,1739549686,94322688
productcatalogservice,productcatalogservice-6f8978567c-24c8g,1739549986,94175232
productcatalogservice,productcatalogservice-6f8978567c-24c8g,1739550286,94801920
productcatalogservice,productcatalogservice-6f8978567c-24c8g,1739550586,94273536
productcatalogservice,productcatalogservice-6f8978567c-24c8g,1739550886,95125504
productcatalogservice,productcatalogservice-6f8978567c-24c8g,1739551186,94244864
productcatalogservice,productcatalogservice-6f8978567c-24c8g,1739551486,94887936
productcatalogservice,productcatalogservice-6f8978567c-24c8g,1739551786,94523392
productcatalogservice,productcatalogservice-6f8978567c-24c8g,1739552086,93995008
productcatalogservice,productcatalogservice-6f8978567c-24c8g,1739552386,94457856
productcatalogservice,productcatalogservice-6f8978567c-24c8g,1739552686,94568448
productcatalogservice,productcatalogservice-6f8978567c-24c8g,1739552986,94330880
productcatalogservice,productcatalogservice-6f8978567c-24c8g,1739553286,94400512
productcatalogservice,productcatalogservice-6f8978567c-24c8g,1739553586,93982720
productcatalogservice,productcatalogservice-6f8978567c-24c8g,1739553886,94183424
productcatalogservice,productcatalogservice-6f8978567c-24c8g,1739554186,94777344
productcatalogservice,productcatalogservice-6f8978567c-24c8g,1739554486,94683136
productcatalogservice,productcatalogservice-6f8978567c-24c8g,1739554786,95346688
productcatalogservice,productcatalogservice-6f8978567c-24c8g,1739555086,94810112
productcatalogservice,productcatalogservice-6f8978567c-24c8g,1739555386,94760960
productcatalogservice,productcatalogservice-6f8978567c-24c8g,1739555686,94531584
productcatalogservice,productcatalogservice-6f8978567c-24c8g,1739555986,94744576
productcatalogservice,productcatalogservice-6f8978567c-24c8g,1739556286,94068736
productcatalogservice,productcatalogservice-6f8978567c-24c8g,1739556586,94310400
productcatalogservice,productcatalogservice-6f8978567c-24c8g,1739556886,95170560
productcatalogservice,productcatalogservice-6f8978567c-24c8g,1739557186,94392320
productcatalogservice,productcatalogservice-6f8978567c-24c8g,1739557486,95981568
productcatalogservice,productcatalogservice-6f8978567c-24c8g,1739557786,94511104
productcatalogservice,productcatalogservice-6f8978567c-24c8g,1739558086,95363072
productcatalogservice,productcatalogservice-6f8978567c-24c8g,1739558386,94699520
productcatalogservice,productcatalogservice-6f8978567c-24c8g,1739558686,94924800
productcatalogservice,productcatalogservice-6f8978567c-24c8g,1739558986,95248384
productcatalogservice,productcatalogservice-6f8978567c-24c8g,1739559286,95432704
productcatalogservice,productcatalogservice-6f8978567c-24c8g,1739559586,94498816
productcatalogservice,productcatalogservice-6f8978567c-24c8g,1739559886,96141312
productcatalogservice,productcatalogservice-6f8978567c-24c8g,1739560186,95285248
productcatalogservice,productcatalogservice-6f8978567c-24c8g,1739560486,94191616
productcatalogservice,productcatalogservice-6f8978567c-24c8g,1739560786,94003200
productcatalogservice,productcatalogservice-6f8978567c-24c8g,1739561086,94248960
productcatalogservice,productcatalogservice-6f8978567c-24c8g,1739561386,94416896
productcatalogservice,productcatalogservice-6f8978567c-24c8g,1739561686,94154752
productcatalogservice,productcatalogservice-6f8978567c-24c8g,1739561986,94580736
productcatalogservice,productcatalogservice-6f8978567c-24c8g,1739562286,94449664
productcatalogservice,productcatalogservice-6f8978567c-24c8g,1739562586,95322112
productcatalogservice,productcatalogservice-6f8978567c-24c8g,1739562886,94232576
productcatalogservice,productcatalogservice-6f8978567c-24c8g,1739563186,94707712
productcatalogservice,productcatalogservice-6f8978567c-24c8g,1739563486,94539776
productcatalogservice,productcatalogservice-6f8978567c-24c8g,1739563786,94228480
productcatalogservice,productcatalogservice-6f8978567c-24c8g,1739564086,94388224
productcatalogservice,productcatalogservice-6f8978567c-24c8g,1739564386,94846976
productcatalogservice,productcatalogservice-6f8978567c-24c8g,1739564686,94552064
productcatalogservice,productcatalogservice-6f8978567c-24c8g,1739564986,88010752
productcatalogservice,productcatalogservice-6f8978567c-24c8g,1739565286,88690688
productcatalogservice,productcatalogservice-6f8978567c-24c8g,1739565586,90939392
productcatalogservice,productcatalogservice-6f8978567c-24c8g,1739565886,92250112
productcatalogservice,productcatalogservice-6f8978567c-24c8g,1739566186,92753920
productcatalogservice,productcatalogservice-6f8978567c-24c8g,1739566486,92549120
productcatalogservice,productcatalogservice-6f8978567c-24c8g,1739566786,92704768
productcatalogservice,productcatalogservice-6f8978567c-24c8g,1739567086,92278784
productcatalogservice,productcatalogservice-6f8978567c-24c8g,1739567386,92745728
productcatalogservice,productcatalogservice-6f8978567c-24c8g,1739567686,92577792
productcatalogservice,productcatalogservice-6f8978567c-24c8g,1739567986,93102080
productcatalogservice,productcatalogservice-6f8978567c-24c8g,1739568286,92454912
productcatalogservice,productcatalogservice-6f8978567c-24c8g,1739568586,92315648
productcatalogservice,productcatalogservice-6f8978567c-24c8g,1739568886,92467200
productcatalogservice,productcatalogservice-6f8978567c-24c8g,1739569186,92655616
productcatalogservice,productcatalogservice-6f8978567c-24c8g,1739569486,92434432
productcatalogservice,productcatalogservice-6f8978567c-24c8g,1739569786,92336128
productcatalogservice,productcatalogservice-6f8978567c-24c8g,1739570086,92565504
productcatalogservice,productcatalogservice-6f8978567c-24c8g,1739570386,92381184
productcatalogservice,productcatalogservice-6f8978567c-24c8g,1739570686,92635136
productcatalogservice,productcatalogservice-6f8978567c-24c8g,1739570986,92626944
productcatalogservice,productcatalogservice-6f8978567c-24c8g,1739571286,94380032
productcatalogservice,productcatalogservice-6f8978567c-24c8g,1739571586,94203904
productcatalogservice,productcatalogservice-6f8978567c-24c8g,1739571886,94244864
productcatalogservice,productcatalogservice-6f8978567c-24c8g,1739572186,94543872
productcatalogservice,productcatalogservice-6f8978567c-24c8g,1739572486,93949952
productcatalogservice,productcatalogservice-6f8978567c-24c8g,1739572786,94765056
productcatalogservice,productcatalogservice-6f8978567c-24c8g,1739573086,94388224
productcatalogservice,productcatalogservice-6f8978567c-24c8g,1739573386,95272960
productcatalogservice,productcatalogservice-6f8978567c-24c8g,1739573686,94150656
productcatalogservice,productcatalogservice-6f8978567c-24c8g,1739573986,94490624
productcatalogservice,productcatalogservice-6f8978567c-24c8g,1739574286,94388224
productcatalogservice,productcatalogservice-6f8978567c-24c8g,1739574586,94285824
productcatalogservice,productcatalogservice-6f8978567c-24c8g,1739574886,94400512
productcatalogservice,productcatalogservice-6f8978567c-24c8g,1739575186,94752768
productcatalogservice,productcatalogservice-6f8978567c-24c8g,1739575486,94740480
productcatalogservice,productcatalogservice-6f8978567c-24c8g,1739575786,94412800
productcatalogservice,productcatalogservice-6f8978567c-24c8g,1739576086,94646272
productcatalogservice,productcatalogservice-6f8978567c-24c8g,1739576386,94068736
productcatalogservice,productcatalogservice-6f8978567c-24c8g,1739576686,93708288
productcatalogservice,productcatalogservice-6f8978567c-24c8g,1739576986,94035968
productcatalogservice,productcatalogservice-6f8978567c-24c8g,1739577286,94121984
productcatalogservice,productcatalogservice-6f8978567c-24c8g,1739577586,93372416
productcatalogservice,productcatalogservice-6f8978567c-24c8g,1739577886,93786112
productcatalogservice,productcatalogservice-6f8978567c-24c8g,1739578186,94146560
productcatalogservice,productcatalogservice-6f8978567c-24c8g,1739578486,93749248
productcatalogservice,productcatalogservice-6f8978567c-24c8g,1739578786,94384128
productcatalogservice,productcatalogservice-6f8978567c-24c8g,1739579086,94474240
productcatalogservice,productcatalogservice-6f8978567c-24c8g,1739579386,94482432
productcatalogservice,productcatalogservice-6f8978567c-24c8g,1739579686,94433280
productcatalogservice,productcatalogservice-6f8978567c-24c8g,1739579986,94720000
productcatalogservice,productcatalogservice-6f8978567c-24c8g,1739580286,94187520
productcatalogservice,productcatalogservice-6f8978567c-24c8g,1739580586,94740480
productcatalogservice,productcatalogservice-6f8978567c-24c8g,1739580886,95272960
productcatalogservice,productcatalogservice-6f8978567c-24c8g,1739581186,94273536
productcatalogservice,productcatalogservice-6f8978567c-24c8g,1739581486,94756864
productcatalogservice,productcatalogservice-6f8978567c-24c8g,1739581786,93642752
productcatalogservice,productcatalogservice-6f8978567c-24c8g,1739582086,93638656
productcatalogservice,productcatalogservice-6f8978567c-24c8g,1739582386,93917184
productcatalogservice,productcatalogservice-6f8978567c-24c8g,1739582686,94093312
productcatalogservice,productcatalogservice-6f8978567c-24c8g,1739582986,93900800
productcatalogservice,productcatalogservice-6f8978567c-24c8g,1739583286,94408704
productcatalogservice,productcatalogservice-6f8978567c-24c8g,1739583586,94269440
productcatalogservice,productcatalogservice-6f8978567c-24c8g,1739583886,94298112
productcatalogservice,productcatalogservice-6f8978567c-24c8g,1739584186,94007296
productcatalogservice,productcatalogservice-6f8978567c-24c8g,1739584486,94220288
productcatalogservice,productcatalogservice-6f8978567c-24c8g,1739584786,93847552
productcatalogservice,productcatalogservice-6f8978567c-24c8g,1739585086,94150656
productcatalogservice,productcatalogservice-6f8978567c-24c8g,1739585386,94666752
productcatalogservice,productcatalogservice-6f8978567c-24c8g,1739585686,93827072
productcatalogservice,productcatalogservice-6f8978567c-24c8g,1739585986,93814784
productcatalogservice,productcatalogservice-6f8978567c-24c8g,1739586286,95043584
productcatalogservice,productcatalogservice-6f8978567c-24c8g,1739586586,94400512
productcatalogservice,productcatalogservice-6f8978567c-24c8g,1739586886,94302208
productcatalogservice,productcatalogservice-6f8978567c-24c8g,1739587186,94347264
productcatalogservice,productcatalogservice-6f8978567c-24c8g,1739587486,94101504
productcatalogservice,productcatalogservice-6f8978567c-24c8g,1739587786,94208000
productcatalogservice,productcatalogservice-6f8978567c-24c8g,1739588086,93667328
productcatalogservice,productcatalogservice-6f8978567c-24c8g,1739588386,95039488
productcatalogservice,productcatalogservice-6f8978567c-24c8g,1739588686,94023680
productcatalogservice,productcatalogservice-6f8978567c-24c8g,1739588986,94003200
productcatalogservice,productcatalogservice-6f8978567c-24c8g,1739589286,94097408
productcatalogservice,productcatalogservice-6f8978567c-24c8g,1739589586,94322688
productcatalogservice,productcatalogservice-6f8978567c-24c8g,1739589886,94621696
productcatalogservice,productcatalogservice-6f8978567c-24c8g,1739590186,94539776
productcatalogservice,productcatalogservice-6f8978567c-24c8g,1739590486,94801920
productcatalogservice,productcatalogservice-6f8978567c-24c8g,1739590786,94851072
productcatalogservice,productcatalogservice-6f8978567c-24c8g,1739591086,94253056
productcatalogservice,productcatalogservice-6f8978567c-24c8g,1739591386,94482432
productcatalogservice,productcatalogservice-6f8978567c-24c8g,1739591686,94851072
productcatalogservice,productcatalogservice-6f8978567c-24c8g,1739591986,94412800
productcatalogservice,productcatalogservice-6f8978567c-24c8g,1739592286,94482432
productcatalogservice,productcatalogservice-6f8978567c-24c8g,1739592586,94224384
productcatalogservice,productcatalogservice-6f8978567c-24c8g,1739592886,94285824
productcatalogservice,productcatalogservice-6f8978567c-24c8g,1739593186,94830592
productcatalogservice,productcatalogservice-6f8978567c-24c8g,1739593486,93958144
productcatalogservice,productcatalogservice-6f8978567c-24c8g,1739593786,93978624
productcatalogservice,productcatalogservice-6f8978567c-24c8g,1739594086,94244864
productcatalogservice,productcatalogservice-6f8978567c-24c8g,1739594386,94269440
productcatalogservice,productcatalogservice-6f8978567c-24c8g,1739594686,94171136
productcatalogservice,productcatalogservice-6f8978567c-24c8g,1739594986,94330880
productcatalogservice,productcatalogservice-6f8978567c-24c8g,1739595286,94330880
productcatalogservice,productcatalogservice-6f8978567c-24c8g,1739595586,94961664
productcatalogservice,productcatalogservice-6f8978567c-24c8g,1739595886,94355456
productcatalogservice,productcatalogservice-6f8978567c-24c8g,1739596186,94208000
productcatalogservice,productcatalogservice-6f8978567c-24c8g,1739596486,94044160
productcatalogservice,productcatalogservice-6f8978567c-24c8g,1739596786,95211520
productcatalogservice,productcatalogservice-6f8978567c-24c8g,1739597086,94121984
productcatalogservice,productcatalogservice-6f8978567c-24c8g,1739597386,94605312
productcatalogservice,productcatalogservice-6f8978567c-24c8g,1739597686,94932992
productcatalogservice,productcatalogservice-6f8978567c-24c8g,1739597986,94228480
productcatalogservice,productcatalogservice-6f8978567c-24c8g,1739598286,94076928
productcatalogservice,productcatalogservice-6f8978567c-24c8g,1739598586,94363648
productcatalogservice,productcatalogservice-6f8978567c-24c8g,1739598886,93835264
productcatalogservice,productcatalogservice-6f8978567c-24c8g,1739599186,94818304
productcatalogservice,productcatalogservice-6f8978567c-24c8g,1739599486,94818304
productcatalogservice,productcatalogservice-6f8978567c-24c8g,1739599786,95219712
productcatalogservice,productcatalogservice-6f8978567c-24c8g,1739600086,95248384
productcatalogservice,productcatalogservice-6f8978567c-24c8g,1739600386,95330304
productcatalogservice,productcatalogservice-6f8978567c-24c8g,1739600686,94949376
productcatalogservice,productcatalogservice-6f8978567c-24c8g,1739600986,94920704
productcatalogservice,productcatalogservice-6f8978567c-24c8g,1739601286,95272960
productcatalogservice,productcatalogservice-6f8978567c-24c8g,1739601586,95821824
productcatalogservice,productcatalogservice-6f8978567c-24c8g,1739601886,95596544
productcatalogservice,productcatalogservice-6f8978567c-24c8g,1739602186,95068160
productcatalogservice,productcatalogservice-6f8978567c-24c8g,1739602486,95989760
productcatalogservice,productcatalogservice-6f8978567c-24c8g,1739602786,94818304
productcatalogservice,productcatalogservice-6f8978567c-24c8g,1739603086,96690176
productcatalogservice,productcatalogservice-6f8978567c-24c8g,1739603386,94167040
productcatalogservice,productcatalogservice-6f8978567c-24c8g,1739603686,93872128
productcatalogservice,productcatalogservice-6f8978567c-24c8g,1739603986,94105600
productcatalogservice,productcatalogservice-6f8978567c-24c8g,1739604286,93982720
productcatalogservice,productcatalogservice-6f8978567c-24c8g,1739604586,94285824
productcatalogservice,productcatalogservice-6f8978567c-24c8g,1739604886,94486528
productcatalogservice,productcatalogservice-6f8978567c-24c8g,1739605186,94117888
productcatalogservice,productcatalogservice-6f8978567c-24c8g,1739605486,94494720
productcatalogservice,productcatalogservice-6f8978567c-24c8g,1739605786,94212096
productcatalogservice,productcatalogservice-6f8978567c-24c8g,1739606086,94281728
productcatalogservice,productcatalogservice-6f8978567c-24c8g,1739606386,94400512
productcatalogservice,productcatalogservice-6f8978567c-24c8g,1739606686,94183424
productcatalogservice,productcatalogservice-6f8978567c-24c8g,1739606986,93859840
productcatalogservice,productcatalogservice-6f8978567c-24c8g,1739607286,94457856
productcatalogservice,productcatalogservice-6f8978567c-24c8g,1739607586,94220288
productcatalogservice,productcatalogservice-6f8978567c-24c8g,1739607886,94900224
productcatalogservice,productcatalogservice-6f8978567c-24c8g,1739608186,95240192
productcatalogservice,productcatalogservice-6f8978567c-24c8g,1739608486,94744576
productcatalogservice,productcatalogservice-6f8978567c-24c8g,1739608786,95125504
productcatalogservice,productcatalogservice-6f8978567c-24c8g,1739609086,94363648
productcatalogservice,productcatalogservice-6f8978567c-24c8g,1739609386,94232576
productcatalogservice,productcatalogservice-6f8978567c-24c8g,1739609686,94584832
productcatalogservice,productcatalogservice-6f8978567c-24c8g,1739609986,94318592
productcatalogservice,productcatalogservice-6f8978567c-24c8g,1739610286,94429184
productcatalogservice,productcatalogservice-6f8978567c-24c8g,1739610586,95002624
productcatalogservice,productcatalogservice-6f8978567c-24c8g,1739610886,94138368
productcatalogservice,productcatalogservice-6f8978567c-24c8g,1739611186,94797824
productcatalogservice,productcatalogservice-6f8978567c-24c8g,1739611486,94461952
productcatalogservice,productcatalogservice-6f8978567c-24c8g,1739611786,94232576
productcatalogservice,productcatalogservice-6f8978567c-24c8g,1739612086,95010816
productcatalogservice,productcatalogservice-6f8978567c-24c8g,1739612386,94662656
productcatalogservice,productcatalogservice-6f8978567c-24c8g,1739612686,94728192
productcatalogservice,productcatalogservice-6f8978567c-24c8g,1739612986,94355456
productcatalogservice,productcatalogservice-6f8978567c-24c8g,1739613286,94359552
productcatalogservice,productcatalogservice-6f8978567c-24c8g,1739613586,94138368
productcatalogservice,productcatalogservice-6f8978567c-24c8g,1739613886,94412800
productcatalogservice,productcatalogservice-6f8978567c-24c8g,1739614186,94666752
productcatalogservice,productcatalogservice-6f8978567c-24c8g,1739614486,94175232
productcatalogservice,productcatalogservice-6f8978567c-24c8g,1739614786,94023680
productcatalogservice,productcatalogservice-6f8978567c-24c8g,1739615086,94347264
productcatalogservice,productcatalogservice-6f8978567c-24c8g,1739615386,94502912
productcatalogservice,productcatalogservice-6f8978567c-24c8g,1739615686,94089216
productcatalogservice,productcatalogservice-6f8978567c-24c8g,1739615986,94318592
productcatalogservice,productcatalogservice-6f8978567c-24c8g,1739616286,94445568
productcatalogservice,productcatalogservice-6f8978567c-24c8g,1739616586,93962240
productcatalogservice,productcatalogservice-6f8978567c-24c8g,1739616886,94117888
productcatalogservice,productcatalogservice-6f8978567c-24c8g,1739617186,94736384
productcatalogservice,productcatalogservice-6f8978567c-24c8g,1739617486,94490624
productcatalogservice,productcatalogservice-6f8978567c-24c8g,1739617786,94826496
productcatalogservice,productcatalogservice-6f8978567c-24c8g,1739618086,94851072
productcatalogservice,productcatalogservice-6f8978567c-24c8g,1739618386,94056448
productcatalogservice,productcatalogservice-6f8978567c-24c8g,1739618686,96612352
productcatalogservice,productcatalogservice-6f8978567c-24c8g,1739618986,96690176
productcatalogservice,productcatalogservice-6f8978567c-24c8g,1739619286,96788480
productcatalogservice,productcatalogservice-6f8978567c-24c8g,1739619586,97431552
productcatalogservice,productcatalogservice-6f8978567c-24c8g,1739619886,96030720
productcatalogservice,productcatalogservice-6f8978567c-24c8g,1739620186,97026048
productcatalogservice,productcatalogservice-6f8978567c-24c8g,1739620486,96903168
productcatalogservice,productcatalogservice-6f8978567c-24c8g,1739620786,96555008
productcatalogservice,productcatalogservice-6f8978567c-24c8g,1739621086,96481280
productcatalogservice,productcatalogservice-6f8978567c-24c8g,1739621386,96047104
productcatalogservice,productcatalogservice-6f8978567c-24c8g,1739621686,96608256
productcatalogservice,productcatalogservice-6f8978567c-24c8g,1739621986,96718848
productcatalogservice,productcatalogservice-6f8978567c-24c8g,1739622286,96477184
productcatalogservice,productcatalogservice-6f8978567c-24c8g,1739622586,96796672
productcatalogservice,productcatalogservice-6f8978567c-24c8g,1739622886,97058816
productcatalogservice,productcatalogservice-6f8978567c-24c8g,1739623186,97247232
productcatalogservice,productcatalogservice-6f8978567c-24c8g,1739623486,97079296
productcatalogservice,productcatalogservice-6f8978567c-24c8g,1739623786,97349632
productcatalogservice,productcatalogservice-6f8978567c-24c8g,1739624086,96784384
productcatalogservice,productcatalogservice-6f8978567c-24c8g,1739624386,96968704
productcatalogservice,productcatalogservice-6f8978567c-24c8g,1739624686,97566720
productcatalogservice,productcatalogservice-6f8978567c-24c8g,1739624986,97357824
productcatalogservice,productcatalogservice-6f8978567c-24c8g,1739625286,96604160
productcatalogservice,productcatalogservice-6f8978567c-24c8g,1739625586,96960512
productcatalogservice,productcatalogservice-6f8978567c-24c8g,1739625886,96759808
productcatalogservice,productcatalogservice-6f8978567c-24c8g,1739626186,96518144
productcatalogservice,productcatalogservice-6f8978567c-24c8g,1739626486,96530432
productcatalogservice,productcatalogservice-6f8978567c-24c8g,1739626786,96301056
productcatalogservice,productcatalogservice-6f8978567c-24c8g,1739627086,96657408
productcatalogservice,productcatalogservice-6f8978567c-24c8g,1739627386,96505856
productcatalogservice,productcatalogservice-6f8978567c-24c8g,1739627686,96350208
productcatalogservice,productcatalogservice-6f8978567c-24c8g,1739627986,96710656
productcatalogservice,productcatalogservice-6f8978567c-24c8g,1739628286,96215040
productcatalogservice,productcatalogservice-6f8978567c-24c8g,1739628586,96354304
productcatalogservice,productcatalogservice-6f8978567c-24c8g,1739628886,96055296
productcatalogservice,productcatalogservice-6f8978567c-24c8g,1739629186,96276480
productcatalogservice,productcatalogservice-6f8978567c-24c8g,1739629486,96579584
productcatalogservice,productcatalogservice-6f8978567c-24c8g,1739629786,96456704
productcatalogservice,productcatalogservice-6f8978567c-24c8g,1739630086,96989184
productcatalogservice,productcatalogservice-6f8978567c-24c8g,1739630386,96915456
productcatalogservice,productcatalogservice-6f8978567c-24c8g,1739630686,97177600
productcatalogservice,productcatalogservice-6f8978567c-24c8g,1739630986,96448512
productcatalogservice,productcatalogservice-6f8978567c-24c8g,1739631286,96600064
productcatalogservice,productcatalogservice-6f8978567c-24c8g,1739631586,96489472
productcatalogservice,productcatalogservice-6f8978567c-24c8g,1739631886,95858688
productcatalogservice,productcatalogservice-6f8978567c-24c8g,1739632186,96395264
productcatalogservice,productcatalogservice-6f8978567c-24c8g,1739632486,96145408
productcatalogservice,productcatalogservice-6f8978567c-24c8g,1739632786,96456704
productcatalogservice,productcatalogservice-6f8978567c-24c8g,1739633086,96587776
productcatalogservice,productcatalogservice-6f8978567c-24c8g,1739633386,97247232
productcatalogservice,productcatalogservice-6f8978567c-24c8g,1739633686,97009664
productcatalogservice,productcatalogservice-6f8978567c-24c8g,1739633986,97251328
productcatalogservice,productcatalogservice-6f8978567c-24c8g,1739634286,96600064
productcatalogservice,productcatalogservice-6f8978567c-24c8g,1739634586,97112064
productcatalogservice,productcatalogservice-6f8978567c-24c8g,1739634886,97136640
productcatalogservice,productcatalogservice-6f8978567c-24c8g,1739635186,96833536
productcatalogservice,productcatalogservice-6f8978567c-24c8g,1739635486,97107968
productcatalogservice,productcatalogservice-6f8978567c-24c8g,1739635786,97218560
productcatalogservice,productcatalogservice-6f8978567c-24c8g,1739636086,97181696
productcatalogservice,productcatalogservice-6f8978567c-24c8g,1739636386,97427456
productcatalogservice,productcatalogservice-6f8978567c-24c8g,1739636686,97140736
productcatalogservice,productcatalogservice-6f8978567c-24c8g,1739636986,96706560
productcatalogservice,productcatalogservice-6f8978567c-24c8g,1739637286,96845824
productcatalogservice,productcatalogservice-6f8978567c-24c8g,1739637586,97193984
productcatalogservice,productcatalogservice-6f8978567c-24c8g,1739637886,97652736
productcatalogservice,productcatalogservice-6f8978567c-24c8g,1739638186,97251328
productcatalogservice,productcatalogservice-6f8978567c-24c8g,1739638486,97579008
productcatalogservice,productcatalogservice-6f8978567c-24c8g,1739638786,96378880
productcatalogservice,productcatalogservice-6f8978567c-24c8g,1739639086,96841728
productcatalogservice,productcatalogservice-6f8978567c-24c8g,1739639386,96301056
productcatalogservice,productcatalogservice-6f8978567c-24c8g,1739639686,96509952
productcatalogservice,productcatalogservice-6f8978567c-24c8g,1739639986,96538624
productcatalogservice,productcatalogservice-6f8978567c-24c8g,1739640286,96727040
productcatalogservice,productcatalogservice-6f8978567c-24c8g,1739640586,97742848
productcatalogservice,productcatalogservice-6f8978567c-24c8g,1739640886,97243136
productcatalogservice,productcatalogservice-6f8978567c-24c8g,1739641186,96813056
productcatalogservice,productcatalogservice-6f8978567c-24c8g,1739641486,97632256
productcatalogservice,productcatalogservice-6f8978567c-24c8g,1739641786,96800768
productcatalogservice,productcatalogservice-6f8978567c-24c8g,1739642086,97153024
productcatalogservice,productcatalogservice-6f8978567c-24c8g,1739642386,96890880
productcatalogservice,productcatalogservice-6f8978567c-24c8g,1739642686,97488896
productcatalogservice,productcatalogservice-6f8978567c-24c8g,1739642986,99758080
productcatalogservice,productcatalogservice-6f8978567c-24c8g,1739643286,99041280
productcatalogservice,productcatalogservice-6f8978567c-24c8g,1739643586,99676160
productcatalogservice,productcatalogservice-6f8978567c-24c8g,1739643886,99762176
productcatalogservice,productcatalogservice-6f8978567c-24c8g,1739644186,98504704
productcatalogservice,productcatalogservice-6f8978567c-24c8g,1739644486,99315712
productcatalogservice,productcatalogservice-6f8978567c-24c8g,1739644786,99196928
productcatalogservice,productcatalogservice-6f8978567c-24c8g,1739645086,98594816
productcatalogservice,productcatalogservice-6f8978567c-24c8g,1739645386,98820096
productcatalogservice,productcatalogservice-6f8978567c-24c8g,1739645686,99057664
productcatalogservice,productcatalogservice-6f8978567c-24c8g,1739645986,98439168
productcatalogservice,productcatalogservice-6f8978567c-24c8g,1739646286,99422208
productcatalogservice,productcatalogservice-6f8978567c-24c8g,1739646586,98902016
productcatalogservice,productcatalogservice-6f8978567c-24c8g,1739646886,99278848
productcatalogservice,productcatalogservice-6f8978567c-24c8g,1739647186,99184640
productcatalogservice,productcatalogservice-6f8978567c-24c8g,1739647486,99491840
productcatalogservice,productcatalogservice-6f8978567c-24c8g,1739647786,98914304
productcatalogservice,productcatalogservice-6f8978567c-24c8g,1739648086,99024896
productcatalogservice,productcatalogservice-6f8978567c-24c8g,1739648386,98209792
productcatalogservice,productcatalogservice-6f8978567c-24c8g,1739648686,100036608
productcatalogservice,productcatalogservice-6f8978567c-24c8g,1739648986,99573760
productcatalogservice,productcatalogservice-6f8978567c-24c8g,1739649286,99307520
productcatalogservice,productcatalogservice-6f8978567c-24c8g,1739649586,84660224
productcatalogservice,productcatalogservice-6f8978567c-24c8g,1739649886,84295680
productcatalogservice,productcatalogservice-6f8978567c-24c8g,1739650186,86011904
productcatalogservice,productcatalogservice-6f8978567c-24c8g,1739650486,84234240
productcatalogservice,productcatalogservice-6f8978567c-24c8g,1739650786,84566016
productcatalogservice,productcatalogservice-6f8978567c-24c8g,1739651086,84578304
productcatalogservice,productcatalogservice-6f8978567c-24c8g,1739651386,85708800
productcatalogservice,productcatalogservice-6f8978567c-24c8g,1739651686,85118976
productcatalogservice,productcatalogservice-6f8978567c-24c8g,1739651986,85094400
productcatalogservice,productcatalogservice-6f8978567c-24c8g,1739652286,85118976
productcatalogservice,productcatalogservice-6f8978567c-24c8g,1739652586,84910080
productcatalogservice,productcatalogservice-6f8978567c-24c8g,1739652886,85368832
productcatalogservice,productcatalogservice-6f8978567c-24c8g,1739653186,85381120
productcatalogservice,productcatalogservice-6f8978567c-24c8g,1739653486,84905984
productcatalogservice,productcatalogservice-6f8978567c-24c8g,1739653786,88010752
productcatalogservice,productcatalogservice-6f8978567c-24c8g,1739654086,87904256
productcatalogservice,productcatalogservice-6f8978567c-24c8g,1739654386,88043520
productcatalogservice,productcatalogservice-6f8978567c-24c8g,1739654686,88342528
productcatalogservice,productcatalogservice-6f8978567c-24c8g,1739654986,88662016
productcatalogservice,productcatalogservice-6f8978567c-24c8g,1739655286,88363008
productcatalogservice,productcatalogservice-6f8978567c-24c8g,1739655586,88322048
productcatalogservice,productcatalogservice-6f8978567c-24c8g,1739655886,89247744
productcatalogservice,productcatalogservice-6f8978567c-24c8g,1739656186,88670208
productcatalogservice,productcatalogservice-6f8978567c-24c8g,1739656486,88346624
productcatalogservice,productcatalogservice-6f8978567c-24c8g,1739656786,87855104
productcatalogservice,productcatalogservice-6f8978567c-24c8g,1739657086,88764416
productcatalogservice,productcatalogservice-6f8978567c-24c8g,1739657386,88281088
productcatalogservice,productcatalogservice-6f8978567c-24c8g,1739657686,88743936
productcatalogservice,productcatalogservice-6f8978567c-24c8g,1739657986,88449024
productcatalogservice,productcatalogservice-6f8978567c-24c8g,1739658286,89534464
productcatalogservice,productcatalogservice-6f8978567c-24c8g,1739658586,88518656
productcatalogservice,productcatalogservice-6f8978567c-24c8g,1739658886,88969216
productcatalogservice,productcatalogservice-6f8978567c-24c8g,1739659186,89444352
productcatalogservice,productcatalogservice-6f8978567c-24c8g,1739659486,89432064
productcatalogservice,productcatalogservice-6f8978567c-24c8g,1739659786,89227264
productcatalogservice,productcatalogservice-6f8978567c-24c8g,1739660086,87879680
productcatalogservice,productcatalogservice-6f8978567c-24c8g,1739660386,88510464
productcatalogservice,productcatalogservice-6f8978567c-24c8g,1739660686,88674304
productcatalogservice,productcatalogservice-6f8978567c-24c8g,1739660986,89473024
productcatalogservice,productcatalogservice-6f8978567c-24c8g,1739661286,89702400
productcatalogservice,productcatalogservice-6f8978567c-24c8g,1739661586,88903680
productcatalogservice,productcatalogservice-6f8978567c-24c8g,1739661886,89751552
productcatalogservice,productcatalogservice-6f8978567c-24c8g,1739662186,89079808
productcatalogservice,productcatalogservice-6f8978567c-24c8g,1739662486,89214976
productcatalogservice,productcatalogservice-6f8978567c-24c8g,1739662786,89276416
productcatalogservice,productcatalogservice-6f8978567c-24c8g,1739663086,88694784
productcatalogservice,productcatalogservice-6f8978567c-24c8g,1739663386,88936448
productcatalogservice,productcatalogservice-6f8978567c-24c8g,1739663686,89014272
productcatalogservice,productcatalogservice-6f8978567c-24c8g,1739663986,88920064
productcatalogservice,productcatalogservice-6f8978567c-24c8g,1739664286,91344896
productcatalogservice,productcatalogservice-6f8978567c-24c8g,1739664586,91131904
productcatalogservice,productcatalogservice-6f8978567c-24c8g,1739664886,91492352
productcatalogservice,productcatalogservice-6f8978567c-24c8g,1739665186,91914240
productcatalogservice,productcatalogservice-6f8978567c-24c8g,1739665486,91234304
productcatalogservice,productcatalogservice-6f8978567c-24c8g,1739665786,91684864
productcatalogservice,productcatalogservice-6f8978567c-24c8g,1739666086,91885568
productcatalogservice,productcatalogservice-6f8978567c-24c8g,1739666386,91258880
productcatalogservice,productcatalogservice-6f8978567c-24c8g,1739666686,90443776
productcatalogservice,productcatalogservice-6f8978567c-24c8g,1739666986,90890240
productcatalogservice,productcatalogservice-6f8978567c-24c8g,1739667286,91357184
productcatalogservice,productcatalogservice-6f8978567c-24c8g,1739667586,90836992
productcatalogservice,productcatalogservice-6f8978567c-24c8g,1739667886,91508736
productcatalogservice,productcatalogservice-6f8978567c-24c8g,1739668186,90890240
productcatalogservice,productcatalogservice-6f8978567c-24c8g,1739668486,91152384
productcatalogservice,productcatalogservice-6f8978567c-24c8g,1739668786,91586560
productcatalogservice,productcatalogservice-6f8978567c-24c8g,1739669086,91009024
productcatalogservice,productcatalogservice-6f8978567c-24c8g,1739669386,91402240
productcatalogservice,productcatalogservice-6f8978567c-24c8g,1739669686,91185152
productcatalogservice,productcatalogservice-6f8978567c-24c8g,1739669986,91443200
productcatalogservice,productcatalogservice-6f8978567c-24c8g,1739670286,90918912
productcatalogservice,productcatalogservice-6f8978567c-24c8g,1739670586,91705344
productcatalogservice,productcatalogservice-6f8978567c-24c8g,1739670886,91361280
productcatalogservice,productcatalogservice-6f8978567c-24c8g,1739671186,90836992
productcatalogservice,productcatalogservice-6f8978567c-24c8g,1739671486,91250688
productcatalogservice,productcatalogservice-6f8978567c-24c8g,1739671786,91553792
productcatalogservice,productcatalogservice-6f8978567c-24c8g,1739672086,91127808
productcatalogservice,productcatalogservice-6f8978567c-24c8g,1739672386,91680768
productcatalogservice,productcatalogservice-6f8978567c-24c8g,1739672686,91549696
productcatalogservice,productcatalogservice-6f8978567c-24c8g,1739672986,91136000
productcatalogservice,productcatalogservice-6f8978567c-24c8g,1739673286,90853376
productcatalogservice,productcatalogservice-6f8978567c-24c8g,1739673586,91639808
productcatalogservice,productcatalogservice-6f8978567c-24c8g,1739673886,91500544
productcatalogservice,productcatalogservice-6f8978567c-24c8g,1739674186,92061696
productcatalogservice,productcatalogservice-6f8978567c-24c8g,1739674486,91262976
productcatalogservice,productcatalogservice-6f8978567c-24c8g,1739674786,91508736
productcatalogservice,productcatalogservice-6f8978567c-24c8g,1739675086,90968064
productcatalogservice,productcatalogservice-6f8978567c-24c8g,1739675386,92377088
productcatalogservice,productcatalogservice-6f8978567c-24c8g,1739675686,91852800
productcatalogservice,productcatalogservice-6f8978567c-24c8g,1739675986,91426816
productcatalogservice,productcatalogservice-6f8978567c-24c8g,1739676286,92151808
productcatalogservice,productcatalogservice-6f8978567c-24c8g,1739676586,91516928
productcatalogservice,productcatalogservice-6f8978567c-24c8g,1739676886,91475968
productcatalogservice,productcatalogservice-6f8978567c-24c8g,1739677186,91680768
productcatalogservice,productcatalogservice-6f8978567c-24c8g,1739677486,90902528
productcatalogservice,productcatalogservice-6f8978567c-24c8g,1739677786,90664960
productcatalogservice,productcatalogservice-6f8978567c-24c8g,1739678086,90738688
productcatalogservice,productcatalogservice-6f8978567c-24c8g,1739678386,91168768
productcatalogservice,productcatalogservice-6f8978567c-24c8g,1739678686,91201536
productcatalogservice,productcatalogservice-6f8978567c-24c8g,1739678986,91127808
productcatalogservice,productcatalogservice-6f8978567c-24c8g,1739679286,91213824
productcatalogservice,productcatalogservice-6f8978567c-24c8g,1739679586,91611136
productcatalogservice,productcatalogservice-6f8978567c-24c8g,1739679886,91914240
productcatalogservice,productcatalogservice-6f8978567c-24c8g,1739680186,91516928
productcatalogservice,productcatalogservice-6f8978567c-24c8g,1739680486,90218496
productcatalogservice,productcatalogservice-6f8978567c-24c8g,1739680786,90517504
productcatalogservice,productcatalogservice-6f8978567c-24c8g,1739681086,91021312
productcatalogservice,productcatalogservice-6f8978567c-24c8g,1739681386,90722304
productcatalogservice,productcatalogservice-6f8978567c-24c8g,1739681686,91426816
productcatalogservice,productcatalogservice-6f8978567c-24c8g,1739681986,91119616
productcatalogservice,productcatalogservice-6f8978567c-24c8g,1739682286,91213824
productcatalogservice,productcatalogservice-6f8978567c-24c8g,1739682586,91279360
productcatalogservice,productcatalogservice-6f8978567c-24c8g,1739682886,91578368
productcatalogservice,productcatalogservice-6f8978567c-24c8g,1739683186,91467776
productcatalogservice,productcatalogservice-6f8978567c-24c8g,1739683486,91357184
productcatalogservice,productcatalogservice-6f8978567c-24c8g,1739683786,91435008
productcatalogservice,productcatalogservice-6f8978567c-24c8g,1739684086,91619328
productcatalogservice,productcatalogservice-6f8978567c-24c8g,1739684386,90746880
productcatalogservice,productcatalogservice-6f8978567c-24c8g,1739684686,90656768
productcatalogservice,productcatalogservice-6f8978567c-24c8g,1739684986,90853376
productcatalogservice,productcatalogservice-6f8978567c-24c8g,1739685286,91492352
productcatalogservice,productcatalogservice-6f8978567c-24c8g,1739685586,90910720
productcatalogservice,productcatalogservice-6f8978567c-24c8g,1739685886,90820608
productcatalogservice,productcatalogservice-6f8978567c-24c8g,1739686186,91078656
productcatalogservice,productcatalogservice-6f8978567c-24c8g,1739686486,90660864
productcatalogservice,productcatalogservice-6f8978567c-24c8g,1739686786,90308608
productcatalogservice,productcatalogservice-6f8978567c-24c8g,1739687086,91398144
productcatalogservice,productcatalogservice-6f8978567c-24c8g,1739687386,91086848
productcatalogservice,productcatalogservice-6f8978567c-24c8g,1739687686,91312128
productcatalogservice,productcatalogservice-6f8978567c-24c8g,1739687986,91414528
productcatalogservice,productcatalogservice-6f8978567c-24c8g,1739688286,91299840
productcatalogservice,productcatalogservice-6f8978567c-24c8g,1739688586,91361280
productcatalogservice,productcatalogservice-6f8978567c-24c8g,1739688886,90988544
productcatalogservice,productcatalogservice-6f8978567c-24c8g,1739689186,90820608
productcatalogservice,productcatalogservice-6f8978567c-24c8g,1739689486,91656192
productcatalogservice,productcatalogservice-6f8978567c-24c8g,1739689786,91557888
productcatalogservice,productcatalogservice-6f8978567c-24c8g,1739690086,92659712
productcatalogservice,productcatalogservice-6f8978567c-24c8g,1739690386,91373568
productcatalogservice,productcatalogservice-6f8978567c-24c8g,1739690686,91811840
productcatalogservice,productcatalogservice-6f8978567c-24c8g,1739690986,91160576
productcatalogservice,productcatalogservice-6f8978567c-24c8g,1739691286,91430912
productcatalogservice,productcatalogservice-6f8978567c-24c8g,1739691586,91070464
productcatalogservice,productcatalogservice-6f8978567c-24c8g,1739691886,91574272
productcatalogservice,productcatalogservice-6f8978567c-24c8g,1739692186,90861568
productcatalogservice,productcatalogservice-6f8978567c-24c8g,1739692486,92241920
productcatalogservice,productcatalogservice-6f8978567c-24c8g,1739692786,91074560
productcatalogservice,productcatalogservice-6f8978567c-24c8g,1739693086,91254784
productcatalogservice,productcatalogservice-6f8978567c-24c8g,1739693386,91242496
productcatalogservice,productcatalogservice-6f8978567c-24c8g,1739693686,91938816
productcatalogservice,productcatalogservice-6f8978567c-24c8g,1739693986,91156480
productcatalogservice,productcatalogservice-6f8978567c-24c8g,1739694286,91373568
productcatalogservice,productcatalogservice-6f8978567c-24c8g,1739694586,90644480
productcatalogservice,productcatalogservice-6f8978567c-24c8g,1739694886,90624000
productcatalogservice,productcatalogservice-6f8978567c-24c8g,1739695186,86503424
productcatalogservice,productcatalogservice-6f8978567c-24c8g,1739695486,86237184
productcatalogservice,productcatalogservice-6f8978567c-24c8g,1739695786,87355392
productcatalogservice,productcatalogservice-6f8978567c-24c8g,1739696086,86212608
productcatalogservice,productcatalogservice-6f8978567c-24c8g,1739696386,86618112
productcatalogservice,productcatalogservice-6f8978567c-24c8g,1739696686,85336064
productcatalogservice,productcatalogservice-6f8978567c-24c8g,1739696986,85626880
productcatalogservice,productcatalogservice-6f8978567c-24c8g,1739697286,85299200
productcatalogservice,productcatalogservice-6f8978567c-24c8g,1739697586,84959232
productcatalogservice,productcatalogservice-6f8978567c-24c8g,1739697886,85434368
productcatalogservice,productcatalogservice-6f8978567c-24c8g,1739698186,85532672
productcatalogservice,productcatalogservice-6f8978567c-24c8g,1739698486,86806528
productcatalogservice,productcatalogservice-6f8978567c-24c8g,1739698786,87203840
productcatalogservice,productcatalogservice-6f8978567c-24c8g,1739699086,86937600
productcatalogservice,productcatalogservice-6f8978567c-24c8g,1739699386,87179264
productcatalogservice,productcatalogservice-6f8978567c-24c8g,1739699686,87764992
productcatalogservice,productcatalogservice-6f8978567c-24c8g,1739699986,88641536
productcatalogservice,productcatalogservice-6f8978567c-24c8g,1739700286,88608768
productcatalogservice,productcatalogservice-6f8978567c-24c8g,1739700586,88944640
productcatalogservice,productcatalogservice-6f8978567c-24c8g,1739700886,88449024
productcatalogservice,productcatalogservice-6f8978567c-24c8g,1739701186,88993792
productcatalogservice,productcatalogservice-6f8978567c-24c8g,1739701486,89092096
productcatalogservice,productcatalogservice-6f8978567c-24c8g,1739701786,88657920
productcatalogservice,productcatalogservice-6f8978567c-24c8g,1739702086,89321472
productcatalogservice,productcatalogservice-6f8978567c-24c8g,1739702386,89710592
productcatalogservice,productcatalogservice-6f8978567c-24c8g,1739702686,88449024
productcatalogservice,productcatalogservice-6f8978567c-24c8g,1739702986,88772608
productcatalogservice,productcatalogservice-6f8978567c-24c8g,1739703286,88743936
productcatalogservice,productcatalogservice-6f8978567c-24c8g,1739703586,88461312
productcatalogservice,productcatalogservice-6f8978567c-24c8g,1739703886,88817664
productcatalogservice,productcatalogservice-6f8978567c-24c8g,1739704186,88551424
productcatalogservice,productcatalogservice-6f8978567c-24c8g,1739704486,88199168
productcatalogservice,productcatalogservice-6f8978567c-24c8g,1739704786,89886720
productcatalogservice,productcatalogservice-6f8978567c-24c8g,1739705086,90542080
productcatalogservice,productcatalogservice-6f8978567c-24c8g,1739705386,90312704
productcatalogservice,productcatalogservice-6f8978567c-24c8g,1739705686,90529792
productcatalogservice,productcatalogservice-6f8978567c-24c8g,1739705986,90378240
productcatalogservice,productcatalogservice-6f8978567c-24c8g,1739706286,90038272
productcatalogservice,productcatalogservice-6f8978567c-24c8g,1739706586,90566656
productcatalogservice,productcatalogservice-6f8978567c-24c8g,1739706886,90673152
productcatalogservice,productcatalogservice-6f8978567c-24c8g,1739707186,90206208
productcatalogservice,productcatalogservice-6f8978567c-24c8g,1739707486,89702400
productcatalogservice,productcatalogservice-6f8978567c-24c8g,1739707786,91525120
productcatalogservice,productcatalogservice-6f8978567c-24c8g,1739708086,91455488
productcatalogservice,productcatalogservice-6f8978567c-24c8g,1739708386,91656192
productcatalogservice,productcatalogservice-6f8978567c-24c8g,1739708686,92344320
productcatalogservice,productcatalogservice-6f8978567c-24c8g,1739708986,91496448
productcatalogservice,productcatalogservice-6f8978567c-24c8g,1739709286,98877440
productcatalogservice,productcatalogservice-6f8978567c-24c8g,1739709586,99381248
productcatalogservice,productcatalogservice-6f8978567c-24c8g,1739709886,99381248
productcatalogservice,productcatalogservice-6f8978567c-24c8g,1739710186,99565568
productcatalogservice,productcatalogservice-6f8978567c-24c8g,1739710486,102223872
productcatalogservice,productcatalogservice-6f8978567c-24c8g,1739710786,102199296
productcatalogservice,productcatalogservice-6f8978567c-24c8g,1739711086,102268928
productcatalogservice,productcatalogservice-6f8978567c-24c8g,1739711386,102522880
productcatalogservice,productcatalogservice-6f8978567c-24c8g,1739711686,102707200
productcatalogservice,productcatalogservice-6f8978567c-24c8g,1739711986,102952960
productcatalogservice,productcatalogservice-6f8978567c-24c8g,1739712286,102973440
productcatalogservice,productcatalogservice-6f8978567c-24c8g,1739712586,103174144
productcatalogservice,productcatalogservice-6f8978567c-24c8g,1739712886,103194624
productcatalogservice,productcatalogservice-6f8978567c-24c8g,1739713186,103149568
productcatalogservice,productcatalogservice-6f8978567c-24c8g,1739713486,103268352
productcatalogservice,productcatalogservice-6f8978567c-24c8g,1739713786,103518208
productcatalogservice,productcatalogservice-6f8978567c-24c8g,1739714086,103243776
productcatalogservice,productcatalogservice-6f8978567c-24c8g,1739714386,103235584
productcatalogservice,productcatalogservice-6f8978567c-24c8g,1739714686,103579648
productcatalogservice,productcatalogservice-6f8978567c-24c8g,1739714986,103383040
productcatalogservice,productcatalogservice-6f8978567c-24c8g,1739715286,103686144
productcatalogservice,productcatalogservice-6f8978567c-24c8g,1739715586,103284736
productcatalogservice,productcatalogservice-6f8978567c-24c8g,1739715886,103235584
productcatalogservice,productcatalogservice-6f8978567c-24c8g,1739716186,103227392
productcatalogservice,productcatalogservice-6f8978567c-24c8g,1739716486,104566784
productcatalogservice,productcatalogservice-6f8978567c-24c8g,1739716786,103821312
productcatalogservice,productcatalogservice-6f8978567c-24c8g,1739717086,104034304
productcatalogservice,productcatalogservice-6f8978567c-24c8g,1739717386,104353792
productcatalogservice,productcatalogservice-6f8978567c-24c8g,1739717686,104239104
productcatalogservice,productcatalogservice-6f8978567c-24c8g,1739717986,104128512
productcatalogservice,productcatalogservice-6f8978567c-24c8g,1739718286,103755776
productcatalogservice,productcatalogservice-6f8978567c-24c8g,1739718586,103841792
productcatalogservice,productcatalogservice-6f8978567c-24c8g,1739718886,104574976
productcatalogservice,productcatalogservice-6f8978567c-24c8g,1739719186,104161280
productcatalogservice,productcatalogservice-6f8978567c-24c8g,1739719486,106242048
productcatalogservice,productcatalogservice-6f8978567c-24c8g,1739719786,106381312
productcatalogservice,productcatalogservice-6f8978567c-24c8g,1739720086,106115072
productcatalogservice,productcatalogservice-6f8978567c-24c8g,1739720386,106483712
productcatalogservice,productcatalogservice-6f8978567c-24c8g,1739720686,105508864
productcatalogservice,productcatalogservice-6f8978567c-24c8g,1739720986,106008576
productcatalogservice,productcatalogservice-6f8978567c-24c8g,1739721286,105869312
productcatalogservice,productcatalogservice-6f8978567c-24c8g,1739721586,105816064
productcatalogservice,productcatalogservice-6f8978567c-24c8g,1739721886,105615360
productcatalogservice,productcatalogservice-6f8978567c-24c8g,1739722186,106864640
productcatalogservice,productcatalogservice-6f8978567c-24c8g,1739722486,106184704
productcatalogservice,productcatalogservice-6f8978567c-24c8g,1739722786,106196992
productcatalogservice,productcatalogservice-6f8978567c-24c8g,1739723086,105730048
productcatalogservice,productcatalogservice-6f8978567c-24c8g,1739723386,106483712
productcatalogservice,productcatalogservice-6f8978567c-24c8g,1739723686,105566208
productcatalogservice,productcatalogservice-6f8978567c-24c8g,1739723986,106573824
productcatalogservice,productcatalogservice-6f8978567c-24c8g,1739724286,105795584
productcatalogservice,productcatalogservice-6f8978567c-24c8g,1739724586,106070016
productcatalogservice,productcatalogservice-6f8978567c-24c8g,1739724886,106328064
productcatalogservice,productcatalogservice-6f8978567c-24c8g,1739725186,105914368
productcatalogservice,productcatalogservice-6f8978567c-24c8g,1739725486,105971712
productcatalogservice,productcatalogservice-6f8978567c-24c8g,1739725786,106016768
productcatalogservice,productcatalogservice-6f8978567c-24c8g,1739726086,107134976
productcatalogservice,productcatalogservice-6f8978567c-24c8g,1739726386,106631168
productcatalogservice,productcatalogservice-6f8978567c-24c8g,1739726686,106868736
productcatalogservice,productcatalogservice-6f8978567c-24c8g,1739726986,106434560
productcatalogservice,productcatalogservice-6f8978567c-24c8g,1739727286,106610688
productcatalogservice,productcatalogservice-6f8978567c-24c8g,1739727586,108003328
productcatalogservice,productcatalogservice-6f8978567c-24c8g,1739727886,106270720
productcatalogservice,productcatalogservice-6f8978567c-24c8g,1739728186,106315776
productcatalogservice,productcatalogservice-6f8978567c-24c8g,1739728486,106496000
productcatalogservice,productcatalogservice-6f8978567c-24c8g,1739728786,106393600
productcatalogservice,productcatalogservice-6f8978567c-24c8g,1739729086,106414080
productcatalogservice,productcatalogservice-6f8978567c-24c8g,1739729386,106647552
productcatalogservice,productcatalogservice-6f8978567c-24c8g,1739729686,106438656
productcatalogservice,productcatalogservice-6f8978567c-24c8g,1739729986,106831872
productcatalogservice,productcatalogservice-6f8978567c-24c8g,1739730286,106405888
productcatalogservice,productcatalogservice-6f8978567c-24c8g,1739730586,106356736
productcatalogservice,productcatalogservice-6f8978567c-24c8g,1739730886,106397696
productcatalogservice,productcatalogservice-6f8978567c-24c8g,1739731186,106471424
productcatalogservice,productcatalogservice-6f8978567c-24c8g,1739731486,107016192
productcatalogservice,productcatalogservice-6f8978567c-24c8g,1739731786,106901504
productcatalogservice,productcatalogservice-6f8978567c-24c8g,1739732086,106811392
productcatalogservice,productcatalogservice-6f8978567c-24c8g,1739732386,106160128
productcatalogservice,productcatalogservice-6f8978567c-24c8g,1739732686,106278912
productcatalogservice,productcatalogservice-6f8978567c-24c8g,1739732986,106209280
productcatalogservice,productcatalogservice-6f8978567c-24c8g,1739733286,106172416
productcatalogservice,productcatalogservice-6f8978567c-24c8g,1739733586,106426368
productcatalogservice,productcatalogservice-6f8978567c-24c8g,1739733886,107143168
productcatalogservice,productcatalogservice-6f8978567c-24c8g,1739734186,107118592
productcatalogservice,productcatalogservice-6f8978567c-24c8g,1739734486,106819584
productcatalogservice,productcatalogservice-6f8978567c-24c8g,1739734786,106635264
productcatalogservice,productcatalogservice-6f8978567c-24c8g,1739735086,105975808
productcatalogservice,productcatalogservice-6f8978567c-24c8g,1739735386,106344448
productcatalogservice,productcatalogservice-6f8978567c-24c8g,1739735686,105885696
productcatalogservice,productcatalogservice-6f8978567c-24c8g,1739735986,106614784
productcatalogservice,productcatalogservice-6f8978567c-24c8g,1739736286,106065920
productcatalogservice,productcatalogservice-6f8978567c-24c8g,1739736586,105963520
productcatalogservice,productcatalogservice-6f8978567c-24c8g,1739736886,106319872
productcatalogservice,productcatalogservice-6f8978567c-24c8g,1739737186,107065344
productcatalogservice,productcatalogservice-6f8978567c-24c8g,1739737486,107073536
productcatalogservice,productcatalogservice-6f8978567c-24c8g,1739737786,107073536
productcatalogservice,productcatalogservice-6f8978567c-24c8g,1739738086,106315776
productcatalogservice,productcatalogservice-6f8978567c-24c8g,1739738386,106369024
productcatalogservice,productcatalogservice-6f8978567c-24c8g,1739738686,106582016
productcatalogservice,productcatalogservice-6f8978567c-24c8g,1739738986,106872832
productcatalogservice,productcatalogservice-6f8978567c-24c8g,1739739286,105783296
productcatalogservice,productcatalogservice-6f8978567c-24c8g,1739739586,106065920
productcatalogservice,productcatalogservice-6f8978567c-24c8g,1739739886,106840064
productcatalogservice,productcatalogservice-6f8978567c-24c8g,1739740186,105902080
productcatalogservice,productcatalogservice-6f8978567c-24c8g,1739740486,106418176
productcatalogservice,productcatalogservice-6f8978567c-24c8g,1739740786,106029056
productcatalogservice,productcatalogservice-6f8978567c-24c8g,1739741086,106000384
productcatalogservice,productcatalogservice-6f8978567c-24c8g,1739741386,106323968
productcatalogservice,productcatalogservice-6f8978567c-24c8g,1739741686,105607168
productcatalogservice,productcatalogservice-6f8978567c-24c8g,1739741986,105943040
productcatalogservice,productcatalogservice-6f8978567c-24c8g,1739742286,106205184
productcatalogservice,productcatalogservice-6f8978567c-24c8g,1739742586,106672128
productcatalogservice,productcatalogservice-6f8978567c-24c8g,1739742886,106299392
productcatalogservice,productcatalogservice-6f8978567c-24c8g,1739743186,106360832
productcatalogservice,productcatalogservice-6f8978567c-24c8g,1739743486,106618880
productcatalogservice,productcatalogservice-6f8978567c-24c8g,1739743786,106885120
productcatalogservice,productcatalogservice-6f8978567c-24c8g,1739744086,105959424
productcatalogservice,productcatalogservice-6f8978567c-24c8g,1739744386,106475520
productcatalogservice,productcatalogservice-6f8978567c-24c8g,1739744686,106418176
productcatalogservice,productcatalogservice-6f8978567c-24c8g,1739744986,106631168
productcatalogservice,productcatalogservice-6f8978567c-24c8g,1739745286,106188800
productcatalogservice,productcatalogservice-6f8978567c-24c8g,1739745586,106143744
productcatalogservice,productcatalogservice-6f8978567c-24c8g,1739745886,106008576
productcatalogservice,productcatalogservice-6f8978567c-24c8g,1739746186,106074112
productcatalogservice,productcatalogservice-6f8978567c-24c8g,1739746486,105791488
productcatalogservice,productcatalogservice-6f8978567c-24c8g,1739746786,106721280
productcatalogservice,productcatalogservice-6f8978567c-24c8g,1739747086,106926080
productcatalogservice,productcatalogservice-6f8978567c-24c8g,1739747386,106668032
productcatalogservice,productcatalogservice-6f8978567c-24c8g,1739747686,105480192
productcatalogservice,productcatalogservice-6f8978567c-24c8g,1739747986,105635840
productcatalogservice,productcatalogservice-6f8978567c-24c8g,1739748286,106426368
productcatalogservice,productcatalogservice-6f8978567c-24c8g,1739748586,105558016
productcatalogservice,productcatalogservice-6f8978567c-24c8g,1739748886,105893888
productcatalogservice,productcatalogservice-6f8978567c-24c8g,1739749186,105603072
productcatalogservice,productcatalogservice-6f8978567c-24c8g,1739749486,105226240
productcatalogservice,productcatalogservice-6f8978567c-24c8g,1739749786,105721856
productcatalogservice,productcatalogservice-6f8978567c-24c8g,1739750086,106049536
productcatalogservice,productcatalogservice-6f8978567c-24c8g,1739750386,105590784
productcatalogservice,productcatalogservice-6f8978567c-24c8g,1739750686,105394176
productcatalogservice,productcatalogservice-6f8978567c-24c8g,1739750986,105885696
productcatalogservice,productcatalogservice-6f8978567c-24c8g,1739751286,106647552
productcatalogservice,productcatalogservice-6f8978567c-24c8g,1739751586,106278912
productcatalogservice,productcatalogservice-6f8978567c-24c8g,1739751886,106131456
productcatalogservice,productcatalogservice-6f8978567c-24c8g,1739752186,105594880
productcatalogservice,productcatalogservice-6f8978567c-24c8g,1739752486,108118016
productcatalogservice,productcatalogservice-6f8978567c-24c8g,1739752786,107741184
productcatalogservice,productcatalogservice-6f8978567c-24c8g,1739753086,108986368
productcatalogservice,productcatalogservice-6f8978567c-24c8g,1739753386,107622400
productcatalogservice,productcatalogservice-6f8978567c-24c8g,1739753686,107466752
productcatalogservice,productcatalogservice-6f8978567c-24c8g,1739753986,107393024
productcatalogservice,productcatalogservice-6f8978567c-24c8g,1739754286,107585536
productcatalogservice,productcatalogservice-6f8978567c-24c8g,1739754586,107405312
productcatalogservice,productcatalogservice-6f8978567c-24c8g,1739754886,107503616
productcatalogservice,productcatalogservice-6f8978567c-24c8g,1739755186,107167744
productcatalogservice,productcatalogservice-6f8978567c-24c8g,1739755486,107786240
productcatalogservice,productcatalogservice-6f8978567c-24c8g,1739755786,107593728
productcatalogservice,productcatalogservice-6f8978567c-24c8g,1739756086,108191744
productcatalogservice,productcatalogservice-6f8978567c-24c8g,1739756386,107294720
productcatalogservice,productcatalogservice-6f8978567c-24c8g,1739756686,107384832
productcatalogservice,productcatalogservice-6f8978567c-24c8g,1739756986,108093440
productcatalogservice,productcatalogservice-6f8978567c-24c8g,1739757286,108253184
productcatalogservice,productcatalogservice-6f8978567c-24c8g,1739757586,107675648
productcatalogservice,productcatalogservice-6f8978567c-24c8g,1739757886,107986944
productcatalogservice,productcatalogservice-6f8978567c-24c8g,1739758186,108224512
productcatalogservice,productcatalogservice-6f8978567c-24c8g,1739758486,107589632
productcatalogservice,productcatalogservice-6f8978567c-24c8g,1739758786,107798528
productcatalogservice,productcatalogservice-6f8978567c-24c8g,1739759086,107835392
productcatalogservice,productcatalogservice-6f8978567c-24c8g,1739759386,108003328
productcatalogservice,productcatalogservice-6f8978567c-24c8g,1739759686,108060672
productcatalogservice,productcatalogservice-6f8978567c-24c8g,1739759986,108183552
productcatalogservice,productcatalogservice-6f8978567c-24c8g,1739760286,108331008
productcatalogservice,productcatalogservice-6f8978567c-24c8g,1739760586,107737088
productcatalogservice,productcatalogservice-6f8978567c-24c8g,1739760886,107548672
productcatalogservice,productcatalogservice-6f8978567c-24c8g,1739761186,107630592
productcatalogservice,productcatalogservice-6f8978567c-24c8g,1739761486,108236800
productcatalogservice,productcatalogservice-6f8978567c-24c8g,1739761786,108134400
productcatalogservice,productcatalogservice-6f8978567c-24c8g,1739762086,108232704
productcatalogservice,productcatalogservice-6f8978567c-24c8g,1739762386,108019712
productcatalogservice,productcatalogservice-6f8978567c-24c8g,1739762686,108544000
productcatalogservice,productcatalogservice-6f8978567c-24c8g,1739762986,107970560
productcatalogservice,productcatalogservice-6f8978567c-24c8g,1739763286,108752896
productcatalogservice,productcatalogservice-6f8978567c-24c8g,1739763586,107757568
productcatalogservice,productcatalogservice-6f8978567c-24c8g,1739763886,108642304
productcatalogservice,productcatalogservice-6f8978567c-24c8g,1739764186,109056000
productcatalogservice,productcatalogservice-6f8978567c-24c8g,1739764486,108363776
productcatalogservice,productcatalogservice-6f8978567c-24c8g,1739764786,108666880
productcatalogservice,productcatalogservice-6f8978567c-24c8g,1739765086,108740608
productcatalogservice,productcatalogservice-6f8978567c-24c8g,1739765386,107913216
productcatalogservice,productcatalogservice-6f8978567c-24c8g,1739765686,107921408
productcatalogservice,productcatalogservice-6f8978567c-24c8g,1739765986,107802624
productcatalogservice,productcatalogservice-6f8978567c-24c8g,1739766286,107655168
productcatalogservice,productcatalogservice-6f8978567c-24c8g,1739766586,108089344
productcatalogservice,productcatalogservice-6f8978567c-24c8g,1739766886,108507136
productcatalogservice,productcatalogservice-6f8978567c-24c8g,1739767186,109293568
productcatalogservice,productcatalogservice-6f8978567c-24c8g,1739767486,108175360
productcatalogservice,productcatalogservice-6f8978567c-24c8g,1739767786,108232704
productcatalogservice,productcatalogservice-6f8978567c-24c8g,1739768086,108376064
productcatalogservice,productcatalogservice-6f8978567c-24c8g,1739768386,108843008
productcatalogservice,productcatalogservice-6f8978567c-24c8g,1739768686,107749376
productcatalogservice,productcatalogservice-6f8978567c-24c8g,1739768986,108015616
productcatalogservice,productcatalogservice-6f8978567c-24c8g,1739769286,108343296
productcatalogservice,productcatalogservice-6f8978567c-24c8g,1739769586,108507136
productcatalogservice,productcatalogservice-6f8978567c-24c8g,1739769886,108224512
productcatalogservice,productcatalogservice-6f8978567c-24c8g,1739770186,107761664
productcatalogservice,productcatalogservice-6f8978567c-24c8g,1739770486,108408832
productcatalogservice,productcatalogservice-6f8978567c-24c8g,1739770786,108593152
productcatalogservice,productcatalogservice-6f8978567c-24c8g,1739771086,108326912
productcatalogservice,productcatalogservice-6f8978567c-24c8g,1739771386,108969984
productcatalogservice,productcatalogservice-6f8978567c-24c8g,1739771686,108527616
productcatalogservice,productcatalogservice-6f8978567c-24c8g,1739771986,108204032
productcatalogservice,productcatalogservice-6f8978567c-24c8g,1739772286,108077056
productcatalogservice,productcatalogservice-6f8978567c-24c8g,1739772586,108253184
productcatalogservice,productcatalogservice-6f8978567c-24c8g,1739772886,108929024
productcatalogservice,productcatalogservice-6f8978567c-24c8g,1739773186,107696128
productcatalogservice,productcatalogservice-6f8978567c-24c8g,1739773486,108085248
productcatalogservice,productcatalogservice-6f8978567c-24c8g,1739773786,107565056
productcatalogservice,productcatalogservice-6f8978567c-24c8g,1739774086,107896832
productcatalogservice,productcatalogservice-6f8978567c-24c8g,1739774386,108658688
productcatalogservice,productcatalogservice-6f8978567c-24c8g,1739774686,108986368
productcatalogservice,productcatalogservice-6f8978567c-24c8g,1739774986,108843008
productcatalogservice,productcatalogservice-6f8978567c-24c8g,1739775286,108560384
productcatalogservice,productcatalogservice-6f8978567c-24c8g,1739775586,108404736
productcatalogservice,productcatalogservice-6f8978567c-24c8g,1739775886,108527616
productcatalogservice,productcatalogservice-6f8978567c-24c8g,1739776186,108789760
productcatalogservice,productcatalogservice-6f8978567c-24c8g,1739776486,108564480
productcatalogservice,productcatalogservice-6f8978567c-24c8g,1739776786,108392448
productcatalogservice,productcatalogservice-6f8978567c-24c8g,1739777086,108707840
productcatalogservice,productcatalogservice-6f8978567c-24c8g,1739777386,108818432
productcatalogservice,productcatalogservice-6f8978567c-24c8g,1739777686,109232128
productcatalogservice,productcatalogservice-6f8978567c-24c8g,1739777986,108847104
productcatalogservice,productcatalogservice-6f8978567c-24c8g,1739778286,108654592
productcatalogservice,productcatalogservice-6f8978567c-24c8g,1739778586,108687360
productcatalogservice,productcatalogservice-6f8978567c-24c8g,1739778886,108019712
productcatalogservice,productcatalogservice-6f8978567c-24c8g,1739779186,109142016
productcatalogservice,productcatalogservice-6f8978567c-24c8g,1739779486,108556288
productcatalogservice,productcatalogservice-6f8978567c-24c8g,1739779786,108544000
productcatalogservice,productcatalogservice-6f8978567c-24c8g,1739780086,109936640
productcatalogservice,productcatalogservice-6f8978567c-24c8g,1739780386,108642304
productcatalogservice,productcatalogservice-6f8978567c-24c8g,1739780686,108666880
productcatalogservice,productcatalogservice-6f8978567c-24c8g,1739780986,109498368
productcatalogservice,productcatalogservice-6f8978567c-24c8g,1739781286,108998656
productcatalogservice,productcatalogservice-6f8978567c-24c8g,1739781586,109236224
productcatalogservice,productcatalogservice-6f8978567c-24c8g,1739781886,109674496
productcatalogservice,productcatalogservice-6f8978567c-24c8g,1739782186,109662208
productcatalogservice,productcatalogservice-6f8978567c-24c8g,1739782486,109240320
productcatalogservice,productcatalogservice-6f8978567c-24c8g,1739782786,109367296
productcatalogservice,productcatalogservice-6f8978567c-24c8g,1739783086,109883392
productcatalogservice,productcatalogservice-6f8978567c-24c8g,1739783386,109514752
productcatalogservice,productcatalogservice-6f8978567c-24c8g,1739783686,108843008
productcatalogservice,productcatalogservice-6f8978567c-24c8g,1739783986,108761088
productcatalogservice,productcatalogservice-6f8978567c-24c8g,1739784286,109883392
productcatalogservice,productcatalogservice-6f8978567c-24c8g,1739784586,109490176
productcatalogservice,productcatalogservice-6f8978567c-24c8g,1739784886,109809664
productcatalogservice,productcatalogservice-6f8978567c-24c8g,1739785186,109670400
productcatalogservice,productcatalogservice-6f8978567c-24c8g,1739785486,109461504
productcatalogservice,productcatalogservice-6f8978567c-24c8g,1739785786,109600768
productcatalogservice,productcatalogservice-6f8978567c-24c8g,1739786086,110145536
productcatalogservice,productcatalogservice-6f8978567c-24c8g,1739786386,109408256
productcatalogservice,productcatalogservice-6f8978567c-24c8g,1739786686,109379584
productcatalogservice,productcatalogservice-6f8978567c-24c8g,1739786986,109608960
productcatalogservice,productcatalogservice-6f8978567c-24c8g,1739787286,109006848
productcatalogservice,productcatalogservice-6f8978567c-24c8g,1739787586,109154304
productcatalogservice,productcatalogservice-6f8978567c-24c8g,1739787886,109146112
productcatalogservice,productcatalogservice-6f8978567c-24c8g,1739788186,109760512
productcatalogservice,productcatalogservice-6f8978567c-24c8g,1739788486,109707264
productcatalogservice,productcatalogservice-6f8978567c-24c8g,1739788786,110272512
productcatalogservice,productcatalogservice-6f8978567c-24c8g,1739789086,109256704
productcatalogservice,productcatalogservice-6f8978567c-24c8g,1739789386,109645824
productcatalogservice,productcatalogservice-6f8978567c-24c8g,1739789686,109117440
productcatalogservice,productcatalogservice-6f8978567c-24c8g,1739789986,109223936
productcatalogservice,productcatalogservice-6f8978567c-24c8g,1739790286,108621824
productcatalogservice,productcatalogservice-6f8978567c-24c8g,1739790586,108883968
productcatalogservice,productcatalogservice-6f8978567c-24c8g,1739790886,109260800
productcatalogservice,productcatalogservice-6f8978567c-24c8g,1739791186,108969984
productcatalogservice,productcatalogservice-6f8978567c-24c8g,1739791486,109285376
productcatalogservice,productcatalogservice-6f8978567c-24c8g,1739791786,108867584
productcatalogservice,productcatalogservice-6f8978567c-24c8g,1739792086,109531136
productcatalogservice,productcatalogservice-6f8978567c-24c8g,1739792386,109379584
productcatalogservice,productcatalogservice-6f8978567c-24c8g,1739792686,109432832
productcatalogservice,productcatalogservice-6f8978567c-24c8g,1739792986,109207552
productcatalogservice,productcatalogservice-6f8978567c-24c8g,1739793286,109109248
productcatalogservice,productcatalogservice-6f8978567c-24c8g,1739793586,108814336
productcatalogservice,productcatalogservice-6f8978567c-24c8g,1739793886,109326336
productcatalogservice,productcatalogservice-6f8978567c-24c8g,1739794186,108883968
productcatalogservice,productcatalogservice-6f8978567c-24c8g,1739794486,110944256
productcatalogservice,productcatalogservice-6f8978567c-24c8g,1739794786,110796800
productcatalogservice,productcatalogservice-6f8978567c-24c8g,1739795086,111022080
productcatalogservice,productcatalogservice-6f8978567c-24c8g,1739795386,110985216
productcatalogservice,productcatalogservice-6f8978567c-24c8g,1739795686,110710784
productcatalogservice,productcatalogservice-6f8978567c-24c8g,1739795986,111730688
productcatalogservice,productcatalogservice-6f8978567c-24c8g,1739796286,110833664
productcatalogservice,productcatalogservice-6f8978567c-24c8g,1739796586,111058944
productcatalogservice,productcatalogservice-6f8978567c-24c8g,1739796886,95215616
productcatalogservice,productcatalogservice-6f8978567c-24c8g,1739797186,96460800
productcatalogservice,productcatalogservice-6f8978567c-24c8g,1739797486,96497664
productcatalogservice,productcatalogservice-6f8978567c-24c8g,1739797786,99340288
productcatalogservice,productcatalogservice-6f8978567c-24c8g,1739798086,99516416
productcatalogservice,productcatalogservice-6f8978567c-24c8g,1739798386,99594240
productcatalogservice,productcatalogservice-6f8978567c-24c8g,1739798686,99565568
productcatalogservice,productcatalogservice-6f8978567c-24c8g,1739798986,99500032
productcatalogservice,productcatalogservice-6f8978567c-24c8g,1739799286,99999744
productcatalogservice,productcatalogservice-6f8978567c-24c8g,1739799586,100274176
productcatalogservice,productcatalogservice-6f8978567c-24c8g,1739799886,100605952
productcatalogservice,productcatalogservice-6f8978567c-24c8g,1739800186,100265984
productcatalogservice,productcatalogservice-6f8978567c-24c8g,1739800486,100315136
productcatalogservice,productcatalogservice-6f8978567c-24c8g,1739800786,100597760
productcatalogservice,productcatalogservice-6f8978567c-24c8g,1739801086,100126720
productcatalogservice,productcatalogservice-6f8978567c-24c8g,1739801386,100646912
productcatalogservice,productcatalogservice-6f8978567c-24c8g,1739801686,100544512
productcatalogservice,productcatalogservice-6f8978567c-24c8g,1739801986,101105664
productcatalogservice,productcatalogservice-6f8978567c-24c8g,1739802286,102109184
productcatalogservice,productcatalogservice-6f8978567c-24c8g,1739802586,103444480
productcatalogservice,productcatalogservice-6f8978567c-24c8g,1739802886,102031360
productcatalogservice,productcatalogservice-6f8978567c-24c8g,1739803186,103145472
productcatalogservice,productcatalogservice-6f8978567c-24c8g,1739803486,102572032
productcatalogservice,productcatalogservice-6f8978567c-24c8g,1739803786,102678528
productcatalogservice,productcatalogservice-6f8978567c-24c8g,1739804086,102526976
productcatalogservice,productcatalogservice-6f8978567c-24c8g,1739804386,102862848
productcatalogservice,productcatalogservice-6f8978567c-24c8g,1739804686,102608896
productcatalogservice,productcatalogservice-6f8978567c-24c8g,1739804986,102711296
productcatalogservice,productcatalogservice-6f8978567c-24c8g,1739805286,102653952
productcatalogservice,productcatalogservice-6f8978567c-24c8g,1739805586,102699008
productcatalogservice,productcatalogservice-6f8978567c-24c8g,1739805886,102674432
productcatalogservice,productcatalogservice-6f8978567c-24c8g,1739806186,102514688
productcatalogservice,productcatalogservice-6f8978567c-24c8g,1739806486,101343232
productcatalogservice,productcatalogservice-6f8978567c-24c8g,1739806786,103161856
productcatalogservice,productcatalogservice-6f8978567c-24c8g,1739807086,102236160
productcatalogservice,productcatalogservice-6f8978567c-24c8g,1739807386,102715392
productcatalogservice,productcatalogservice-6f8978567c-24c8g,1739807686,102367232
productcatalogservice,productcatalogservice-6f8978567c-24c8g,1739807986,102531072
productcatalogservice,productcatalogservice-6f8978567c-24c8g,1739808286,103153664
productcatalogservice,productcatalogservice-6f8978567c-24c8g,1739808586,102981632
productcatalogservice,productcatalogservice-6f8978567c-24c8g,1739808886,103194624
productcatalogservice,productcatalogservice-6f8978567c-24c8g,1739809186,103006208
productcatalogservice,productcatalogservice-6f8978567c-24c8g,1739809486,102346752
productcatalogservice,productcatalogservice-6f8978567c-24c8g,1739809786,103632896
productcatalogservice,productcatalogservice-6f8978567c-24c8g,1739810086,103497728
productcatalogservice,productcatalogservice-6f8978567c-24c8g,1739810386,103702528
productcatalogservice,productcatalogservice-6f8978567c-24c8g,1739810686,103587840
productcatalogservice,productcatalogservice-6f8978567c-24c8g,1739810986,103550976
productcatalogservice,productcatalogservice-6f8978567c-24c8g,1739811286,103526400
productcatalogservice,productcatalogservice-6f8978567c-24c8g,1739811586,103272448
productcatalogservice,productcatalogservice-6f8978567c-24c8g,1739811886,103419904
productcatalogservice,productcatalogservice-6f8978567c-24c8g,1739812186,102604800
productcatalogservice,productcatalogservice-6f8978567c-24c8g,1739812486,102903808
productcatalogservice,productcatalogservice-6f8978567c-24c8g,1739812786,102842368
productcatalogservice,productcatalogservice-6f8978567c-24c8g,1739813086,102596608
productcatalogservice,productcatalogservice-6f8978567c-24c8g,1739813386,102428672
productcatalogservice,productcatalogservice-6f8978567c-24c8g,1739813686,102748160
productcatalogservice,productcatalogservice-6f8978567c-24c8g,1739813986,102625280
productcatalogservice,productcatalogservice-6f8978567c-24c8g,1739814286,102912000
productcatalogservice,productcatalogservice-6f8978567c-24c8g,1739814586,103030784
productcatalogservice,productcatalogservice-6f8978567c-24c8g,1739814886,102744064
productcatalogservice,productcatalogservice-6f8978567c-24c8g,1739815186,102793216
productcatalogservice,productcatalogservice-6f8978567c-24c8g,1739815486,103309312
productcatalogservice,productcatalogservice-6f8978567c-24c8g,1739815786,102699008
productcatalogservice,productcatalogservice-6f8978567c-24c8g,1739816086,102871040
productcatalogservice,productcatalogservice-6f8978567c-24c8g,1739816386,102789120
productcatalogservice,productcatalogservice-6f8978567c-24c8g,1739816686,102854656
productcatalogservice,productcatalogservice-6f8978567c-24c8g,1739816986,103157760
productcatalogservice,productcatalogservice-6f8978567c-24c8g,1739817286,103383040
productcatalogservice,productcatalogservice-6f8978567c-24c8g,1739817586,103157760
productcatalogservice,productcatalogservice-6f8978567c-24c8g,1739817886,103165952
productcatalogservice,productcatalogservice-6f8978567c-24c8g,1739818186,103034880
productcatalogservice,productcatalogservice-6f8978567c-24c8g,1739818486,103702528
productcatalogservice,productcatalogservice-6f8978567c-24c8g,1739818786,104181760
productcatalogservice,productcatalogservice-6f8978567c-24c8g,1739819086,103763968
productcatalogservice,productcatalogservice-6f8978567c-24c8g,1739819386,103174144
productcatalogservice,productcatalogservice-6f8978567c-24c8g,1739819686,103198720
productcatalogservice,productcatalogservice-6f8978567c-24c8g,1739819986,102866944
productcatalogservice,productcatalogservice-6f8978567c-24c8g,1739820286,103174144
productcatalogservice,productcatalogservice-6f8978567c-24c8g,1739820586,103297024
productcatalogservice,productcatalogservice-6f8978567c-24c8g,1739820886,103530496
productcatalogservice,productcatalogservice-6f8978567c-24c8g,1739821186,103809024
productcatalogservice,productcatalogservice-6f8978567c-24c8g,1739821486,102752256
productcatalogservice,productcatalogservice-6f8978567c-24c8g,1739821786,103276544
productcatalogservice,productcatalogservice-6f8978567c-24c8g,1739822086,103084032
productcatalogservice,productcatalogservice-6f8978567c-24c8g,1739822386,102596608
productcatalogservice,productcatalogservice-6f8978567c-24c8g,1739822686,103342080
productcatalogservice,productcatalogservice-6f8978567c-24c8g,1739822986,103460864
productcatalogservice,productcatalogservice-6f8978567c-24c8g,1739823286,104030208
productcatalogservice,productcatalogservice-6f8978567c-24c8g,1739823586,103518208
productcatalogservice,productcatalogservice-6f8978567c-24c8g,1739823886,102330368
productcatalogservice,productcatalogservice-6f8978567c-24c8g,1739824186,102617088
productcatalogservice,productcatalogservice-6f8978567c-24c8g,1739824486,103206912
productcatalogservice,productcatalogservice-6f8978567c-24c8g,1739824786,102875136
productcatalogservice,productcatalogservice-6f8978567c-24c8g,1739825086,102146048
productcatalogservice,productcatalogservice-6f8978567c-24c8g,1739825386,103395328
productcatalogservice,productcatalogservice-6f8978567c-24c8g,1739825686,103124992
productcatalogservice,productcatalogservice-6f8978567c-24c8g,1739825986,103129088
productcatalogservice,productcatalogservice-6f8978567c-24c8g,1739826286,102793216
productcatalogservice,productcatalogservice-6f8978567c-24c8g,1739826586,103485440
productcatalogservice,productcatalogservice-6f8978567c-24c8g,1739826886,91529216
productcatalogservice,productcatalogservice-6f8978567c-24c8g,1739827186,93487104
productcatalogservice,productcatalogservice-6f8978567c-24c8g,1739827486,97947648
productcatalogservice,productcatalogservice-6f8978567c-24c8g,1739827786,98582528
productcatalogservice,productcatalogservice-6f8978567c-24c8g,1739828086,98680832
productcatalogservice,productcatalogservice-6f8978567c-24c8g,1739828386,98557952
productcatalogservice,productcatalogservice-6f8978567c-24c8g,1739828686,99405824
productcatalogservice,productcatalogservice-6f8978567c-24c8g,1739828986,99414016
productcatalogservice,productcatalogservice-6f8978567c-24c8g,1739829286,99667968
productcatalogservice,productcatalogservice-6f8978567c-24c8g,1739829586,100044800
productcatalogservice,productcatalogservice-6f8978567c-24c8g,1739829886,100569088
productcatalogservice,productcatalogservice-6f8978567c-24c8g,1739830186,99844096
productcatalogservice,productcatalogservice-6f8978567c-24c8g,1739830486,99848192
productcatalogservice,productcatalogservice-6f8978567c-24c8g,1739830786,99840000
productcatalogservice,productcatalogservice-6f8978567c-24c8g,1739831086,101613568
productcatalogservice,productcatalogservice-6f8978567c-24c8g,1739831386,100114432
frontend,frontend-7dcd79f498-lm8q8,1739226586,105988096
frontend,frontend-7dcd79f498-lm8q8,1739226886,107937792
frontend,frontend-7dcd79f498-lm8q8,1739227186,106463232
frontend,frontend-7dcd79f498-lm8q8,1739227486,106151936
frontend,frontend-7dcd79f498-lm8q8,1739227786,109477888
frontend,frontend-7dcd79f498-lm8q8,1739228086,108380160
frontend,frontend-7dcd79f498-lm8q8,1739228386,109445120
frontend,frontend-7dcd79f498-lm8q8,1739228686,108687360
frontend,frontend-7dcd79f498-lm8q8,1739228986,112168960
frontend,frontend-7dcd79f498-lm8q8,1739229286,112332800
frontend,frontend-7dcd79f498-lm8q8,1739229586,111403008
frontend,frontend-7dcd79f498-lm8q8,1739229886,111202304
frontend,frontend-7dcd79f498-lm8q8,1739230186,113901568
frontend,frontend-7dcd79f498-lm8q8,1739230486,114446336
frontend,frontend-7dcd79f498-lm8q8,1739230786,113041408
frontend,frontend-7dcd79f498-lm8q8,1739231086,114049024
frontend,frontend-7dcd79f498-lm8q8,1739231386,113012736
frontend,frontend-7dcd79f498-lm8q8,1739231686,113754112
frontend,frontend-7dcd79f498-lm8q8,1739231986,113602560
frontend,frontend-7dcd79f498-lm8q8,1739232286,114044928
frontend,frontend-7dcd79f498-lm8q8,1739232586,114425856
frontend,frontend-7dcd79f498-lm8q8,1739232886,114384896
frontend,frontend-7dcd79f498-lm8q8,1739233186,114085888
frontend,frontend-7dcd79f498-lm8q8,1739233486,114839552
frontend,frontend-7dcd79f498-lm8q8,1739233786,113938432
frontend,frontend-7dcd79f498-lm8q8,1739234086,114569216
frontend,frontend-7dcd79f498-lm8q8,1739234386,117207040
frontend,frontend-7dcd79f498-lm8q8,1739234686,116662272
frontend,frontend-7dcd79f498-lm8q8,1739234986,117309440
frontend,frontend-7dcd79f498-lm8q8,1739235286,116088832
frontend,frontend-7dcd79f498-lm8q8,1739235586,115523584
frontend,frontend-7dcd79f498-lm8q8,1739235886,115654656
frontend,frontend-7dcd79f498-lm8q8,1739236186,116420608
frontend,frontend-7dcd79f498-lm8q8,1739236486,116326400
frontend,frontend-7dcd79f498-lm8q8,1739236786,117710848
frontend,frontend-7dcd79f498-lm8q8,1739237086,116359168
frontend,frontend-7dcd79f498-lm8q8,1739237386,117858304
frontend,frontend-7dcd79f498-lm8q8,1739237686,117936128
frontend,frontend-7dcd79f498-lm8q8,1739237986,116703232
frontend,frontend-7dcd79f498-lm8q8,1739238286,116899840
frontend,frontend-7dcd79f498-lm8q8,1739238586,116760576
frontend,frontend-7dcd79f498-lm8q8,1739238886,116916224
frontend,frontend-7dcd79f498-lm8q8,1739239186,119091200
frontend,frontend-7dcd79f498-lm8q8,1739239486,118104064
frontend,frontend-7dcd79f498-lm8q8,1739239786,117248000
frontend,frontend-7dcd79f498-lm8q8,1739240086,114880512
frontend,frontend-7dcd79f498-lm8q8,1739240386,116277248
frontend,frontend-7dcd79f498-lm8q8,1739240686,115838976
frontend,frontend-7dcd79f498-lm8q8,1739240986,116023296
frontend,frontend-7dcd79f498-lm8q8,1739241286,116240384
frontend,frontend-7dcd79f498-lm8q8,1739241586,116785152
frontend,frontend-7dcd79f498-lm8q8,1739241886,116310016
frontend,frontend-7dcd79f498-lm8q8,1739242186,116133888
frontend,frontend-7dcd79f498-lm8q8,1739242486,116502528
frontend,frontend-7dcd79f498-lm8q8,1739242786,116740096
frontend,frontend-7dcd79f498-lm8q8,1739243086,118439936
frontend,frontend-7dcd79f498-lm8q8,1739243386,117403648
frontend,frontend-7dcd79f498-lm8q8,1739243686,117137408
frontend,frontend-7dcd79f498-lm8q8,1739243986,118177792
frontend,frontend-7dcd79f498-lm8q8,1739244286,118198272
frontend,frontend-7dcd79f498-lm8q8,1739244586,117903360
frontend,frontend-7dcd79f498-lm8q8,1739244886,118079488
frontend,frontend-7dcd79f498-lm8q8,1739245186,116121600
frontend,frontend-7dcd79f498-lm8q8,1739245486,117276672
frontend,frontend-7dcd79f498-lm8q8,1739245786,119123968
frontend,frontend-7dcd79f498-lm8q8,1739246086,119103488
frontend,frontend-7dcd79f498-lm8q8,1739246386,119488512
frontend,frontend-7dcd79f498-lm8q8,1739246686,119562240
frontend,frontend-7dcd79f498-lm8q8,1739246986,120229888
frontend,frontend-7dcd79f498-lm8q8,1739247286,120385536
frontend,frontend-7dcd79f498-lm8q8,1739247586,120983552
frontend,frontend-7dcd79f498-lm8q8,1739247886,122060800
frontend,frontend-7dcd79f498-lm8q8,1739248186,122802176
frontend,frontend-7dcd79f498-lm8q8,1739248486,124071936
frontend,frontend-7dcd79f498-lm8q8,1739248786,127279104
frontend,frontend-7dcd79f498-lm8q8,1739249086,125657088
frontend,frontend-7dcd79f498-lm8q8,1739249386,132333568
frontend,frontend-7dcd79f498-lm8q8,1739249686,134184960
frontend,frontend-7dcd79f498-lm8q8,1739249986,135872512
frontend,frontend-7dcd79f498-lm8q8,1739250286,134541312
frontend,frontend-7dcd79f498-lm8q8,1739250586,135680000
frontend,frontend-7dcd79f498-lm8q8,1739250886,138039296
frontend,frontend-7dcd79f498-lm8q8,1739251186,133443584
frontend,frontend-7dcd79f498-lm8q8,1739251486,137666560
frontend,frontend-7dcd79f498-lm8q8,1739251786,137105408
frontend,frontend-7dcd79f498-lm8q8,1739252086,141668352
frontend,frontend-7dcd79f498-lm8q8,1739252386,140509184
frontend,frontend-7dcd79f498-lm8q8,1739252686,143187968
frontend,frontend-7dcd79f498-lm8q8,1739252986,141705216
frontend,frontend-7dcd79f498-lm8q8,1739253286,148365312
frontend,frontend-7dcd79f498-lm8q8,1739253586,149524480
frontend,frontend-7dcd79f498-lm8q8,1739253886,146296832
frontend,frontend-7dcd79f498-lm8q8,1739254186,151138304
frontend,frontend-7dcd79f498-lm8q8,1739254486,154554368
frontend,frontend-7dcd79f498-lm8q8,1739254786,152965120
frontend,frontend-7dcd79f498-lm8q8,1739255086,148852736
frontend,frontend-7dcd79f498-lm8q8,1739255386,150982656
frontend,frontend-7dcd79f498-lm8q8,1739255686,155463680
frontend,frontend-7dcd79f498-lm8q8,1739255986,151085056
frontend,frontend-7dcd79f498-lm8q8,1739256286,151044096
frontend,frontend-7dcd79f498-lm8q8,1739256586,159686656
frontend,frontend-7dcd79f498-lm8q8,1739256886,159809536
frontend,frontend-7dcd79f498-lm8q8,1739257186,164601856
frontend,frontend-7dcd79f498-lm8q8,1739257486,159404032
frontend,frontend-7dcd79f498-lm8q8,1739257786,170225664
frontend,frontend-7dcd79f498-lm8q8,1739258086,162893824
frontend,frontend-7dcd79f498-lm8q8,1739258386,162463744
frontend,frontend-7dcd79f498-lm8q8,1739258686,162299904
frontend,frontend-7dcd79f498-lm8q8,1739258986,162828288
frontend,frontend-7dcd79f498-lm8q8,1739259286,163524608
frontend,frontend-7dcd79f498-lm8q8,1739259586,173457408
frontend,frontend-7dcd79f498-lm8q8,1739259886,166830080
frontend,frontend-7dcd79f498-lm8q8,1739260186,166289408
frontend,frontend-7dcd79f498-lm8q8,1739260486,166469632
frontend,frontend-7dcd79f498-lm8q8,1739260786,165441536
frontend,frontend-7dcd79f498-lm8q8,1739261086,169791488
frontend,frontend-7dcd79f498-lm8q8,1739261386,162811904
frontend,frontend-7dcd79f498-lm8q8,1739261686,166383616
frontend,frontend-7dcd79f498-lm8q8,1739261986,164290560
frontend,frontend-7dcd79f498-lm8q8,1739262286,168247296
frontend,frontend-7dcd79f498-lm8q8,1739262586,173805568
frontend,frontend-7dcd79f498-lm8q8,1739262886,169603072
frontend,frontend-7dcd79f498-lm8q8,1739263186,177508352
frontend,frontend-7dcd79f498-lm8q8,1739263486,175697920
frontend,frontend-7dcd79f498-lm8q8,1739263786,170295296
frontend,frontend-7dcd79f498-lm8q8,1739264086,171831296
frontend,frontend-7dcd79f498-lm8q8,1739264386,170307584
frontend,frontend-7dcd79f498-lm8q8,1739264686,177385472
frontend,frontend-7dcd79f498-lm8q8,1739264986,182181888
frontend,frontend-7dcd79f498-lm8q8,1739265286,182050816
frontend,frontend-7dcd79f498-lm8q8,1739265586,191127552
frontend,frontend-7dcd79f498-lm8q8,1739265886,188801024
frontend,frontend-7dcd79f498-lm8q8,1739266186,187961344
frontend,frontend-7dcd79f498-lm8q8,1739266486,175476736
frontend,frontend-7dcd79f498-lm8q8,1739266786,186392576
frontend,frontend-7dcd79f498-lm8q8,1739267086,188444672
frontend,frontend-7dcd79f498-lm8q8,1739267386,188690432
frontend,frontend-7dcd79f498-lm8q8,1739267686,188461056
frontend,frontend-7dcd79f498-lm8q8,1739267986,187969536
frontend,frontend-7dcd79f498-lm8q8,1739268286,189128704
frontend,frontend-7dcd79f498-lm8q8,1739268586,188477440
frontend,frontend-7dcd79f498-lm8q8,1739268886,190296064
frontend,frontend-7dcd79f498-lm8q8,1739269186,189767680
frontend,frontend-7dcd79f498-lm8q8,1739269486,188637184
frontend,frontend-7dcd79f498-lm8q8,1739269786,200597504
frontend,frontend-7dcd79f498-lm8q8,1739270086,191963136
frontend,frontend-7dcd79f498-lm8q8,1739270386,204808192
frontend,frontend-7dcd79f498-lm8q8,1739270686,203218944
frontend,frontend-7dcd79f498-lm8q8,1739270986,196415488
frontend,frontend-7dcd79f498-lm8q8,1739271286,196227072
frontend,frontend-7dcd79f498-lm8q8,1739271586,198197248
frontend,frontend-7dcd79f498-lm8q8,1739271886,198946816
frontend,frontend-7dcd79f498-lm8q8,1739272186,197185536
frontend,frontend-7dcd79f498-lm8q8,1739272486,205910016
frontend,frontend-7dcd79f498-lm8q8,1739272786,193388544
frontend,frontend-7dcd79f498-lm8q8,1739273086,193024000
frontend,frontend-7dcd79f498-lm8q8,1739273386,209940480
frontend,frontend-7dcd79f498-lm8q8,1739273686,196702208
frontend,frontend-7dcd79f498-lm8q8,1739273986,197484544
frontend,frontend-7dcd79f498-lm8q8,1739274286,208486400
frontend,frontend-7dcd79f498-lm8q8,1739274586,207020032
frontend,frontend-7dcd79f498-lm8q8,1739274886,197967872
frontend,frontend-7dcd79f498-lm8q8,1739275186,198078464
frontend,frontend-7dcd79f498-lm8q8,1739275486,198094848
frontend,frontend-7dcd79f498-lm8q8,1739275786,198057984
frontend,frontend-7dcd79f498-lm8q8,1739276086,202043392
frontend,frontend-7dcd79f498-lm8q8,1739276386,200593408
frontend,frontend-7dcd79f498-lm8q8,1739276686,200056832
frontend,frontend-7dcd79f498-lm8q8,1739276986,199614464
frontend,frontend-7dcd79f498-lm8q8,1739277286,202719232
frontend,frontend-7dcd79f498-lm8q8,1739277586,199917568
frontend,frontend-7dcd79f498-lm8q8,1739277886,199507968
frontend,frontend-7dcd79f498-lm8q8,1739278186,201076736
frontend,frontend-7dcd79f498-lm8q8,1739278486,198672384
frontend,frontend-7dcd79f498-lm8q8,1739278786,201207808
frontend,frontend-7dcd79f498-lm8q8,1739279086,203673600
frontend,frontend-7dcd79f498-lm8q8,1739279386,216576000
frontend,frontend-7dcd79f498-lm8q8,1739279686,217030656
frontend,frontend-7dcd79f498-lm8q8,1739279986,219549696
frontend,frontend-7dcd79f498-lm8q8,1739280286,208474112
frontend,frontend-7dcd79f498-lm8q8,1739280586,207032320
frontend,frontend-7dcd79f498-lm8q8,1739280886,212566016
frontend,frontend-7dcd79f498-lm8q8,1739281186,207532032
frontend,frontend-7dcd79f498-lm8q8,1739281486,208756736
frontend,frontend-7dcd79f498-lm8q8,1739281786,206839808
frontend,frontend-7dcd79f498-lm8q8,1739282086,209555456
frontend,frontend-7dcd79f498-lm8q8,1739282386,208175104
frontend,frontend-7dcd79f498-lm8q8,1739282686,212582400
frontend,frontend-7dcd79f498-lm8q8,1739282986,214867968
frontend,frontend-7dcd79f498-lm8q8,1739283286,215187456
frontend,frontend-7dcd79f498-lm8q8,1739283586,216031232
frontend,frontend-7dcd79f498-lm8q8,1739283886,214749184
frontend,frontend-7dcd79f498-lm8q8,1739284186,216522752
frontend,frontend-7dcd79f498-lm8q8,1739284486,211144704
frontend,frontend-7dcd79f498-lm8q8,1739284786,213274624
frontend,frontend-7dcd79f498-lm8q8,1739285086,213352448
frontend,frontend-7dcd79f498-lm8q8,1739285386,218259456
frontend,frontend-7dcd79f498-lm8q8,1739285686,218791936
frontend,frontend-7dcd79f498-lm8q8,1739285986,185962496
frontend,frontend-7dcd79f498-lm8q8,1739286286,208265216
frontend,frontend-7dcd79f498-lm8q8,1739286586,208982016
frontend,frontend-7dcd79f498-lm8q8,1739286886,228978688
frontend,frontend-7dcd79f498-lm8q8,1739287186,210751488
frontend,frontend-7dcd79f498-lm8q8,1739287486,216186880
frontend,frontend-7dcd79f498-lm8q8,1739287786,100376576
frontend,frontend-7dcd79f498-lm8q8,1739288086,109121536
frontend,frontend-7dcd79f498-lm8q8,1739288386,116428800
frontend,frontend-7dcd79f498-lm8q8,1739288686,116621312
frontend,frontend-7dcd79f498-lm8q8,1739288986,116682752
frontend,frontend-7dcd79f498-lm8q8,1739289286,116695040
frontend,frontend-7dcd79f498-lm8q8,1739289586,116822016
frontend,frontend-7dcd79f498-lm8q8,1739289886,119828480
frontend,frontend-7dcd79f498-lm8q8,1739290186,119558144
frontend,frontend-7dcd79f498-lm8q8,1739290486,120315904
frontend,frontend-7dcd79f498-lm8q8,1739290786,120332288
frontend,frontend-7dcd79f498-lm8q8,1739291086,119615488
frontend,frontend-7dcd79f498-lm8q8,1739291386,120414208
frontend,frontend-7dcd79f498-lm8q8,1739291686,120737792
frontend,frontend-7dcd79f498-lm8q8,1739291986,122961920
frontend,frontend-7dcd79f498-lm8q8,1739292286,123592704
frontend,frontend-7dcd79f498-lm8q8,1739292586,124530688
frontend,frontend-7dcd79f498-lm8q8,1739292886,126115840
frontend,frontend-7dcd79f498-lm8q8,1739293186,123473920
frontend,frontend-7dcd79f498-lm8q8,1739293486,124141568
frontend,frontend-7dcd79f498-lm8q8,1739293786,125607936
frontend,frontend-7dcd79f498-lm8q8,1739294086,123781120
frontend,frontend-7dcd79f498-lm8q8,1739294386,123637760
frontend,frontend-7dcd79f498-lm8q8,1739294686,123854848
frontend,frontend-7dcd79f498-lm8q8,1739294986,124448768
frontend,frontend-7dcd79f498-lm8q8,1739295286,124956672
frontend,frontend-7dcd79f498-lm8q8,1739295586,123342848
frontend,frontend-7dcd79f498-lm8q8,1739295886,122978304
frontend,frontend-7dcd79f498-lm8q8,1739296186,125657088
frontend,frontend-7dcd79f498-lm8q8,1739296486,125751296
frontend,frontend-7dcd79f498-lm8q8,1739296786,125779968
frontend,frontend-7dcd79f498-lm8q8,1739297086,127918080
frontend,frontend-7dcd79f498-lm8q8,1739297386,128106496
frontend,frontend-7dcd79f498-lm8q8,1739297686,126984192
frontend,frontend-7dcd79f498-lm8q8,1739297986,129449984
frontend,frontend-7dcd79f498-lm8q8,1739298286,127950848
frontend,frontend-7dcd79f498-lm8q8,1739298586,127434752
frontend,frontend-7dcd79f498-lm8q8,1739298886,130498560
frontend,frontend-7dcd79f498-lm8q8,1739299186,128040960
frontend,frontend-7dcd79f498-lm8q8,1739299486,127459328
frontend,frontend-7dcd79f498-lm8q8,1739299786,127623168
frontend,frontend-7dcd79f498-lm8q8,1739300086,127791104
frontend,frontend-7dcd79f498-lm8q8,1739300386,127610880
frontend,frontend-7dcd79f498-lm8q8,1739300686,126869504
frontend,frontend-7dcd79f498-lm8q8,1739300986,127209472
frontend,frontend-7dcd79f498-lm8q8,1739301286,127614976
frontend,frontend-7dcd79f498-lm8q8,1739301586,127856640
frontend,frontend-7dcd79f498-lm8q8,1739301886,128077824
frontend,frontend-7dcd79f498-lm8q8,1739302186,128192512
frontend,frontend-7dcd79f498-lm8q8,1739302486,128909312
frontend,frontend-7dcd79f498-lm8q8,1739302786,128380928
frontend,frontend-7dcd79f498-lm8q8,1739303086,127672320
frontend,frontend-7dcd79f498-lm8q8,1739303386,128688128
frontend,frontend-7dcd79f498-lm8q8,1739303686,129564672
frontend,frontend-7dcd79f498-lm8q8,1739303986,128139264
frontend,frontend-7dcd79f498-lm8q8,1739304286,128794624
frontend,frontend-7dcd79f498-lm8q8,1739304586,127451136
frontend,frontend-7dcd79f498-lm8q8,1739304886,127500288
frontend,frontend-7dcd79f498-lm8q8,1739305186,127254528
frontend,frontend-7dcd79f498-lm8q8,1739305486,126861312
frontend,frontend-7dcd79f498-lm8q8,1739305786,128237568
frontend,frontend-7dcd79f498-lm8q8,1739306086,128311296
frontend,frontend-7dcd79f498-lm8q8,1739306386,128098304
frontend,frontend-7dcd79f498-lm8q8,1739306686,128475136
frontend,frontend-7dcd79f498-lm8q8,1739306986,128450560
frontend,frontend-7dcd79f498-lm8q8,1739307286,127942656
frontend,frontend-7dcd79f498-lm8q8,1739307586,129024000
frontend,frontend-7dcd79f498-lm8q8,1739307886,129916928
frontend,frontend-7dcd79f498-lm8q8,1739308186,130940928
frontend,frontend-7dcd79f498-lm8q8,1739308486,128671744
frontend,frontend-7dcd79f498-lm8q8,1739308786,129245184
frontend,frontend-7dcd79f498-lm8q8,1739309086,130875392
frontend,frontend-7dcd79f498-lm8q8,1739309386,130416640
frontend,frontend-7dcd79f498-lm8q8,1739309686,131092480
frontend,frontend-7dcd79f498-lm8q8,1739309986,132657152
frontend,frontend-7dcd79f498-lm8q8,1739310286,132444160
frontend,frontend-7dcd79f498-lm8q8,1739310586,132743168
frontend,frontend-7dcd79f498-lm8q8,1739310886,133832704
frontend,frontend-7dcd79f498-lm8q8,1739311186,132378624
frontend,frontend-7dcd79f498-lm8q8,1739311486,133750784
frontend,frontend-7dcd79f498-lm8q8,1739311786,132763648
frontend,frontend-7dcd79f498-lm8q8,1739312086,132775936
frontend,frontend-7dcd79f498-lm8q8,1739312386,132763648
frontend,frontend-7dcd79f498-lm8q8,1739312686,133062656
frontend,frontend-7dcd79f498-lm8q8,1739312986,132513792
frontend,frontend-7dcd79f498-lm8q8,1739313286,131870720
frontend,frontend-7dcd79f498-lm8q8,1739313586,132263936
frontend,frontend-7dcd79f498-lm8q8,1739313886,132591616
frontend,frontend-7dcd79f498-lm8q8,1739314186,133074944
frontend,frontend-7dcd79f498-lm8q8,1739314486,132915200
frontend,frontend-7dcd79f498-lm8q8,1739314786,133042176
frontend,frontend-7dcd79f498-lm8q8,1739315086,134254592
frontend,frontend-7dcd79f498-lm8q8,1739315386,133771264
frontend,frontend-7dcd79f498-lm8q8,1739315686,133541888
frontend,frontend-7dcd79f498-lm8q8,1739315986,134107136
frontend,frontend-7dcd79f498-lm8q8,1739316286,133148672
frontend,frontend-7dcd79f498-lm8q8,1739316586,133910528
frontend,frontend-7dcd79f498-lm8q8,1739316886,132784128
frontend,frontend-7dcd79f498-lm8q8,1739317186,133230592
frontend,frontend-7dcd79f498-lm8q8,1739317486,132362240
frontend,frontend-7dcd79f498-lm8q8,1739317786,133197824
frontend,frontend-7dcd79f498-lm8q8,1739318086,132165632
frontend,frontend-7dcd79f498-lm8q8,1739318386,132534272
frontend,frontend-7dcd79f498-lm8q8,1739318686,132677632
frontend,frontend-7dcd79f498-lm8q8,1739318986,133636096
frontend,frontend-7dcd79f498-lm8q8,1739319286,132681728
frontend,frontend-7dcd79f498-lm8q8,1739319586,133722112
frontend,frontend-7dcd79f498-lm8q8,1739319886,132571136
frontend,frontend-7dcd79f498-lm8q8,1739320186,133722112
frontend,frontend-7dcd79f498-lm8q8,1739320486,132685824
frontend,frontend-7dcd79f498-lm8q8,1739320786,134590464
frontend,frontend-7dcd79f498-lm8q8,1739321086,130510848
frontend,frontend-7dcd79f498-lm8q8,1739321386,132116480
frontend,frontend-7dcd79f498-lm8q8,1739321686,132079616
frontend,frontend-7dcd79f498-lm8q8,1739321986,132239360
frontend,frontend-7dcd79f498-lm8q8,1739322286,131637248
frontend,frontend-7dcd79f498-lm8q8,1739322586,132460544
frontend,frontend-7dcd79f498-lm8q8,1739322886,131977216
frontend,frontend-7dcd79f498-lm8q8,1739323186,133091328
frontend,frontend-7dcd79f498-lm8q8,1739323486,134283264
frontend,frontend-7dcd79f498-lm8q8,1739323786,133152768
frontend,frontend-7dcd79f498-lm8q8,1739324086,133877760
frontend,frontend-7dcd79f498-lm8q8,1739324386,133505024
frontend,frontend-7dcd79f498-lm8q8,1739324686,133222400
frontend,frontend-7dcd79f498-lm8q8,1739324986,133259264
frontend,frontend-7dcd79f498-lm8q8,1739325286,133562368
frontend,frontend-7dcd79f498-lm8q8,1739325586,133935104
frontend,frontend-7dcd79f498-lm8q8,1739325886,134881280
frontend,frontend-7dcd79f498-lm8q8,1739326186,134234112
frontend,frontend-7dcd79f498-lm8q8,1739326486,133627904
frontend,frontend-7dcd79f498-lm8q8,1739326786,134541312
frontend,frontend-7dcd79f498-lm8q8,1739327086,134565888
frontend,frontend-7dcd79f498-lm8q8,1739327386,134180864
frontend,frontend-7dcd79f498-lm8q8,1739327686,134930432
frontend,frontend-7dcd79f498-lm8q8,1739327986,135393280
frontend,frontend-7dcd79f498-lm8q8,1739328286,135593984
frontend,frontend-7dcd79f498-lm8q8,1739328586,135151616
frontend,frontend-7dcd79f498-lm8q8,1739328886,134926336
frontend,frontend-7dcd79f498-lm8q8,1739329186,135626752
frontend,frontend-7dcd79f498-lm8q8,1739329486,137416704
frontend,frontend-7dcd79f498-lm8q8,1739329786,135438336
frontend,frontend-7dcd79f498-lm8q8,1739330086,135569408
frontend,frontend-7dcd79f498-lm8q8,1739330386,134574080
frontend,frontend-7dcd79f498-lm8q8,1739330686,135135232
frontend,frontend-7dcd79f498-lm8q8,1739330986,133894144
frontend,frontend-7dcd79f498-lm8q8,1739331286,137973760
frontend,frontend-7dcd79f498-lm8q8,1739331586,137342976
frontend,frontend-7dcd79f498-lm8q8,1739331886,137072640
frontend,frontend-7dcd79f498-lm8q8,1739332186,137068544
frontend,frontend-7dcd79f498-lm8q8,1739332486,138313728
frontend,frontend-7dcd79f498-lm8q8,1739332786,137457664
frontend,frontend-7dcd79f498-lm8q8,1739333086,138321920
frontend,frontend-7dcd79f498-lm8q8,1739333386,137863168
frontend,frontend-7dcd79f498-lm8q8,1739333686,138108928
frontend,frontend-7dcd79f498-lm8q8,1739333986,137986048
frontend,frontend-7dcd79f498-lm8q8,1739334286,137273344
frontend,frontend-7dcd79f498-lm8q8,1739334586,139264000
frontend,frontend-7dcd79f498-lm8q8,1739334886,137256960
frontend,frontend-7dcd79f498-lm8q8,1739335186,137482240
frontend,frontend-7dcd79f498-lm8q8,1739335486,136826880
frontend,frontend-7dcd79f498-lm8q8,1739335786,137093120
frontend,frontend-7dcd79f498-lm8q8,1739336086,137555968
frontend,frontend-7dcd79f498-lm8q8,1739336386,138121216
frontend,frontend-7dcd79f498-lm8q8,1739336686,143937536
frontend,frontend-7dcd79f498-lm8q8,1739336986,143650816
frontend,frontend-7dcd79f498-lm8q8,1739337286,144883712
frontend,frontend-7dcd79f498-lm8q8,1739337586,146354176
frontend,frontend-7dcd79f498-lm8q8,1739337886,146313216
frontend,frontend-7dcd79f498-lm8q8,1739338186,146915328
frontend,frontend-7dcd79f498-lm8q8,1739338486,147521536
frontend,frontend-7dcd79f498-lm8q8,1739338786,148664320
frontend,frontend-7dcd79f498-lm8q8,1739339086,147312640
frontend,frontend-7dcd79f498-lm8q8,1739339386,148013056
frontend,frontend-7dcd79f498-lm8q8,1739339686,150032384
frontend,frontend-7dcd79f498-lm8q8,1739339986,152547328
frontend,frontend-7dcd79f498-lm8q8,1739340286,153264128
frontend,frontend-7dcd79f498-lm8q8,1739340586,157102080
frontend,frontend-7dcd79f498-lm8q8,1739340886,157233152
frontend,frontend-7dcd79f498-lm8q8,1739341186,157741056
frontend,frontend-7dcd79f498-lm8q8,1739341486,158138368
frontend,frontend-7dcd79f498-lm8q8,1739341786,158601216
frontend,frontend-7dcd79f498-lm8q8,1739342086,160215040
frontend,frontend-7dcd79f498-lm8q8,1739342386,161497088
frontend,frontend-7dcd79f498-lm8q8,1739342686,160468992
frontend,frontend-7dcd79f498-lm8q8,1739342986,160444416
frontend,frontend-7dcd79f498-lm8q8,1739343286,160530432
frontend,frontend-7dcd79f498-lm8q8,1739343586,160751616
frontend,frontend-7dcd79f498-lm8q8,1739343886,166211584
frontend,frontend-7dcd79f498-lm8q8,1739344186,165052416
frontend,frontend-7dcd79f498-lm8q8,1739344486,167436288
frontend,frontend-7dcd79f498-lm8q8,1739344786,162947072
frontend,frontend-7dcd79f498-lm8q8,1739345086,171692032
frontend,frontend-7dcd79f498-lm8q8,1739345386,176373760
frontend,frontend-7dcd79f498-lm8q8,1739345686,177446912
frontend,frontend-7dcd79f498-lm8q8,1739345986,177963008
frontend,frontend-7dcd79f498-lm8q8,1739346286,178491392
frontend,frontend-7dcd79f498-lm8q8,1739346586,178544640
frontend,frontend-7dcd79f498-lm8q8,1739346886,179146752
frontend,frontend-7dcd79f498-lm8q8,1739347186,178651136
frontend,frontend-7dcd79f498-lm8q8,1739347486,184045568
frontend,frontend-7dcd79f498-lm8q8,1739347786,180834304
frontend,frontend-7dcd79f498-lm8q8,1739348086,181010432
frontend,frontend-7dcd79f498-lm8q8,1739348386,180613120
frontend,frontend-7dcd79f498-lm8q8,1739348686,180191232
frontend,frontend-7dcd79f498-lm8q8,1739348986,180432896
frontend,frontend-7dcd79f498-lm8q8,1739349286,182005760
frontend,frontend-7dcd79f498-lm8q8,1739349586,179027968
frontend,frontend-7dcd79f498-lm8q8,1739349886,179888128
frontend,frontend-7dcd79f498-lm8q8,1739350186,182865920
frontend,frontend-7dcd79f498-lm8q8,1739350486,182181888
frontend,frontend-7dcd79f498-lm8q8,1739350786,182726656
frontend,frontend-7dcd79f498-lm8q8,1739351086,185737216
frontend,frontend-7dcd79f498-lm8q8,1739351386,184250368
frontend,frontend-7dcd79f498-lm8q8,1739351686,185102336
frontend,frontend-7dcd79f498-lm8q8,1739351986,184758272
frontend,frontend-7dcd79f498-lm8q8,1739352286,184614912
frontend,frontend-7dcd79f498-lm8q8,1739352586,184561664
frontend,frontend-7dcd79f498-lm8q8,1739352886,185634816
frontend,frontend-7dcd79f498-lm8q8,1739353186,183762944
frontend,frontend-7dcd79f498-lm8q8,1739353486,183730176
frontend,frontend-7dcd79f498-lm8q8,1739353786,186830848
frontend,frontend-7dcd79f498-lm8q8,1739354086,187752448
frontend,frontend-7dcd79f498-lm8q8,1739354386,191938560
frontend,frontend-7dcd79f498-lm8q8,1739354686,187494400
frontend,frontend-7dcd79f498-lm8q8,1739354986,188735488
frontend,frontend-7dcd79f498-lm8q8,1739355286,194723840
frontend,frontend-7dcd79f498-lm8q8,1739355586,191258624
frontend,frontend-7dcd79f498-lm8q8,1739355886,192651264
frontend,frontend-7dcd79f498-lm8q8,1739356186,193736704
frontend,frontend-7dcd79f498-lm8q8,1739356486,193552384
frontend,frontend-7dcd79f498-lm8q8,1739356786,193228800
frontend,frontend-7dcd79f498-lm8q8,1739357086,198967296
frontend,frontend-7dcd79f498-lm8q8,1739357386,198606848
frontend,frontend-7dcd79f498-lm8q8,1739357686,198209536
frontend,frontend-7dcd79f498-lm8q8,1739357986,200814592
frontend,frontend-7dcd79f498-lm8q8,1739358286,200949760
frontend,frontend-7dcd79f498-lm8q8,1739358586,202067968
frontend,frontend-7dcd79f498-lm8q8,1739358886,200900608
frontend,frontend-7dcd79f498-lm8q8,1739359186,201265152
frontend,frontend-7dcd79f498-lm8q8,1739359486,196579328
frontend,frontend-7dcd79f498-lm8q8,1739359786,196976640
frontend,frontend-7dcd79f498-lm8q8,1739360086,203239424
frontend,frontend-7dcd79f498-lm8q8,1739360386,199725056
frontend,frontend-7dcd79f498-lm8q8,1739360686,199835648
frontend,frontend-7dcd79f498-lm8q8,1739360986,200531968
frontend,frontend-7dcd79f498-lm8q8,1739361286,201740288
frontend,frontend-7dcd79f498-lm8q8,1739361586,199872512
frontend,frontend-7dcd79f498-lm8q8,1739361886,201986048
frontend,frontend-7dcd79f498-lm8q8,1739362186,201355264
frontend,frontend-7dcd79f498-lm8q8,1739362486,201687040
frontend,frontend-7dcd79f498-lm8q8,1739362786,200892416
frontend,frontend-7dcd79f498-lm8q8,1739363086,201523200
frontend,frontend-7dcd79f498-lm8q8,1739363386,206389248
frontend,frontend-7dcd79f498-lm8q8,1739363686,206147584
frontend,frontend-7dcd79f498-lm8q8,1739363986,208306176
frontend,frontend-7dcd79f498-lm8q8,1739364286,214593536
frontend,frontend-7dcd79f498-lm8q8,1739364586,199979008
frontend,frontend-7dcd79f498-lm8q8,1739364886,202067968
frontend,frontend-7dcd79f498-lm8q8,1739365186,205152256
frontend,frontend-7dcd79f498-lm8q8,1739365486,203767808
frontend,frontend-7dcd79f498-lm8q8,1739365786,204365824
frontend,frontend-7dcd79f498-lm8q8,1739366086,205443072
frontend,frontend-7dcd79f498-lm8q8,1739366386,205950976
frontend,frontend-7dcd79f498-lm8q8,1739366686,204795904
frontend,frontend-7dcd79f498-lm8q8,1739366986,205414400
frontend,frontend-7dcd79f498-lm8q8,1739367286,213626880
frontend,frontend-7dcd79f498-lm8q8,1739367586,211521536
frontend,frontend-7dcd79f498-lm8q8,1739367886,214978560
frontend,frontend-7dcd79f498-lm8q8,1739368186,212459520
frontend,frontend-7dcd79f498-lm8q8,1739368486,211046400
frontend,frontend-7dcd79f498-lm8q8,1739368786,213803008
frontend,frontend-7dcd79f498-lm8q8,1739369086,215093248
frontend,frontend-7dcd79f498-lm8q8,1739369386,214577152
frontend,frontend-7dcd79f498-lm8q8,1739369686,214306816
frontend,frontend-7dcd79f498-lm8q8,1739369986,213491712
frontend,frontend-7dcd79f498-lm8q8,1739370286,209563648
frontend,frontend-7dcd79f498-lm8q8,1739370586,214319104
frontend,frontend-7dcd79f498-lm8q8,1739370886,212914176
frontend,frontend-7dcd79f498-lm8q8,1739371186,213643264
frontend,frontend-7dcd79f498-lm8q8,1739371486,214093824
frontend,frontend-7dcd79f498-lm8q8,1739371786,215420928
frontend,frontend-7dcd79f498-lm8q8,1739372086,214777856
frontend,frontend-7dcd79f498-lm8q8,1739372386,217456640
frontend,frontend-7dcd79f498-lm8q8,1739372686,216240128
frontend,frontend-7dcd79f498-lm8q8,1739372986,215486464
frontend,frontend-7dcd79f498-lm8q8,1739373286,215920640
frontend,frontend-7dcd79f498-lm8q8,1739373586,216186880
frontend,frontend-7dcd79f498-lm8q8,1739373886,216408064
frontend,frontend-7dcd79f498-lm8q8,1739374186,221532160
frontend,frontend-7dcd79f498-lm8q8,1739374486,222556160
frontend,frontend-7dcd79f498-lm8q8,1739374786,224120832
frontend,frontend-7dcd79f498-lm8q8,1739375086,240005120
frontend,frontend-7dcd79f498-lm8q8,1739375386,228413440
frontend,frontend-7dcd79f498-lm8q8,1739375686,219058176
frontend,frontend-7dcd79f498-lm8q8,1739375986,222666752
frontend,frontend-7dcd79f498-lm8q8,1739376286,224903168
frontend,frontend-7dcd79f498-lm8q8,1739376586,225161216
frontend,frontend-7dcd79f498-lm8q8,1739376886,224575488
frontend,frontend-7dcd79f498-lm8q8,1739377186,225275904
frontend,frontend-7dcd79f498-lm8q8,1739377486,225804288
frontend,frontend-7dcd79f498-lm8q8,1739377786,226746368
frontend,frontend-7dcd79f498-lm8q8,1739378086,233721856
frontend,frontend-7dcd79f498-lm8q8,1739378386,227885056
frontend,frontend-7dcd79f498-lm8q8,1739378686,226693120
frontend,frontend-7dcd79f498-lm8q8,1739378986,228077568
frontend,frontend-7dcd79f498-lm8q8,1739379286,231280640
frontend,frontend-7dcd79f498-lm8q8,1739379586,231616512
frontend,frontend-7dcd79f498-lm8q8,1739379886,243023872
frontend,frontend-7dcd79f498-lm8q8,1739380186,232665088
frontend,frontend-7dcd79f498-lm8q8,1739380486,232665088
frontend,frontend-7dcd79f498-lm8q8,1739380786,233922560
frontend,frontend-7dcd79f498-lm8q8,1739381086,233668608
frontend,frontend-7dcd79f498-lm8q8,1739381386,229101568
frontend,frontend-7dcd79f498-lm8q8,1739381686,230600704
frontend,frontend-7dcd79f498-lm8q8,1739381986,230281216
frontend,frontend-7dcd79f498-lm8q8,1739382286,232112128
frontend,frontend-7dcd79f498-lm8q8,1739382586,234397696
frontend,frontend-7dcd79f498-lm8q8,1739382886,231714816
frontend,frontend-7dcd79f498-lm8q8,1739383186,230445056
frontend,frontend-7dcd79f498-lm8q8,1739383486,233361408
frontend,frontend-7dcd79f498-lm8q8,1739383786,233140224
frontend,frontend-7dcd79f498-lm8q8,1739384086,233619456
frontend,frontend-7dcd79f498-lm8q8,1739384386,234704896
frontend,frontend-7dcd79f498-lm8q8,1739384686,238043136
frontend,frontend-7dcd79f498-lm8q8,1739384986,231829504
frontend,frontend-7dcd79f498-lm8q8,1739385286,230457344
frontend,frontend-7dcd79f498-lm8q8,1739385586,230039552
frontend,frontend-7dcd79f498-lm8q8,1739385886,231391232
frontend,frontend-7dcd79f498-lm8q8,1739386186,234921984
frontend,frontend-7dcd79f498-lm8q8,1739386486,232988672
frontend,frontend-7dcd79f498-lm8q8,1739386786,230895616
frontend,frontend-7dcd79f498-lm8q8,1739387086,94810112
frontend,frontend-7dcd79f498-lm8q8,1739387386,102776832
frontend,frontend-7dcd79f498-lm8q8,1739387686,103350272
frontend,frontend-7dcd79f498-lm8q8,1739387986,103337984
frontend,frontend-7dcd79f498-lm8q8,1739388286,103411712
frontend,frontend-7dcd79f498-lm8q8,1739388586,104886272
frontend,frontend-7dcd79f498-lm8q8,1739388886,102612992
frontend,frontend-7dcd79f498-lm8q8,1739389186,104808448
frontend,frontend-7dcd79f498-lm8q8,1739389486,104550400
frontend,frontend-7dcd79f498-lm8q8,1739389786,104996864
frontend,frontend-7dcd79f498-lm8q8,1739390086,105267200
frontend,frontend-7dcd79f498-lm8q8,1739390386,105598976
frontend,frontend-7dcd79f498-lm8q8,1739390686,110080000
frontend,frontend-7dcd79f498-lm8q8,1739390986,107556864
frontend,frontend-7dcd79f498-lm8q8,1739391286,107679744
frontend,frontend-7dcd79f498-lm8q8,1739391586,108363776
frontend,frontend-7dcd79f498-lm8q8,1739391886,108298240
frontend,frontend-7dcd79f498-lm8q8,1739392186,108331008
frontend,frontend-7dcd79f498-lm8q8,1739392486,112168960
frontend,frontend-7dcd79f498-lm8q8,1739392786,111284224
frontend,frontend-7dcd79f498-lm8q8,1739393086,113876992
frontend,frontend-7dcd79f498-lm8q8,1739393386,113029120
frontend,frontend-7dcd79f498-lm8q8,1739393686,115806208
frontend,frontend-7dcd79f498-lm8q8,1739393986,116781056
frontend,frontend-7dcd79f498-lm8q8,1739394286,115564544
frontend,frontend-7dcd79f498-lm8q8,1739394586,116494336
frontend,frontend-7dcd79f498-lm8q8,1739394886,117149696
frontend,frontend-7dcd79f498-lm8q8,1739395186,116953088
frontend,frontend-7dcd79f498-lm8q8,1739395486,116297728
frontend,frontend-7dcd79f498-lm8q8,1739395786,118104064
frontend,frontend-7dcd79f498-lm8q8,1739396086,116314112
frontend,frontend-7dcd79f498-lm8q8,1739396386,116797440
frontend,frontend-7dcd79f498-lm8q8,1739396686,116781056
frontend,frontend-7dcd79f498-lm8q8,1739396986,116666368
frontend,frontend-7dcd79f498-lm8q8,1739397286,117805056
frontend,frontend-7dcd79f498-lm8q8,1739397586,116105216
frontend,frontend-7dcd79f498-lm8q8,1739397886,116318208
frontend,frontend-7dcd79f498-lm8q8,1739398186,116219904
frontend,frontend-7dcd79f498-lm8q8,1739398486,116183040
frontend,frontend-7dcd79f498-lm8q8,1739398786,117239808
frontend,frontend-7dcd79f498-lm8q8,1739399086,116531200
frontend,frontend-7dcd79f498-lm8q8,1739399386,121061376
frontend,frontend-7dcd79f498-lm8q8,1739399686,121401344
frontend,frontend-7dcd79f498-lm8q8,1739399986,119611392
frontend,frontend-7dcd79f498-lm8q8,1739400286,119721984
frontend,frontend-7dcd79f498-lm8q8,1739400586,120049664
frontend,frontend-7dcd79f498-lm8q8,1739400886,119574528
frontend,frontend-7dcd79f498-lm8q8,1739401186,119603200
frontend,frontend-7dcd79f498-lm8q8,1739401486,120213504
frontend,frontend-7dcd79f498-lm8q8,1739401786,120467456
frontend,frontend-7dcd79f498-lm8q8,1739402086,120438784
frontend,frontend-7dcd79f498-lm8q8,1739402386,120877056
frontend,frontend-7dcd79f498-lm8q8,1739402686,120598528
frontend,frontend-7dcd79f498-lm8q8,1739402986,119603200
frontend,frontend-7dcd79f498-lm8q8,1739403286,119791616
frontend,frontend-7dcd79f498-lm8q8,1739403586,118927360
frontend,frontend-7dcd79f498-lm8q8,1739403886,119300096
frontend,frontend-7dcd79f498-lm8q8,1739404186,118939648
frontend,frontend-7dcd79f498-lm8q8,1739404486,119480320
frontend,frontend-7dcd79f498-lm8q8,1739404786,119898112
frontend,frontend-7dcd79f498-lm8q8,1739405086,120381440
frontend,frontend-7dcd79f498-lm8q8,1739405386,120627200
frontend,frontend-7dcd79f498-lm8q8,1739405686,120766464
frontend,frontend-7dcd79f498-lm8q8,1739405986,120373248
frontend,frontend-7dcd79f498-lm8q8,1739406286,121237504
frontend,frontend-7dcd79f498-lm8q8,1739406586,122265600
frontend,frontend-7dcd79f498-lm8q8,1739406886,120582144
frontend,frontend-7dcd79f498-lm8q8,1739407186,126066688
frontend,frontend-7dcd79f498-lm8q8,1739407486,123953152
frontend,frontend-7dcd79f498-lm8q8,1739407786,119623680
frontend,frontend-7dcd79f498-lm8q8,1739408086,121249792
frontend,frontend-7dcd79f498-lm8q8,1739408386,120958976
frontend,frontend-7dcd79f498-lm8q8,1739408686,120332288
frontend,frontend-7dcd79f498-lm8q8,1739408986,120979456
frontend,frontend-7dcd79f498-lm8q8,1739409286,120922112
frontend,frontend-7dcd79f498-lm8q8,1739409586,124518400
frontend,frontend-7dcd79f498-lm8q8,1739409886,124514304
frontend,frontend-7dcd79f498-lm8q8,1739410186,127164416
frontend,frontend-7dcd79f498-lm8q8,1739410486,127127552
frontend,frontend-7dcd79f498-lm8q8,1739410786,127660032
frontend,frontend-7dcd79f498-lm8q8,1739411086,130277376
frontend,frontend-7dcd79f498-lm8q8,1739411386,131424256
frontend,frontend-7dcd79f498-lm8q8,1739411686,130781184
frontend,frontend-7dcd79f498-lm8q8,1739411986,132673536
frontend,frontend-7dcd79f498-lm8q8,1739412286,136683520
frontend,frontend-7dcd79f498-lm8q8,1739412586,136323072
frontend,frontend-7dcd79f498-lm8q8,1739412886,135241728
frontend,frontend-7dcd79f498-lm8q8,1739413186,135942144
frontend,frontend-7dcd79f498-lm8q8,1739413486,136347648
frontend,frontend-7dcd79f498-lm8q8,1739413786,139186176
frontend,frontend-7dcd79f498-lm8q8,1739414086,141299712
frontend,frontend-7dcd79f498-lm8q8,1739414386,141406208
frontend,frontend-7dcd79f498-lm8q8,1739414686,146534400
frontend,frontend-7dcd79f498-lm8q8,1739414986,147673088
frontend,frontend-7dcd79f498-lm8q8,1739415286,147660800
frontend,frontend-7dcd79f498-lm8q8,1739415586,147365888
frontend,frontend-7dcd79f498-lm8q8,1739415886,147554304
frontend,frontend-7dcd79f498-lm8q8,1739416186,147128320
frontend,frontend-7dcd79f498-lm8q8,1739416486,151121920
frontend,frontend-7dcd79f498-lm8q8,1739416786,151097344
frontend,frontend-7dcd79f498-lm8q8,1739417086,156368896
frontend,frontend-7dcd79f498-lm8q8,1739417386,154927104
frontend,frontend-7dcd79f498-lm8q8,1739417686,151277568
frontend,frontend-7dcd79f498-lm8q8,1739417986,149827584
frontend,frontend-7dcd79f498-lm8q8,1739418286,158683136
frontend,frontend-7dcd79f498-lm8q8,1739418586,157503488
frontend,frontend-7dcd79f498-lm8q8,1739418886,163414016
frontend,frontend-7dcd79f498-lm8q8,1739419186,162820096
frontend,frontend-7dcd79f498-lm8q8,1739419486,163033088
frontend,frontend-7dcd79f498-lm8q8,1739419786,164548608
frontend,frontend-7dcd79f498-lm8q8,1739420086,170147840
frontend,frontend-7dcd79f498-lm8q8,1739420386,166035456
frontend,frontend-7dcd79f498-lm8q8,1739420686,164712448
frontend,frontend-7dcd79f498-lm8q8,1739420986,163766272
frontend,frontend-7dcd79f498-lm8q8,1739421286,164954112
frontend,frontend-7dcd79f498-lm8q8,1739421586,164937728
frontend,frontend-7dcd79f498-lm8q8,1739421886,168542208
frontend,frontend-7dcd79f498-lm8q8,1739422186,167432192
frontend,frontend-7dcd79f498-lm8q8,1739422486,185638912
frontend,frontend-7dcd79f498-lm8q8,1739422786,174084096
frontend,frontend-7dcd79f498-lm8q8,1739423086,172118016
frontend,frontend-7dcd79f498-lm8q8,1739423386,172654592
frontend,frontend-7dcd79f498-lm8q8,1739423686,172392448
frontend,frontend-7dcd79f498-lm8q8,1739423986,173572096
frontend,frontend-7dcd79f498-lm8q8,1739424286,175136768
frontend,frontend-7dcd79f498-lm8q8,1739424586,187412480
frontend,frontend-7dcd79f498-lm8q8,1739424886,183926784
frontend,frontend-7dcd79f498-lm8q8,1739425186,185434112
frontend,frontend-7dcd79f498-lm8q8,1739425486,183291904
frontend,frontend-7dcd79f498-lm8q8,1739425786,184467456
frontend,frontend-7dcd79f498-lm8q8,1739426086,184205312
frontend,frontend-7dcd79f498-lm8q8,1739426386,189132800
frontend,frontend-7dcd79f498-lm8q8,1739426686,186941440
frontend,frontend-7dcd79f498-lm8q8,1739426986,183828480
frontend,frontend-7dcd79f498-lm8q8,1739427286,183922688
frontend,frontend-7dcd79f498-lm8q8,1739427586,184651776
frontend,frontend-7dcd79f498-lm8q8,1739427886,192036864
frontend,frontend-7dcd79f498-lm8q8,1739428186,186728448
frontend,frontend-7dcd79f498-lm8q8,1739428486,185110528
frontend,frontend-7dcd79f498-lm8q8,1739428786,188116992
frontend,frontend-7dcd79f498-lm8q8,1739429086,187887616
frontend,frontend-7dcd79f498-lm8q8,1739429386,195932160
frontend,frontend-7dcd79f498-lm8q8,1739429686,187600896
frontend,frontend-7dcd79f498-lm8q8,1739429986,188973056
frontend,frontend-7dcd79f498-lm8q8,1739430286,197337088
frontend,frontend-7dcd79f498-lm8q8,1739430586,198189056
frontend,frontend-7dcd79f498-lm8q8,1739430886,196300800
frontend,frontend-7dcd79f498-lm8q8,1739431186,197169152
frontend,frontend-7dcd79f498-lm8q8,1739431486,198156288
frontend,frontend-7dcd79f498-lm8q8,1739431786,192606208
frontend,frontend-7dcd79f498-lm8q8,1739432086,193327104
frontend,frontend-7dcd79f498-lm8q8,1739432386,193814528
frontend,frontend-7dcd79f498-lm8q8,1739432686,192856064
frontend,frontend-7dcd79f498-lm8q8,1739432986,215625728
frontend,frontend-7dcd79f498-lm8q8,1739433286,207142912
frontend,frontend-7dcd79f498-lm8q8,1739433586,204845056
frontend,frontend-7dcd79f498-lm8q8,1739433886,206499840
frontend,frontend-7dcd79f498-lm8q8,1739434186,202244096
frontend,frontend-7dcd79f498-lm8q8,1739434486,203268096
frontend,frontend-7dcd79f498-lm8q8,1739434786,202280960
frontend,frontend-7dcd79f498-lm8q8,1739435086,202657792
frontend,frontend-7dcd79f498-lm8q8,1739435386,206196736
frontend,frontend-7dcd79f498-lm8q8,1739435686,203001856
frontend,frontend-7dcd79f498-lm8q8,1739435986,203210752
frontend,frontend-7dcd79f498-lm8q8,1739436286,203137024
frontend,frontend-7dcd79f498-lm8q8,1739436586,203948032
frontend,frontend-7dcd79f498-lm8q8,1739436886,204021760
frontend,frontend-7dcd79f498-lm8q8,1739437186,204128256
frontend,frontend-7dcd79f498-lm8q8,1739437486,207216640
frontend,frontend-7dcd79f498-lm8q8,1739437786,215879680
frontend,frontend-7dcd79f498-lm8q8,1739438086,208244736
frontend,frontend-7dcd79f498-lm8q8,1739438386,209690624
frontend,frontend-7dcd79f498-lm8q8,1739438686,209514496
frontend,frontend-7dcd79f498-lm8q8,1739438986,210374656
frontend,frontend-7dcd79f498-lm8q8,1739439286,220635136
frontend,frontend-7dcd79f498-lm8q8,1739439586,206196736
frontend,frontend-7dcd79f498-lm8q8,1739439886,208044032
frontend,frontend-7dcd79f498-lm8q8,1739440186,220237824
frontend,frontend-7dcd79f498-lm8q8,1739440486,215113728
frontend,frontend-7dcd79f498-lm8q8,1739440786,208457728
frontend,frontend-7dcd79f498-lm8q8,1739441086,212275200
frontend,frontend-7dcd79f498-lm8q8,1739441386,209907712
frontend,frontend-7dcd79f498-lm8q8,1739441686,209080320
frontend,frontend-7dcd79f498-lm8q8,1739441986,210169856
frontend,frontend-7dcd79f498-lm8q8,1739442286,210448384
frontend,frontend-7dcd79f498-lm8q8,1739442586,209702912
frontend,frontend-7dcd79f498-lm8q8,1739442886,210665472
frontend,frontend-7dcd79f498-lm8q8,1739443186,210522112
frontend,frontend-7dcd79f498-lm8q8,1739443486,210120704
frontend,frontend-7dcd79f498-lm8q8,1739443786,210833408
frontend,frontend-7dcd79f498-lm8q8,1739444086,211550208
frontend,frontend-7dcd79f498-lm8q8,1739444386,211349504
frontend,frontend-7dcd79f498-lm8q8,1739444686,211488768
frontend,frontend-7dcd79f498-lm8q8,1739444986,211922944
frontend,frontend-7dcd79f498-lm8q8,1739445286,213577728
frontend,frontend-7dcd79f498-lm8q8,1739445586,214822912
frontend,frontend-7dcd79f498-lm8q8,1739445886,215994368
frontend,frontend-7dcd79f498-lm8q8,1739446186,217415680
frontend,frontend-7dcd79f498-lm8q8,1739446486,220041216
frontend,frontend-7dcd79f498-lm8q8,1739446786,220758016
frontend,frontend-7dcd79f498-lm8q8,1739447086,220889088
frontend,frontend-7dcd79f498-lm8q8,1739447386,220876800
frontend,frontend-7dcd79f498-lm8q8,1739447686,221499392
frontend,frontend-7dcd79f498-lm8q8,1739447986,222240768
frontend,frontend-7dcd79f498-lm8q8,1739448286,221212672
frontend,frontend-7dcd79f498-lm8q8,1739448586,220598272
frontend,frontend-7dcd79f498-lm8q8,1739448886,220020736
frontend,frontend-7dcd79f498-lm8q8,1739449186,221929472
frontend,frontend-7dcd79f498-lm8q8,1739449486,220102656
frontend,frontend-7dcd79f498-lm8q8,1739449786,221278208
frontend,frontend-7dcd79f498-lm8q8,1739450086,221388800
frontend,frontend-7dcd79f498-lm8q8,1739450386,220848128
frontend,frontend-7dcd79f498-lm8q8,1739450686,225624064
frontend,frontend-7dcd79f498-lm8q8,1739450986,223490048
frontend,frontend-7dcd79f498-lm8q8,1739451286,224796672
frontend,frontend-7dcd79f498-lm8q8,1739451586,229519360
frontend,frontend-7dcd79f498-lm8q8,1739451886,232558592
frontend,frontend-7dcd79f498-lm8q8,1739452186,230957056
frontend,frontend-7dcd79f498-lm8q8,1739452486,236355584
frontend,frontend-7dcd79f498-lm8q8,1739452786,230858752
frontend,frontend-7dcd79f498-lm8q8,1739453086,231997440
frontend,frontend-7dcd79f498-lm8q8,1739453386,231809024
frontend,frontend-7dcd79f498-lm8q8,1739453686,232493056
frontend,frontend-7dcd79f498-lm8q8,1739453986,231710720
frontend,frontend-7dcd79f498-lm8q8,1739454286,232177664
frontend,frontend-7dcd79f498-lm8q8,1739454586,232845312
frontend,frontend-7dcd79f498-lm8q8,1739454886,232243200
frontend,frontend-7dcd79f498-lm8q8,1739455186,232972288
frontend,frontend-7dcd79f498-lm8q8,1739455486,231677952
frontend,frontend-7dcd79f498-lm8q8,1739455786,230006784
frontend,frontend-7dcd79f498-lm8q8,1739456086,232501248
frontend,frontend-7dcd79f498-lm8q8,1739456386,229330944
frontend,frontend-7dcd79f498-lm8q8,1739456686,227024896
frontend,frontend-7dcd79f498-lm8q8,1739456986,230559744
frontend,frontend-7dcd79f498-lm8q8,1739457286,228888576
frontend,frontend-7dcd79f498-lm8q8,1739457586,231424000
frontend,frontend-7dcd79f498-lm8q8,1739457886,231522304
frontend,frontend-7dcd79f498-lm8q8,1739458186,235036672
frontend,frontend-7dcd79f498-lm8q8,1739458486,229810176
frontend,frontend-7dcd79f498-lm8q8,1739458786,229953536
frontend,frontend-7dcd79f498-lm8q8,1739459086,230109184
frontend,frontend-7dcd79f498-lm8q8,1739459386,233738240
frontend,frontend-7dcd79f498-lm8q8,1739459686,244150272
frontend,frontend-7dcd79f498-lm8q8,1739459986,234115072
frontend,frontend-7dcd79f498-lm8q8,1739460286,234852352
frontend,frontend-7dcd79f498-lm8q8,1739460586,234102784
frontend,frontend-7dcd79f498-lm8q8,1739460886,233512960
frontend,frontend-7dcd79f498-lm8q8,1739461186,234307584
frontend,frontend-7dcd79f498-lm8q8,1739461486,232996864
frontend,frontend-7dcd79f498-lm8q8,1739461786,236003328
frontend,frontend-7dcd79f498-lm8q8,1739462086,234287104
frontend,frontend-7dcd79f498-lm8q8,1739462386,233234432
frontend,frontend-7dcd79f498-lm8q8,1739462686,231211008
frontend,frontend-7dcd79f498-lm8q8,1739462986,229756928
frontend,frontend-7dcd79f498-lm8q8,1739463286,242597888
frontend,frontend-7dcd79f498-lm8q8,1739463586,229294080
frontend,frontend-7dcd79f498-lm8q8,1739463886,228999168
frontend,frontend-7dcd79f498-lm8q8,1739464186,228298752
frontend,frontend-7dcd79f498-lm8q8,1739464486,227016704
frontend,frontend-7dcd79f498-lm8q8,1739464786,232996864
frontend,frontend-7dcd79f498-lm8q8,1739465086,230187008
frontend,frontend-7dcd79f498-lm8q8,1739465386,231391232
frontend,frontend-7dcd79f498-lm8q8,1739465686,232050688
frontend,frontend-7dcd79f498-lm8q8,1739465986,229376000
frontend,frontend-7dcd79f498-lm8q8,1739466286,228880384
frontend,frontend-7dcd79f498-lm8q8,1739466586,228343808
frontend,frontend-7dcd79f498-lm8q8,1739466886,230170624
frontend,frontend-7dcd79f498-lm8q8,1739467186,229736448
frontend,frontend-7dcd79f498-lm8q8,1739467486,229634048
frontend,frontend-7dcd79f498-lm8q8,1739467786,229044224
frontend,frontend-7dcd79f498-lm8q8,1739468086,227868672
frontend,frontend-7dcd79f498-lm8q8,1739468386,228712448
frontend,frontend-7dcd79f498-lm8q8,1739468686,226992128
frontend,frontend-7dcd79f498-lm8q8,1739468986,226717696
frontend,frontend-7dcd79f498-lm8q8,1739469286,226742272
frontend,frontend-7dcd79f498-lm8q8,1739469586,227426304
frontend,frontend-7dcd79f498-lm8q8,1739469886,227516416
frontend,frontend-7dcd79f498-lm8q8,1739470186,232779776
frontend,frontend-7dcd79f498-lm8q8,1739470486,226480128
frontend,frontend-7dcd79f498-lm8q8,1739470786,226734080
frontend,frontend-7dcd79f498-lm8q8,1739471086,225906688
frontend,frontend-7dcd79f498-lm8q8,1739471386,225738752
frontend,frontend-7dcd79f498-lm8q8,1739471686,232697856
frontend,frontend-7dcd79f498-lm8q8,1739471986,226103296
frontend,frontend-7dcd79f498-lm8q8,1739472286,227966976
frontend,frontend-7dcd79f498-lm8q8,1739472586,226447360
frontend,frontend-7dcd79f498-lm8q8,1739472886,225783808
frontend,frontend-7dcd79f498-lm8q8,1739473186,226344960
frontend,frontend-7dcd79f498-lm8q8,1739473486,231706624
frontend,frontend-7dcd79f498-lm8q8,1739473786,231985152
frontend,frontend-7dcd79f498-lm8q8,1739474086,236158976
frontend,frontend-7dcd79f498-lm8q8,1739474386,227004416
frontend,frontend-7dcd79f498-lm8q8,1739474686,226598912
frontend,frontend-7dcd79f498-lm8q8,1739474986,225837056
frontend,frontend-7dcd79f498-lm8q8,1739475286,226648064
frontend,frontend-7dcd79f498-lm8q8,1739475586,227627008
frontend,frontend-7dcd79f498-lm8q8,1739475886,231997440
frontend,frontend-7dcd79f498-lm8q8,1739476186,228933632
frontend,frontend-7dcd79f498-lm8q8,1739476486,227762176
frontend,frontend-7dcd79f498-lm8q8,1739476786,229142528
frontend,frontend-7dcd79f498-lm8q8,1739477086,228356096
frontend,frontend-7dcd79f498-lm8q8,1739477386,228241408
frontend,frontend-7dcd79f498-lm8q8,1739477686,229044224
frontend,frontend-7dcd79f498-lm8q8,1739477986,233836544
frontend,frontend-7dcd79f498-lm8q8,1739478286,226734080
frontend,frontend-7dcd79f498-lm8q8,1739478586,227155968
frontend,frontend-7dcd79f498-lm8q8,1739478886,228315136
frontend,frontend-7dcd79f498-lm8q8,1739479186,228728832
frontend,frontend-7dcd79f498-lm8q8,1739479486,228401152
frontend,frontend-7dcd79f498-lm8q8,1739479786,227905536
frontend,frontend-7dcd79f498-lm8q8,1739480086,174194688
frontend,frontend-7dcd79f498-lm8q8,1739480386,175964160
frontend,frontend-7dcd79f498-lm8q8,1739480686,183803904
frontend,frontend-7dcd79f498-lm8q8,1739480986,183889920
frontend,frontend-7dcd79f498-lm8q8,1739481286,184852480
frontend,frontend-7dcd79f498-lm8q8,1739481586,183906304
frontend,frontend-7dcd79f498-lm8q8,1739481886,183648256
frontend,frontend-7dcd79f498-lm8q8,1739482186,182747136
frontend,frontend-7dcd79f498-lm8q8,1739482486,190435328
frontend,frontend-7dcd79f498-lm8q8,1739482786,184053760
frontend,frontend-7dcd79f498-lm8q8,1739483086,185315328
frontend,frontend-7dcd79f498-lm8q8,1739483386,185659392
frontend,frontend-7dcd79f498-lm8q8,1739483686,185147392
frontend,frontend-7dcd79f498-lm8q8,1739483986,185700352
frontend,frontend-7dcd79f498-lm8q8,1739484286,188628992
frontend,frontend-7dcd79f498-lm8q8,1739484586,188510208
frontend,frontend-7dcd79f498-lm8q8,1739484886,190840832
frontend,frontend-7dcd79f498-lm8q8,1739485186,188497920
frontend,frontend-7dcd79f498-lm8q8,1739485486,188780544
frontend,frontend-7dcd79f498-lm8q8,1739485786,191270912
frontend,frontend-7dcd79f498-lm8q8,1739486086,193355776
frontend,frontend-7dcd79f498-lm8q8,1739486386,191987712
frontend,frontend-7dcd79f498-lm8q8,1739486686,192540672
frontend,frontend-7dcd79f498-lm8q8,1739486986,192274432
frontend,frontend-7dcd79f498-lm8q8,1739487286,192122880
frontend,frontend-7dcd79f498-lm8q8,1739487586,192253952
frontend,frontend-7dcd79f498-lm8q8,1739487886,192376832
frontend,frontend-7dcd79f498-lm8q8,1739488186,192831488
frontend,frontend-7dcd79f498-lm8q8,1739488486,192417792
frontend,frontend-7dcd79f498-lm8q8,1739488786,192569344
frontend,frontend-7dcd79f498-lm8q8,1739489086,192290816
frontend,frontend-7dcd79f498-lm8q8,1739489386,193703936
frontend,frontend-7dcd79f498-lm8q8,1739489686,192360448
frontend,frontend-7dcd79f498-lm8q8,1739489986,193396736
frontend,frontend-7dcd79f498-lm8q8,1739490286,192503808
frontend,frontend-7dcd79f498-lm8q8,1739490586,192897024
frontend,frontend-7dcd79f498-lm8q8,1739490886,192880640
frontend,frontend-7dcd79f498-lm8q8,1739491186,191995904
frontend,frontend-7dcd79f498-lm8q8,1739491486,191901696
frontend,frontend-7dcd79f498-lm8q8,1739491786,191291392
frontend,frontend-7dcd79f498-lm8q8,1739492086,194482176
frontend,frontend-7dcd79f498-lm8q8,1739492386,192724992
frontend,frontend-7dcd79f498-lm8q8,1739492686,193404928
frontend,frontend-7dcd79f498-lm8q8,1739492986,192024576
frontend,frontend-7dcd79f498-lm8q8,1739493286,192278528
frontend,frontend-7dcd79f498-lm8q8,1739493586,191754240
frontend,frontend-7dcd79f498-lm8q8,1739493886,191922176
frontend,frontend-7dcd79f498-lm8q8,1739494186,191885312
frontend,frontend-7dcd79f498-lm8q8,1739494486,192323584
frontend,frontend-7dcd79f498-lm8q8,1739494786,191729664
frontend,frontend-7dcd79f498-lm8q8,1739495086,194121728
frontend,frontend-7dcd79f498-lm8q8,1739495386,194187264
frontend,frontend-7dcd79f498-lm8q8,1739495686,197505024
frontend,frontend-7dcd79f498-lm8q8,1739495986,194658304
frontend,frontend-7dcd79f498-lm8q8,1739496286,193126400
frontend,frontend-7dcd79f498-lm8q8,1739496586,192921600
frontend,frontend-7dcd79f498-lm8q8,1739496886,193077248
frontend,frontend-7dcd79f498-lm8q8,1739497186,194031616
frontend,frontend-7dcd79f498-lm8q8,1739497486,194007040
frontend,frontend-7dcd79f498-lm8q8,1739497786,196091904
frontend,frontend-7dcd79f498-lm8q8,1739498086,195977216
frontend,frontend-7dcd79f498-lm8q8,1739498386,195989504
frontend,frontend-7dcd79f498-lm8q8,1739498686,195760128
frontend,frontend-7dcd79f498-lm8q8,1739498986,195731456
frontend,frontend-7dcd79f498-lm8q8,1739499286,196513792
frontend,frontend-7dcd79f498-lm8q8,1739499586,197509120
frontend,frontend-7dcd79f498-lm8q8,1739499886,197054464
frontend,frontend-7dcd79f498-lm8q8,1739500186,197222400
frontend,frontend-7dcd79f498-lm8q8,1739500486,196894720
frontend,frontend-7dcd79f498-lm8q8,1739500786,197234688
frontend,frontend-7dcd79f498-lm8q8,1739501086,197767168
frontend,frontend-7dcd79f498-lm8q8,1739501386,197726208
frontend,frontend-7dcd79f498-lm8q8,1739501686,197816320
frontend,frontend-7dcd79f498-lm8q8,1739501986,198938624
frontend,frontend-7dcd79f498-lm8q8,1739502286,199454720
frontend,frontend-7dcd79f498-lm8q8,1739502586,199290880
frontend,frontend-7dcd79f498-lm8q8,1739502886,198299648
frontend,frontend-7dcd79f498-lm8q8,1739503186,201035776
frontend,frontend-7dcd79f498-lm8q8,1739503486,198713344
frontend,frontend-7dcd79f498-lm8q8,1739503786,199847936
frontend,frontend-7dcd79f498-lm8q8,1739504086,203632640
frontend,frontend-7dcd79f498-lm8q8,1739504386,203886592
frontend,frontend-7dcd79f498-lm8q8,1739504686,200593408
frontend,frontend-7dcd79f498-lm8q8,1739504986,203280384
frontend,frontend-7dcd79f498-lm8q8,1739505286,199471104
frontend,frontend-7dcd79f498-lm8q8,1739505586,200753152
frontend,frontend-7dcd79f498-lm8q8,1739505886,206086144
frontend,frontend-7dcd79f498-lm8q8,1739506186,201953280
frontend,frontend-7dcd79f498-lm8q8,1739506486,208228352
frontend,frontend-7dcd79f498-lm8q8,1739506786,207835136
frontend,frontend-7dcd79f498-lm8q8,1739507086,209100800
frontend,frontend-7dcd79f498-lm8q8,1739507386,207179776
frontend,frontend-7dcd79f498-lm8q8,1739507686,216276992
frontend,frontend-7dcd79f498-lm8q8,1739507986,209498112
frontend,frontend-7dcd79f498-lm8q8,1739508286,210980864
frontend,frontend-7dcd79f498-lm8q8,1739508586,210677760
frontend,frontend-7dcd79f498-lm8q8,1739508886,212725760
frontend,frontend-7dcd79f498-lm8q8,1739509186,213155840
frontend,frontend-7dcd79f498-lm8q8,1739509486,212008960
frontend,frontend-7dcd79f498-lm8q8,1739509786,211451904
frontend,frontend-7dcd79f498-lm8q8,1739510086,210124800
frontend,frontend-7dcd79f498-lm8q8,1739510386,211791872
frontend,frontend-7dcd79f498-lm8q8,1739510686,213090304
frontend,frontend-7dcd79f498-lm8q8,1739510986,210796544
frontend,frontend-7dcd79f498-lm8q8,1739511286,214732800
frontend,frontend-7dcd79f498-lm8q8,1739511586,219942912
frontend,frontend-7dcd79f498-lm8q8,1739511886,223285248
frontend,frontend-7dcd79f498-lm8q8,1739512186,219299840
frontend,frontend-7dcd79f498-lm8q8,1739512486,216018944
frontend,frontend-7dcd79f498-lm8q8,1739512786,215535616
frontend,frontend-7dcd79f498-lm8q8,1739513086,214278144
frontend,frontend-7dcd79f498-lm8q8,1739513386,215027712
frontend,frontend-7dcd79f498-lm8q8,1739513686,223444992
frontend,frontend-7dcd79f498-lm8q8,1739513986,225546240
frontend,frontend-7dcd79f498-lm8q8,1739514286,222814208
frontend,frontend-7dcd79f498-lm8q8,1739514586,222781440
frontend,frontend-7dcd79f498-lm8q8,1739514886,227635200
frontend,frontend-7dcd79f498-lm8q8,1739515186,224571392
frontend,frontend-7dcd79f498-lm8q8,1739515486,224727040
frontend,frontend-7dcd79f498-lm8q8,1739515786,225091584
frontend,frontend-7dcd79f498-lm8q8,1739516086,226451456
frontend,frontend-7dcd79f498-lm8q8,1739516386,216338432
frontend,frontend-7dcd79f498-lm8q8,1739516686,224894976
frontend,frontend-7dcd79f498-lm8q8,1739516986,221761536
frontend,frontend-7dcd79f498-lm8q8,1739517286,230363136
frontend,frontend-7dcd79f498-lm8q8,1739517586,221245440
frontend,frontend-7dcd79f498-lm8q8,1739517886,221372416
frontend,frontend-7dcd79f498-lm8q8,1739518186,223686656
frontend,frontend-7dcd79f498-lm8q8,1739518486,220119040
frontend,frontend-7dcd79f498-lm8q8,1739518786,219656192
frontend,frontend-7dcd79f498-lm8q8,1739519086,219529216
frontend,frontend-7dcd79f498-lm8q8,1739519386,220037120
frontend,frontend-7dcd79f498-lm8q8,1739519686,222908416
frontend,frontend-7dcd79f498-lm8q8,1739519986,231170048
frontend,frontend-7dcd79f498-lm8q8,1739520286,222670848
frontend,frontend-7dcd79f498-lm8q8,1739520586,221597696
frontend,frontend-7dcd79f498-lm8q8,1739520886,222654464
frontend,frontend-7dcd79f498-lm8q8,1739521186,221982720
frontend,frontend-7dcd79f498-lm8q8,1739521486,222830592
frontend,frontend-7dcd79f498-lm8q8,1739521786,221442048
frontend,frontend-7dcd79f498-lm8q8,1739522086,222560256
frontend,frontend-7dcd79f498-lm8q8,1739522386,222154752
frontend,frontend-7dcd79f498-lm8q8,1739522686,235204608
frontend,frontend-7dcd79f498-lm8q8,1739522986,225435648
frontend,frontend-7dcd79f498-lm8q8,1739523286,222863360
frontend,frontend-7dcd79f498-lm8q8,1739523586,224243712
frontend,frontend-7dcd79f498-lm8q8,1739523886,233197568
frontend,frontend-7dcd79f498-lm8q8,1739524186,226500608
frontend,frontend-7dcd79f498-lm8q8,1739524486,224755712
frontend,frontend-7dcd79f498-lm8q8,1739524786,227016704
frontend,frontend-7dcd79f498-lm8q8,1739525086,223125504
frontend,frontend-7dcd79f498-lm8q8,1739525386,221810688
frontend,frontend-7dcd79f498-lm8q8,1739525686,224055296
frontend,frontend-7dcd79f498-lm8q8,1739525986,224436224
frontend,frontend-7dcd79f498-lm8q8,1739526286,229150720
frontend,frontend-7dcd79f498-lm8q8,1739526586,227885056
frontend,frontend-7dcd79f498-lm8q8,1739526886,227557376
frontend,frontend-7dcd79f498-lm8q8,1739527186,228683776
frontend,frontend-7dcd79f498-lm8q8,1739527486,228143104
frontend,frontend-7dcd79f498-lm8q8,1739527786,228634624
frontend,frontend-7dcd79f498-lm8q8,1739528086,230129664
frontend,frontend-7dcd79f498-lm8q8,1739528386,231718912
frontend,frontend-7dcd79f498-lm8q8,1739528686,238247936
frontend,frontend-7dcd79f498-lm8q8,1739528986,230264832
frontend,frontend-7dcd79f498-lm8q8,1739529286,229982208
frontend,frontend-7dcd79f498-lm8q8,1739529586,230985728
frontend,frontend-7dcd79f498-lm8q8,1739529886,230371328
frontend,frontend-7dcd79f498-lm8q8,1739530186,233316352
frontend,frontend-7dcd79f498-lm8q8,1739530486,232087552
frontend,frontend-7dcd79f498-lm8q8,1739530786,229982208
frontend,frontend-7dcd79f498-lm8q8,1739531086,229773312
frontend,frontend-7dcd79f498-lm8q8,1739531386,231034880
frontend,frontend-7dcd79f498-lm8q8,1739531686,229732352
frontend,frontend-7dcd79f498-lm8q8,1739531986,231301120
frontend,frontend-7dcd79f498-lm8q8,1739532286,232456192
frontend,frontend-7dcd79f498-lm8q8,1739532586,228007936
frontend,frontend-7dcd79f498-lm8q8,1739532886,228872192
frontend,frontend-7dcd79f498-lm8q8,1739533186,229502976
frontend,frontend-7dcd79f498-lm8q8,1739533486,232718336
frontend,frontend-7dcd79f498-lm8q8,1739533786,235982848
frontend,frontend-7dcd79f498-lm8q8,1739534086,233308160
frontend,frontend-7dcd79f498-lm8q8,1739534386,234676224
frontend,frontend-7dcd79f498-lm8q8,1739534686,234278912
frontend,frontend-7dcd79f498-lm8q8,1739534986,232869888
frontend,frontend-7dcd79f498-lm8q8,1739535286,231280640
frontend,frontend-7dcd79f498-lm8q8,1739535586,231763968
frontend,frontend-7dcd79f498-lm8q8,1739535886,232464384
frontend,frontend-7dcd79f498-lm8q8,1739536186,230064128
frontend,frontend-7dcd79f498-lm8q8,1739536486,231231488
frontend,frontend-7dcd79f498-lm8q8,1739536786,232120320
frontend,frontend-7dcd79f498-lm8q8,1739537086,229154816
frontend,frontend-7dcd79f498-lm8q8,1739537386,199618560
frontend,frontend-7dcd79f498-lm8q8,1739537686,207564800
frontend,frontend-7dcd79f498-lm8q8,1739537986,201089024
frontend,frontend-7dcd79f498-lm8q8,1739538286,200835072
frontend,frontend-7dcd79f498-lm8q8,1739538586,202121216
frontend,frontend-7dcd79f498-lm8q8,1739538886,202080256
frontend,frontend-7dcd79f498-lm8q8,1739539186,207269888
frontend,frontend-7dcd79f498-lm8q8,1739539486,205873152
frontend,frontend-7dcd79f498-lm8q8,1739539786,208601088
frontend,frontend-7dcd79f498-lm8q8,1739540086,208703488
frontend,frontend-7dcd79f498-lm8q8,1739540386,204664832
frontend,frontend-7dcd79f498-lm8q8,1739540686,207048704
frontend,frontend-7dcd79f498-lm8q8,1739540986,206245888
frontend,frontend-7dcd79f498-lm8q8,1739541286,207151104
frontend,frontend-7dcd79f498-lm8q8,1739541586,221339648
frontend,frontend-7dcd79f498-lm8q8,1739541886,208113664
frontend,frontend-7dcd79f498-lm8q8,1739542186,210767872
frontend,frontend-7dcd79f498-lm8q8,1739542486,210579456
frontend,frontend-7dcd79f498-lm8q8,1739542786,211611648
frontend,frontend-7dcd79f498-lm8q8,1739543086,211484672
frontend,frontend-7dcd79f498-lm8q8,1739543386,212299776
frontend,frontend-7dcd79f498-lm8q8,1739543686,207642624
frontend,frontend-7dcd79f498-lm8q8,1739543986,214372352
frontend,frontend-7dcd79f498-lm8q8,1739544286,220848128
frontend,frontend-7dcd79f498-lm8q8,1739544586,208523264
frontend,frontend-7dcd79f498-lm8q8,1739544886,207380480
frontend,frontend-7dcd79f498-lm8q8,1739545186,220147712
frontend,frontend-7dcd79f498-lm8q8,1739545486,212946944
frontend,frontend-7dcd79f498-lm8q8,1739545786,208265216
frontend,frontend-7dcd79f498-lm8q8,1739546086,212422656
frontend,frontend-7dcd79f498-lm8q8,1739546386,211558400
frontend,frontend-7dcd79f498-lm8q8,1739546686,225943552
frontend,frontend-7dcd79f498-lm8q8,1739546986,226668544
frontend,frontend-7dcd79f498-lm8q8,1739547286,227647488
frontend,frontend-7dcd79f498-lm8q8,1739547586,240017408
frontend,frontend-7dcd79f498-lm8q8,1739547886,227033088
frontend,frontend-7dcd79f498-lm8q8,1739548186,224292864
frontend,frontend-7dcd79f498-lm8q8,1739548486,226324480
frontend,frontend-7dcd79f498-lm8q8,1739548786,230526976
frontend,frontend-7dcd79f498-lm8q8,1739549086,226238464
frontend,frontend-7dcd79f498-lm8q8,1739549386,237006848
frontend,frontend-7dcd79f498-lm8q8,1739549686,224096256
frontend,frontend-7dcd79f498-lm8q8,1739549986,224841728
frontend,frontend-7dcd79f498-lm8q8,1739550286,231677952
frontend,frontend-7dcd79f498-lm8q8,1739550586,228225024
frontend,frontend-7dcd79f498-lm8q8,1739550886,228274176
frontend,frontend-7dcd79f498-lm8q8,1739551186,233922560
frontend,frontend-7dcd79f498-lm8q8,1739551486,228687872
frontend,frontend-7dcd79f498-lm8q8,1739551786,227823616
frontend,frontend-7dcd79f498-lm8q8,1739552086,226992128
frontend,frontend-7dcd79f498-lm8q8,1739552386,226648064
frontend,frontend-7dcd79f498-lm8q8,1739552686,225959936
frontend,frontend-7dcd79f498-lm8q8,1739552986,233906176
frontend,frontend-7dcd79f498-lm8q8,1739553286,235491328
frontend,frontend-7dcd79f498-lm8q8,1739553586,226680832
frontend,frontend-7dcd79f498-lm8q8,1739553886,234520576
frontend,frontend-7dcd79f498-lm8q8,1739554186,239865856
frontend,frontend-7dcd79f498-lm8q8,1739554486,237391872
frontend,frontend-7dcd79f498-lm8q8,1739554786,238817280
frontend,frontend-7dcd79f498-lm8q8,1739555086,238878720
frontend,frontend-7dcd79f498-lm8q8,1739555386,238522368
frontend,frontend-7dcd79f498-lm8q8,1739555686,239894528
frontend,frontend-7dcd79f498-lm8q8,1739555986,239603712
frontend,frontend-7dcd79f498-lm8q8,1739556286,238231552
frontend,frontend-7dcd79f498-lm8q8,1739556586,237109248
frontend,frontend-7dcd79f498-lm8q8,1739556886,237940736
frontend,frontend-7dcd79f498-lm8q8,1739557186,238153728
frontend,frontend-7dcd79f498-lm8q8,1739557486,238071808
frontend,frontend-7dcd79f498-lm8q8,1739557786,238723072
frontend,frontend-7dcd79f498-lm8q8,1739558086,237588480
frontend,frontend-7dcd79f498-lm8q8,1739558386,237617152
frontend,frontend-7dcd79f498-lm8q8,1739558686,237305856
frontend,frontend-7dcd79f498-lm8q8,1739558986,243912704
frontend,frontend-7dcd79f498-lm8q8,1739559286,241688576
frontend,frontend-7dcd79f498-lm8q8,1739559586,237056000
frontend,frontend-7dcd79f498-lm8q8,1739559886,237699072
frontend,frontend-7dcd79f498-lm8q8,1739560186,237125632
frontend,frontend-7dcd79f498-lm8q8,1739560486,236949504
frontend,frontend-7dcd79f498-lm8q8,1739560786,241041408
frontend,frontend-7dcd79f498-lm8q8,1739561086,237961216
frontend,frontend-7dcd79f498-lm8q8,1739561386,237535232
frontend,frontend-7dcd79f498-lm8q8,1739561686,239108096
frontend,frontend-7dcd79f498-lm8q8,1739561986,236011520
frontend,frontend-7dcd79f498-lm8q8,1739562286,235892736
frontend,frontend-7dcd79f498-lm8q8,1739562586,239702016
frontend,frontend-7dcd79f498-lm8q8,1739562886,238194688
frontend,frontend-7dcd79f498-lm8q8,1739563186,236519424
frontend,frontend-7dcd79f498-lm8q8,1739563486,236277760
frontend,frontend-7dcd79f498-lm8q8,1739563786,236802048
frontend,frontend-7dcd79f498-lm8q8,1739564086,237309952
frontend,frontend-7dcd79f498-lm8q8,1739564386,237539328
frontend,frontend-7dcd79f498-lm8q8,1739564686,237248512
frontend,frontend-7dcd79f498-lm8q8,1739564986,216129536
frontend,frontend-7dcd79f498-lm8q8,1739565286,217128960
frontend,frontend-7dcd79f498-lm8q8,1739565586,216805376
frontend,frontend-7dcd79f498-lm8q8,1739565886,216899584
frontend,frontend-7dcd79f498-lm8q8,1739566186,216879104
frontend,frontend-7dcd79f498-lm8q8,1739566486,215949312
frontend,frontend-7dcd79f498-lm8q8,1739566786,232251392
frontend,frontend-7dcd79f498-lm8q8,1739567086,232923136
frontend,frontend-7dcd79f498-lm8q8,1739567386,233381888
frontend,frontend-7dcd79f498-lm8q8,1739567686,232259584
frontend,frontend-7dcd79f498-lm8q8,1739567986,232501248
frontend,frontend-7dcd79f498-lm8q8,1739568286,231993344
frontend,frontend-7dcd79f498-lm8q8,1739568586,231444480
frontend,frontend-7dcd79f498-lm8q8,1739568886,231645184
frontend,frontend-7dcd79f498-lm8q8,1739569186,232878080
frontend,frontend-7dcd79f498-lm8q8,1739569486,233193472
frontend,frontend-7dcd79f498-lm8q8,1739569786,232202240
frontend,frontend-7dcd79f498-lm8q8,1739570086,232841216
frontend,frontend-7dcd79f498-lm8q8,1739570386,234835968
frontend,frontend-7dcd79f498-lm8q8,1739570686,232214528
frontend,frontend-7dcd79f498-lm8q8,1739570986,233336832
frontend,frontend-7dcd79f498-lm8q8,1739571286,233029632
frontend,frontend-7dcd79f498-lm8q8,1739571586,232890368
frontend,frontend-7dcd79f498-lm8q8,1739571886,232775680
frontend,frontend-7dcd79f498-lm8q8,1739572186,233574400
frontend,frontend-7dcd79f498-lm8q8,1739572486,231710720
frontend,frontend-7dcd79f498-lm8q8,1739572786,231845888
frontend,frontend-7dcd79f498-lm8q8,1739573086,232370176
frontend,frontend-7dcd79f498-lm8q8,1739573386,234082304
frontend,frontend-7dcd79f498-lm8q8,1739573686,232632320
frontend,frontend-7dcd79f498-lm8q8,1739573986,235257856
frontend,frontend-7dcd79f498-lm8q8,1739574286,234795008
frontend,frontend-7dcd79f498-lm8q8,1739574586,233771008
frontend,frontend-7dcd79f498-lm8q8,1739574886,233693184
frontend,frontend-7dcd79f498-lm8q8,1739575186,232771584
frontend,frontend-7dcd79f498-lm8q8,1739575486,232243200
frontend,frontend-7dcd79f498-lm8q8,1739575786,232910848
frontend,frontend-7dcd79f498-lm8q8,1739576086,232591360
frontend,frontend-7dcd79f498-lm8q8,1739576386,232247296
frontend,frontend-7dcd79f498-lm8q8,1739576686,233336832
frontend,frontend-7dcd79f498-lm8q8,1739576986,232710144
frontend,frontend-7dcd79f498-lm8q8,1739577286,231661568
frontend,frontend-7dcd79f498-lm8q8,1739577586,231268352
frontend,frontend-7dcd79f498-lm8q8,1739577886,233492480
frontend,frontend-7dcd79f498-lm8q8,1739578186,232153088
frontend,frontend-7dcd79f498-lm8q8,1739578486,232947712
frontend,frontend-7dcd79f498-lm8q8,1739578786,232685568
frontend,frontend-7dcd79f498-lm8q8,1739579086,232579072
frontend,frontend-7dcd79f498-lm8q8,1739579386,232873984
frontend,frontend-7dcd79f498-lm8q8,1739579686,235528192
frontend,frontend-7dcd79f498-lm8q8,1739579986,233676800
frontend,frontend-7dcd79f498-lm8q8,1739580286,234004480
frontend,frontend-7dcd79f498-lm8q8,1739580586,233836544
frontend,frontend-7dcd79f498-lm8q8,1739580886,233177088
frontend,frontend-7dcd79f498-lm8q8,1739581186,233197568
frontend,frontend-7dcd79f498-lm8q8,1739581486,232660992
frontend,frontend-7dcd79f498-lm8q8,1739581786,232882176
frontend,frontend-7dcd79f498-lm8q8,1739582086,232218624
frontend,frontend-7dcd79f498-lm8q8,1739582386,232202240
frontend,frontend-7dcd79f498-lm8q8,1739582686,231399424
frontend,frontend-7dcd79f498-lm8q8,1739582986,231661568
frontend,frontend-7dcd79f498-lm8q8,1739583286,232435712
frontend,frontend-7dcd79f498-lm8q8,1739583586,231796736
frontend,frontend-7dcd79f498-lm8q8,1739583886,233390080
frontend,frontend-7dcd79f498-lm8q8,1739584186,233304064
frontend,frontend-7dcd79f498-lm8q8,1739584486,234885120
frontend,frontend-7dcd79f498-lm8q8,1739584786,234614784
frontend,frontend-7dcd79f498-lm8q8,1739585086,233234432
frontend,frontend-7dcd79f498-lm8q8,1739585386,233426944
frontend,frontend-7dcd79f498-lm8q8,1739585686,233762816
frontend,frontend-7dcd79f498-lm8q8,1739585986,235765760
frontend,frontend-7dcd79f498-lm8q8,1739586286,233906176
frontend,frontend-7dcd79f498-lm8q8,1739586586,233689088
frontend,frontend-7dcd79f498-lm8q8,1739586886,232955904
frontend,frontend-7dcd79f498-lm8q8,1739587186,233005056
frontend,frontend-7dcd79f498-lm8q8,1739587486,236204032
frontend,frontend-7dcd79f498-lm8q8,1739587786,233160704
frontend,frontend-7dcd79f498-lm8q8,1739588086,234151936
frontend,frontend-7dcd79f498-lm8q8,1739588386,233910272
frontend,frontend-7dcd79f498-lm8q8,1739588686,232284160
frontend,frontend-7dcd79f498-lm8q8,1739588986,232554496
frontend,frontend-7dcd79f498-lm8q8,1739589286,234627072
frontend,frontend-7dcd79f498-lm8q8,1739589586,234418176
frontend,frontend-7dcd79f498-lm8q8,1739589886,234405888
frontend,frontend-7dcd79f498-lm8q8,1739590186,235847680
frontend,frontend-7dcd79f498-lm8q8,1739590486,235999232
frontend,frontend-7dcd79f498-lm8q8,1739590786,235347968
frontend,frontend-7dcd79f498-lm8q8,1739591086,235307008
frontend,frontend-7dcd79f498-lm8q8,1739591386,236294144
frontend,frontend-7dcd79f498-lm8q8,1739591686,236027904
frontend,frontend-7dcd79f498-lm8q8,1739591986,238981120
frontend,frontend-7dcd79f498-lm8q8,1739592286,236597248
frontend,frontend-7dcd79f498-lm8q8,1739592586,237260800
frontend,frontend-7dcd79f498-lm8q8,1739592886,238292992
frontend,frontend-7dcd79f498-lm8q8,1739593186,238706688
frontend,frontend-7dcd79f498-lm8q8,1739593486,234913792
frontend,frontend-7dcd79f498-lm8q8,1739593786,237613056
frontend,frontend-7dcd79f498-lm8q8,1739594086,241930240
frontend,frontend-7dcd79f498-lm8q8,1739594386,241491968
frontend,frontend-7dcd79f498-lm8q8,1739594686,240218112
frontend,frontend-7dcd79f498-lm8q8,1739594986,240881664
frontend,frontend-7dcd79f498-lm8q8,1739595286,241897472
frontend,frontend-7dcd79f498-lm8q8,1739595586,240984064
frontend,frontend-7dcd79f498-lm8q8,1739595886,244592640
frontend,frontend-7dcd79f498-lm8q8,1739596186,238497792
frontend,frontend-7dcd79f498-lm8q8,1739596486,239357952
frontend,frontend-7dcd79f498-lm8q8,1739596786,243621888
frontend,frontend-7dcd79f498-lm8q8,1739597086,240545792
frontend,frontend-7dcd79f498-lm8q8,1739597386,242679808
frontend,frontend-7dcd79f498-lm8q8,1739597686,245215232
frontend,frontend-7dcd79f498-lm8q8,1739597986,245403648
frontend,frontend-7dcd79f498-lm8q8,1739598286,250793984
frontend,frontend-7dcd79f498-lm8q8,1739598586,247230464
frontend,frontend-7dcd79f498-lm8q8,1739598886,245792768
frontend,frontend-7dcd79f498-lm8q8,1739599186,240549888
frontend,frontend-7dcd79f498-lm8q8,1739599486,243019776
frontend,frontend-7dcd79f498-lm8q8,1739599786,243884032
frontend,frontend-7dcd79f498-lm8q8,1739600086,241799168
frontend,frontend-7dcd79f498-lm8q8,1739600386,243220480
frontend,frontend-7dcd79f498-lm8q8,1739600686,243535872
frontend,frontend-7dcd79f498-lm8q8,1739600986,240041984
frontend,frontend-7dcd79f498-lm8q8,1739601286,250966016
frontend,frontend-7dcd79f498-lm8q8,1739601586,242241536
frontend,frontend-7dcd79f498-lm8q8,1739601886,244867072
frontend,frontend-7dcd79f498-lm8q8,1739602186,245657600
frontend,frontend-7dcd79f498-lm8q8,1739602486,248037376
frontend,frontend-7dcd79f498-lm8q8,1739602786,240664576
frontend,frontend-7dcd79f498-lm8q8,1739603086,240513024
frontend,frontend-7dcd79f498-lm8q8,1739603386,242692096
frontend,frontend-7dcd79f498-lm8q8,1739603686,240603136
frontend,frontend-7dcd79f498-lm8q8,1739603986,240910336
frontend,frontend-7dcd79f498-lm8q8,1739604286,241229824
frontend,frontend-7dcd79f498-lm8q8,1739604586,237584384
frontend,frontend-7dcd79f498-lm8q8,1739604886,237457408
frontend,frontend-7dcd79f498-lm8q8,1739605186,238837760
frontend,frontend-7dcd79f498-lm8q8,1739605486,237314048
frontend,frontend-7dcd79f498-lm8q8,1739605786,237846528
frontend,frontend-7dcd79f498-lm8q8,1739606086,238383104
frontend,frontend-7dcd79f498-lm8q8,1739606386,239218688
frontend,frontend-7dcd79f498-lm8q8,1739606686,238682112
frontend,frontend-7dcd79f498-lm8q8,1739606986,239058944
frontend,frontend-7dcd79f498-lm8q8,1739607286,239435776
frontend,frontend-7dcd79f498-lm8q8,1739607586,241123328
frontend,frontend-7dcd79f498-lm8q8,1739607886,240685056
frontend,frontend-7dcd79f498-lm8q8,1739608186,247889920
frontend,frontend-7dcd79f498-lm8q8,1739608486,245452800
frontend,frontend-7dcd79f498-lm8q8,1739608786,240680960
frontend,frontend-7dcd79f498-lm8q8,1739609086,240058368
frontend,frontend-7dcd79f498-lm8q8,1739609386,240504832
frontend,frontend-7dcd79f498-lm8q8,1739609686,240508928
frontend,frontend-7dcd79f498-lm8q8,1739609986,236527616
frontend,frontend-7dcd79f498-lm8q8,1739610286,237608960
frontend,frontend-7dcd79f498-lm8q8,1739610586,237871104
frontend,frontend-7dcd79f498-lm8q8,1739610886,241836032
frontend,frontend-7dcd79f498-lm8q8,1739611186,239599616
frontend,frontend-7dcd79f498-lm8q8,1739611486,239792128
frontend,frontend-7dcd79f498-lm8q8,1739611786,242053120
frontend,frontend-7dcd79f498-lm8q8,1739612086,241143808
frontend,frontend-7dcd79f498-lm8q8,1739612386,240594944
frontend,frontend-7dcd79f498-lm8q8,1739612686,241369088
frontend,frontend-7dcd79f498-lm8q8,1739612986,242429952
frontend,frontend-7dcd79f498-lm8q8,1739613286,244649984
frontend,frontend-7dcd79f498-lm8q8,1739613586,241356800
frontend,frontend-7dcd79f498-lm8q8,1739613886,241201152
frontend,frontend-7dcd79f498-lm8q8,1739614186,241872896
frontend,frontend-7dcd79f498-lm8q8,1739614486,242069504
frontend,frontend-7dcd79f498-lm8q8,1739614786,249376768
frontend,frontend-7dcd79f498-lm8q8,1739615086,239976448
frontend,frontend-7dcd79f498-lm8q8,1739615386,240631808
frontend,frontend-7dcd79f498-lm8q8,1739615686,234434560
frontend,frontend-7dcd79f498-lm8q8,1739615986,243003392
frontend,frontend-7dcd79f498-lm8q8,1739616286,238817280
frontend,frontend-7dcd79f498-lm8q8,1739616586,239898624
frontend,frontend-7dcd79f498-lm8q8,1739616886,237608960
frontend,frontend-7dcd79f498-lm8q8,1739617186,240902144
frontend,frontend-7dcd79f498-lm8q8,1739617486,239464448
frontend,frontend-7dcd79f498-lm8q8,1739617786,239210496
frontend,frontend-7dcd79f498-lm8q8,1739618086,241229824
frontend,frontend-7dcd79f498-lm8q8,1739618386,241098752
frontend,frontend-7dcd79f498-lm8q8,1739618686,198049792
frontend,frontend-7dcd79f498-lm8q8,1739618986,198139904
frontend,frontend-7dcd79f498-lm8q8,1739619286,202100736
frontend,frontend-7dcd79f498-lm8q8,1739619586,211247104
frontend,frontend-7dcd79f498-lm8q8,1739619886,216113152
frontend,frontend-7dcd79f498-lm8q8,1739620186,220405760
frontend,frontend-7dcd79f498-lm8q8,1739620486,193564672
frontend,frontend-7dcd79f498-lm8q8,1739620786,203812864
frontend,frontend-7dcd79f498-lm8q8,1739621086,210747392
frontend,frontend-7dcd79f498-lm8q8,1739621386,212738048
frontend,frontend-7dcd79f498-lm8q8,1739621686,208699392
frontend,frontend-7dcd79f498-lm8q8,1739621986,207896576
frontend,frontend-7dcd79f498-lm8q8,1739622286,212905984
frontend,frontend-7dcd79f498-lm8q8,1739622586,210583552
frontend,frontend-7dcd79f498-lm8q8,1739622886,210190336
frontend,frontend-7dcd79f498-lm8q8,1739623186,212516864
frontend,frontend-7dcd79f498-lm8q8,1739623486,212742144
frontend,frontend-7dcd79f498-lm8q8,1739623786,210231296
frontend,frontend-7dcd79f498-lm8q8,1739624086,215736320
frontend,frontend-7dcd79f498-lm8q8,1739624386,216010752
frontend,frontend-7dcd79f498-lm8q8,1739624686,215339008
frontend,frontend-7dcd79f498-lm8q8,1739624986,221835264
frontend,frontend-7dcd79f498-lm8q8,1739625286,215719936
frontend,frontend-7dcd79f498-lm8q8,1739625586,215146496
frontend,frontend-7dcd79f498-lm8q8,1739625886,215224320
frontend,frontend-7dcd79f498-lm8q8,1739626186,216440832
frontend,frontend-7dcd79f498-lm8q8,1739626486,219148288
frontend,frontend-7dcd79f498-lm8q8,1739626786,218251264
frontend,frontend-7dcd79f498-lm8q8,1739627086,219430912
frontend,frontend-7dcd79f498-lm8q8,1739627386,217047040
frontend,frontend-7dcd79f498-lm8q8,1739627686,227123200
frontend,frontend-7dcd79f498-lm8q8,1739627986,217640960
frontend,frontend-7dcd79f498-lm8q8,1739628286,217706496
frontend,frontend-7dcd79f498-lm8q8,1739628586,217268224
frontend,frontend-7dcd79f498-lm8q8,1739628886,218763264
frontend,frontend-7dcd79f498-lm8q8,1739629186,232480768
frontend,frontend-7dcd79f498-lm8q8,1739629486,220770304
frontend,frontend-7dcd79f498-lm8q8,1739629786,222224384
frontend,frontend-7dcd79f498-lm8q8,1739630086,226922496
frontend,frontend-7dcd79f498-lm8q8,1739630386,225173504
frontend,frontend-7dcd79f498-lm8q8,1739630686,227250176
frontend,frontend-7dcd79f498-lm8q8,1739630986,230567936
frontend,frontend-7dcd79f498-lm8q8,1739631286,226914304
frontend,frontend-7dcd79f498-lm8q8,1739631586,227131392
frontend,frontend-7dcd79f498-lm8q8,1739631886,227856384
frontend,frontend-7dcd79f498-lm8q8,1739632186,227790848
frontend,frontend-7dcd79f498-lm8q8,1739632486,227258368
frontend,frontend-7dcd79f498-lm8q8,1739632786,229949440
frontend,frontend-7dcd79f498-lm8q8,1739633086,233410560
frontend,frontend-7dcd79f498-lm8q8,1739633386,228143104
frontend,frontend-7dcd79f498-lm8q8,1739633686,233943040
frontend,frontend-7dcd79f498-lm8q8,1739633986,234889216
frontend,frontend-7dcd79f498-lm8q8,1739634286,228786176
frontend,frontend-7dcd79f498-lm8q8,1739634586,230461440
frontend,frontend-7dcd79f498-lm8q8,1739634886,232259584
frontend,frontend-7dcd79f498-lm8q8,1739635186,226680832
frontend,frontend-7dcd79f498-lm8q8,1739635486,250724352
frontend,frontend-7dcd79f498-lm8q8,1739635786,232448000
frontend,frontend-7dcd79f498-lm8q8,1739636086,233476096
frontend,frontend-7dcd79f498-lm8q8,1739636386,229548032
frontend,frontend-7dcd79f498-lm8q8,1739636686,229597184
frontend,frontend-7dcd79f498-lm8q8,1739636986,229236736
frontend,frontend-7dcd79f498-lm8q8,1739637286,231174144
frontend,frontend-7dcd79f498-lm8q8,1739637586,228749312
frontend,frontend-7dcd79f498-lm8q8,1739637886,234217472
frontend,frontend-7dcd79f498-lm8q8,1739638186,229941248
frontend,frontend-7dcd79f498-lm8q8,1739638486,228679680
frontend,frontend-7dcd79f498-lm8q8,1739638786,230666240
frontend,frontend-7dcd79f498-lm8q8,1739639086,230313984
frontend,frontend-7dcd79f498-lm8q8,1739639386,231010304
frontend,frontend-7dcd79f498-lm8q8,1739639686,230273024
frontend,frontend-7dcd79f498-lm8q8,1739639986,229527552
frontend,frontend-7dcd79f498-lm8q8,1739640286,228483072
frontend,frontend-7dcd79f498-lm8q8,1739640586,233553920
frontend,frontend-7dcd79f498-lm8q8,1739640886,191901696
frontend,frontend-7dcd79f498-lm8q8,1739641186,208506880
frontend,frontend-7dcd79f498-lm8q8,1739641486,212725760
frontend,frontend-7dcd79f498-lm8q8,1739641786,213356544
frontend,frontend-7dcd79f498-lm8q8,1739642086,218816512
frontend,frontend-7dcd79f498-lm8q8,1739642386,213012480
frontend,frontend-7dcd79f498-lm8q8,1739642686,215724032
frontend,frontend-7dcd79f498-lm8q8,1739642986,220684288
frontend,frontend-7dcd79f498-lm8q8,1739643286,222973952
frontend,frontend-7dcd79f498-lm8q8,1739643586,222650368
frontend,frontend-7dcd79f498-lm8q8,1739643886,223977472
frontend,frontend-7dcd79f498-lm8q8,1739644186,237367296
frontend,frontend-7dcd79f498-lm8q8,1739644486,222326784
frontend,frontend-7dcd79f498-lm8q8,1739644786,220975104
frontend,frontend-7dcd79f498-lm8q8,1739645086,222113792
frontend,frontend-7dcd79f498-lm8q8,1739645386,223268864
frontend,frontend-7dcd79f498-lm8q8,1739645686,222949376
frontend,frontend-7dcd79f498-lm8q8,1739645986,236003328
frontend,frontend-7dcd79f498-lm8q8,1739646286,225034240
frontend,frontend-7dcd79f498-lm8q8,1739646586,226455552
frontend,frontend-7dcd79f498-lm8q8,1739646886,220590080
frontend,frontend-7dcd79f498-lm8q8,1739647186,223285248
frontend,frontend-7dcd79f498-lm8q8,1739647486,220086272
frontend,frontend-7dcd79f498-lm8q8,1739647786,222711808
frontend,frontend-7dcd79f498-lm8q8,1739648086,231272448
frontend,frontend-7dcd79f498-lm8q8,1739648386,221892608
frontend,frontend-7dcd79f498-lm8q8,1739648686,218402816
frontend,frontend-7dcd79f498-lm8q8,1739648986,219357184
frontend,frontend-7dcd79f498-lm8q8,1739649286,223809536
frontend,frontend-7dcd79f498-lm8q8,1739649586,192909312
frontend,frontend-7dcd79f498-lm8q8,1739649886,191766528
frontend,frontend-7dcd79f498-lm8q8,1739650186,209297408
frontend,frontend-7dcd79f498-lm8q8,1739650486,202661888
frontend,frontend-7dcd79f498-lm8q8,1739650786,202764288
frontend,frontend-7dcd79f498-lm8q8,1739651086,204271616
frontend,frontend-7dcd79f498-lm8q8,1739651386,215535616
frontend,frontend-7dcd79f498-lm8q8,1739651686,218505216
frontend,frontend-7dcd79f498-lm8q8,1739651986,207302656
frontend,frontend-7dcd79f498-lm8q8,1739652286,206655488
frontend,frontend-7dcd79f498-lm8q8,1739652586,206651392
frontend,frontend-7dcd79f498-lm8q8,1739652886,206843904
frontend,frontend-7dcd79f498-lm8q8,1739653186,212176896
frontend,frontend-7dcd79f498-lm8q8,1739653486,212484096
frontend,frontend-7dcd79f498-lm8q8,1739653786,214056960
frontend,frontend-7dcd79f498-lm8q8,1739654086,210558976
frontend,frontend-7dcd79f498-lm8q8,1739654386,206024704
frontend,frontend-7dcd79f498-lm8q8,1739654686,209375232
frontend,frontend-7dcd79f498-lm8q8,1739654986,212148224
frontend,frontend-7dcd79f498-lm8q8,1739655286,209031168
frontend,frontend-7dcd79f498-lm8q8,1739655586,210370560
frontend,frontend-7dcd79f498-lm8q8,1739655886,211193856
frontend,frontend-7dcd79f498-lm8q8,1739656186,209666048
frontend,frontend-7dcd79f498-lm8q8,1739656486,218189824
frontend,frontend-7dcd79f498-lm8q8,1739656786,216580096
frontend,frontend-7dcd79f498-lm8q8,1739657086,216616960
frontend,frontend-7dcd79f498-lm8q8,1739657386,185143296
frontend,frontend-7dcd79f498-lm8q8,1739657686,185462784
frontend,frontend-7dcd79f498-lm8q8,1739657986,186019840
frontend,frontend-7dcd79f498-lm8q8,1739658286,197767168
frontend,frontend-7dcd79f498-lm8q8,1739658586,196288512
frontend,frontend-7dcd79f498-lm8q8,1739658886,194949120
frontend,frontend-7dcd79f498-lm8q8,1739659186,199192576
frontend,frontend-7dcd79f498-lm8q8,1739659486,195706880
frontend,frontend-7dcd79f498-lm8q8,1739659786,194940928
frontend,frontend-7dcd79f498-lm8q8,1739660086,195047424
frontend,frontend-7dcd79f498-lm8q8,1739660386,197795840
frontend,frontend-7dcd79f498-lm8q8,1739660686,196063232
frontend,frontend-7dcd79f498-lm8q8,1739660986,200253440
frontend,frontend-7dcd79f498-lm8q8,1739661286,191766528
frontend,frontend-7dcd79f498-lm8q8,1739661586,192679936
frontend,frontend-7dcd79f498-lm8q8,1739661886,192811008
frontend,frontend-7dcd79f498-lm8q8,1739662186,192544768
frontend,frontend-7dcd79f498-lm8q8,1739662486,193499136
frontend,frontend-7dcd79f498-lm8q8,1739662786,196739072
frontend,frontend-7dcd79f498-lm8q8,1739663086,198131712
frontend,frontend-7dcd79f498-lm8q8,1739663386,197750784
frontend,frontend-7dcd79f498-lm8q8,1739663686,201465856
frontend,frontend-7dcd79f498-lm8q8,1739663986,201519104
frontend,frontend-7dcd79f498-lm8q8,1739664286,201162752
frontend,frontend-7dcd79f498-lm8q8,1739664586,200663040
frontend,frontend-7dcd79f498-lm8q8,1739664886,202608640
frontend,frontend-7dcd79f498-lm8q8,1739665186,200880128
frontend,frontend-7dcd79f498-lm8q8,1739665486,198619136
frontend,frontend-7dcd79f498-lm8q8,1739665786,198639616
frontend,frontend-7dcd79f498-lm8q8,1739666086,198598656
frontend,frontend-7dcd79f498-lm8q8,1739666386,200695808
frontend,frontend-7dcd79f498-lm8q8,1739666686,203923456
frontend,frontend-7dcd79f498-lm8q8,1739666986,200769536
frontend,frontend-7dcd79f498-lm8q8,1739667286,200765440
frontend,frontend-7dcd79f498-lm8q8,1739667586,198144000
frontend,frontend-7dcd79f498-lm8q8,1739667886,199823360
frontend,frontend-7dcd79f498-lm8q8,1739668186,200036352
frontend,frontend-7dcd79f498-lm8q8,1739668486,198918144
frontend,frontend-7dcd79f498-lm8q8,1739668786,197976064
frontend,frontend-7dcd79f498-lm8q8,1739669086,198938624
frontend,frontend-7dcd79f498-lm8q8,1739669386,200306688
frontend,frontend-7dcd79f498-lm8q8,1739669686,198889472
frontend,frontend-7dcd79f498-lm8q8,1739669986,197980160
frontend,frontend-7dcd79f498-lm8q8,1739670286,197820416
frontend,frontend-7dcd79f498-lm8q8,1739670586,197685248
frontend,frontend-7dcd79f498-lm8q8,1739670886,198033408
frontend,frontend-7dcd79f498-lm8q8,1739671186,199368704
frontend,frontend-7dcd79f498-lm8q8,1739671486,198651904
frontend,frontend-7dcd79f498-lm8q8,1739671786,196849664
frontend,frontend-7dcd79f498-lm8q8,1739672086,197451776
frontend,frontend-7dcd79f498-lm8q8,1739672386,197525504
frontend,frontend-7dcd79f498-lm8q8,1739672686,196870144
frontend,frontend-7dcd79f498-lm8q8,1739672986,199274496
frontend,frontend-7dcd79f498-lm8q8,1739673286,197869568
frontend,frontend-7dcd79f498-lm8q8,1739673586,197787648
frontend,frontend-7dcd79f498-lm8q8,1739673886,199016448
frontend,frontend-7dcd79f498-lm8q8,1739674186,198320128
frontend,frontend-7dcd79f498-lm8q8,1739674486,195940352
frontend,frontend-7dcd79f498-lm8q8,1739674786,196845568
frontend,frontend-7dcd79f498-lm8q8,1739675086,198000640
frontend,frontend-7dcd79f498-lm8q8,1739675386,197742592
frontend,frontend-7dcd79f498-lm8q8,1739675686,197984256
frontend,frontend-7dcd79f498-lm8q8,1739675986,195579904
frontend,frontend-7dcd79f498-lm8q8,1739676286,196374528
frontend,frontend-7dcd79f498-lm8q8,1739676586,196431872
frontend,frontend-7dcd79f498-lm8q8,1739676886,195985408
frontend,frontend-7dcd79f498-lm8q8,1739677186,195481600
frontend,frontend-7dcd79f498-lm8q8,1739677486,199774208
frontend,frontend-7dcd79f498-lm8q8,1739677786,199417856
frontend,frontend-7dcd79f498-lm8q8,1739678086,198234112
frontend,frontend-7dcd79f498-lm8q8,1739678386,199643136
frontend,frontend-7dcd79f498-lm8q8,1739678686,198328320
frontend,frontend-7dcd79f498-lm8q8,1739678986,197693440
frontend,frontend-7dcd79f498-lm8q8,1739679286,198545408
frontend,frontend-7dcd79f498-lm8q8,1739679586,199491584
frontend,frontend-7dcd79f498-lm8q8,1739679886,199372800
frontend,frontend-7dcd79f498-lm8q8,1739680186,199864320
frontend,frontend-7dcd79f498-lm8q8,1739680486,199286784
frontend,frontend-7dcd79f498-lm8q8,1739680786,200966144
frontend,frontend-7dcd79f498-lm8q8,1739681086,200495104
frontend,frontend-7dcd79f498-lm8q8,1739681386,200867840
frontend,frontend-7dcd79f498-lm8q8,1739681686,198643712
frontend,frontend-7dcd79f498-lm8q8,1739681986,198123520
frontend,frontend-7dcd79f498-lm8q8,1739682286,199344128
frontend,frontend-7dcd79f498-lm8q8,1739682586,197451776
frontend,frontend-7dcd79f498-lm8q8,1739682886,198467584
frontend,frontend-7dcd79f498-lm8q8,1739683186,198950912
frontend,frontend-7dcd79f498-lm8q8,1739683486,199262208
frontend,frontend-7dcd79f498-lm8q8,1739683786,199479296
frontend,frontend-7dcd79f498-lm8q8,1739684086,202432512
frontend,frontend-7dcd79f498-lm8q8,1739684386,200192000
frontend,frontend-7dcd79f498-lm8q8,1739684686,200044544
frontend,frontend-7dcd79f498-lm8q8,1739684986,201912320
frontend,frontend-7dcd79f498-lm8q8,1739685286,201953280
frontend,frontend-7dcd79f498-lm8q8,1739685586,202280960
frontend,frontend-7dcd79f498-lm8q8,1739685886,203788288
frontend,frontend-7dcd79f498-lm8q8,1739686186,202092544
frontend,frontend-7dcd79f498-lm8q8,1739686486,202936320
frontend,frontend-7dcd79f498-lm8q8,1739686786,215187456
frontend,frontend-7dcd79f498-lm8q8,1739687086,208306176
frontend,frontend-7dcd79f498-lm8q8,1739687386,212783104
frontend,frontend-7dcd79f498-lm8q8,1739687686,208121856
frontend,frontend-7dcd79f498-lm8q8,1739687986,207355904
frontend,frontend-7dcd79f498-lm8q8,1739688286,209477632
frontend,frontend-7dcd79f498-lm8q8,1739688586,202039296
frontend,frontend-7dcd79f498-lm8q8,1739688886,203489280
frontend,frontend-7dcd79f498-lm8q8,1739689186,213458944
frontend,frontend-7dcd79f498-lm8q8,1739689486,212512768
frontend,frontend-7dcd79f498-lm8q8,1739689786,206938112
frontend,frontend-7dcd79f498-lm8q8,1739690086,217288704
frontend,frontend-7dcd79f498-lm8q8,1739690386,213245952
frontend,frontend-7dcd79f498-lm8q8,1739690686,213307392
frontend,frontend-7dcd79f498-lm8q8,1739690986,205115392
frontend,frontend-7dcd79f498-lm8q8,1739691286,203636736
frontend,frontend-7dcd79f498-lm8q8,1739691586,204955648
frontend,frontend-7dcd79f498-lm8q8,1739691886,204840960
frontend,frontend-7dcd79f498-lm8q8,1739692186,204587008
frontend,frontend-7dcd79f498-lm8q8,1739692486,205471744
frontend,frontend-7dcd79f498-lm8q8,1739692786,205266944
frontend,frontend-7dcd79f498-lm8q8,1739693086,205119488
frontend,frontend-7dcd79f498-lm8q8,1739693386,207241216
frontend,frontend-7dcd79f498-lm8q8,1739693686,205221888
frontend,frontend-7dcd79f498-lm8q8,1739693986,204836864
frontend,frontend-7dcd79f498-lm8q8,1739694286,205033472
frontend,frontend-7dcd79f498-lm8q8,1739694586,207347712
frontend,frontend-7dcd79f498-lm8q8,1739694886,207400960
frontend,frontend-7dcd79f498-lm8q8,1739695186,186761216
frontend,frontend-7dcd79f498-lm8q8,1739695486,186232832
frontend,frontend-7dcd79f498-lm8q8,1739695786,204017664
frontend,frontend-7dcd79f498-lm8q8,1739696086,205193216
frontend,frontend-7dcd79f498-lm8q8,1739696386,205639680
frontend,frontend-7dcd79f498-lm8q8,1739696686,204963840
frontend,frontend-7dcd79f498-lm8q8,1739696986,206766080
frontend,frontend-7dcd79f498-lm8q8,1739697286,207060992
frontend,frontend-7dcd79f498-lm8q8,1739697586,206544896
frontend,frontend-7dcd79f498-lm8q8,1739697886,207007744
frontend,frontend-7dcd79f498-lm8q8,1739698186,209539072
frontend,frontend-7dcd79f498-lm8q8,1739698486,208793600
frontend,frontend-7dcd79f498-lm8q8,1739698786,206331904
frontend,frontend-7dcd79f498-lm8q8,1739699086,206278656
frontend,frontend-7dcd79f498-lm8q8,1739699386,207126528
frontend,frontend-7dcd79f498-lm8q8,1739699686,206491648
frontend,frontend-7dcd79f498-lm8q8,1739699986,207462400
frontend,frontend-7dcd79f498-lm8q8,1739700286,207745024
frontend,frontend-7dcd79f498-lm8q8,1739700586,207355904
frontend,frontend-7dcd79f498-lm8q8,1739700886,206630912
frontend,frontend-7dcd79f498-lm8q8,1739701186,207708160
frontend,frontend-7dcd79f498-lm8q8,1739701486,208515072
frontend,frontend-7dcd79f498-lm8q8,1739701786,207413248
frontend,frontend-7dcd79f498-lm8q8,1739702086,208437248
frontend,frontend-7dcd79f498-lm8q8,1739702386,207900672
frontend,frontend-7dcd79f498-lm8q8,1739702686,208564224
frontend,frontend-7dcd79f498-lm8q8,1739702986,207695872
frontend,frontend-7dcd79f498-lm8q8,1739703286,207994880
frontend,frontend-7dcd79f498-lm8q8,1739703586,207773696
frontend,frontend-7dcd79f498-lm8q8,1739703886,207876096
frontend,frontend-7dcd79f498-lm8q8,1739704186,208355328
frontend,frontend-7dcd79f498-lm8q8,1739704486,207953920
frontend,frontend-7dcd79f498-lm8q8,1739704786,208420864
frontend,frontend-7dcd79f498-lm8q8,1739705086,208855040
frontend,frontend-7dcd79f498-lm8q8,1739705386,208130048
frontend,frontend-7dcd79f498-lm8q8,1739705686,207699968
frontend,frontend-7dcd79f498-lm8q8,1739705986,205901824
frontend,frontend-7dcd79f498-lm8q8,1739706286,206540800
frontend,frontend-7dcd79f498-lm8q8,1739706586,206770176
frontend,frontend-7dcd79f498-lm8q8,1739706886,207704064
frontend,frontend-7dcd79f498-lm8q8,1739707186,208076800
frontend,frontend-7dcd79f498-lm8q8,1739707486,208019456
frontend,frontend-7dcd79f498-lm8q8,1739707786,209141760
frontend,frontend-7dcd79f498-lm8q8,1739708086,209432576
frontend,frontend-7dcd79f498-lm8q8,1739708386,209608704
frontend,frontend-7dcd79f498-lm8q8,1739708686,209555456
frontend,frontend-7dcd79f498-lm8q8,1739708986,211546112
frontend,frontend-7dcd79f498-lm8q8,1739709286,170311680
frontend,frontend-7dcd79f498-lm8q8,1739709586,170139648
frontend,frontend-7dcd79f498-lm8q8,1739709886,175833088
frontend,frontend-7dcd79f498-lm8q8,1739710186,175669248
frontend,frontend-7dcd79f498-lm8q8,1739710486,176238592
frontend,frontend-7dcd79f498-lm8q8,1739710786,176656384
frontend,frontend-7dcd79f498-lm8q8,1739711086,177549312
frontend,frontend-7dcd79f498-lm8q8,1739711386,177897472
frontend,frontend-7dcd79f498-lm8q8,1739711686,177561600
frontend,frontend-7dcd79f498-lm8q8,1739711986,178110464
frontend,frontend-7dcd79f498-lm8q8,1739712286,179146752
frontend,frontend-7dcd79f498-lm8q8,1739712586,179769344
frontend,frontend-7dcd79f498-lm8q8,1739712886,182468608
frontend,frontend-7dcd79f498-lm8q8,1739713186,181010432
frontend,frontend-7dcd79f498-lm8q8,1739713486,187121664
frontend,frontend-7dcd79f498-lm8q8,1739713786,184561664
frontend,frontend-7dcd79f498-lm8q8,1739714086,184356864
frontend,frontend-7dcd79f498-lm8q8,1739714386,184176640
frontend,frontend-7dcd79f498-lm8q8,1739714686,184954880
frontend,frontend-7dcd79f498-lm8q8,1739714986,185139200
frontend,frontend-7dcd79f498-lm8q8,1739715286,181448704
frontend,frontend-7dcd79f498-lm8q8,1739715586,183230464
frontend,frontend-7dcd79f498-lm8q8,1739715886,183627776
frontend,frontend-7dcd79f498-lm8q8,1739716186,182894592
frontend,frontend-7dcd79f498-lm8q8,1739716486,184180736
frontend,frontend-7dcd79f498-lm8q8,1739716786,184766464
frontend,frontend-7dcd79f498-lm8q8,1739717086,165654528
frontend,frontend-7dcd79f498-lm8q8,1739717386,174776320
frontend,frontend-7dcd79f498-lm8q8,1739717686,173387776
frontend,frontend-7dcd79f498-lm8q8,1739717986,175587328
frontend,frontend-7dcd79f498-lm8q8,1739718286,176988160
frontend,frontend-7dcd79f498-lm8q8,1739718586,176943104
frontend,frontend-7dcd79f498-lm8q8,1739718886,179511296
frontend,frontend-7dcd79f498-lm8q8,1739719186,178614272
frontend,frontend-7dcd79f498-lm8q8,1739719486,180117504
frontend,frontend-7dcd79f498-lm8q8,1739719786,180514816
frontend,frontend-7dcd79f498-lm8q8,1739720086,180301824
frontend,frontend-7dcd79f498-lm8q8,1739720386,182034432
frontend,frontend-7dcd79f498-lm8q8,1739720686,180953088
frontend,frontend-7dcd79f498-lm8q8,1739720986,180936704
frontend,frontend-7dcd79f498-lm8q8,1739721286,185028608
frontend,frontend-7dcd79f498-lm8q8,1739721586,182784000
frontend,frontend-7dcd79f498-lm8q8,1739721886,183312384
frontend,frontend-7dcd79f498-lm8q8,1739722186,186945536
frontend,frontend-7dcd79f498-lm8q8,1739722486,188420096
frontend,frontend-7dcd79f498-lm8q8,1739722786,184688640
frontend,frontend-7dcd79f498-lm8q8,1739723086,185430016
frontend,frontend-7dcd79f498-lm8q8,1739723386,190574592
frontend,frontend-7dcd79f498-lm8q8,1739723686,195158016
frontend,frontend-7dcd79f498-lm8q8,1739723986,198340608
frontend,frontend-7dcd79f498-lm8q8,1739724286,197619712
frontend,frontend-7dcd79f498-lm8q8,1739724586,195055616
frontend,frontend-7dcd79f498-lm8q8,1739724886,201531392
frontend,frontend-7dcd79f498-lm8q8,1739725186,197369856
frontend,frontend-7dcd79f498-lm8q8,1739725486,197066752
frontend,frontend-7dcd79f498-lm8q8,1739725786,200273920
frontend,frontend-7dcd79f498-lm8q8,1739726086,195526656
frontend,frontend-7dcd79f498-lm8q8,1739726386,199974912
frontend,frontend-7dcd79f498-lm8q8,1739726686,202362880
frontend,frontend-7dcd79f498-lm8q8,1739726986,196313088
frontend,frontend-7dcd79f498-lm8q8,1739727286,199860224
frontend,frontend-7dcd79f498-lm8q8,1739727586,198946816
frontend,frontend-7dcd79f498-lm8q8,1739727886,197332992
frontend,frontend-7dcd79f498-lm8q8,1739728186,203522048
frontend,frontend-7dcd79f498-lm8q8,1739728486,205422592
frontend,frontend-7dcd79f498-lm8q8,1739728786,206102528
frontend,frontend-7dcd79f498-lm8q8,1739729086,198791168
frontend,frontend-7dcd79f498-lm8q8,1739729386,202985472
frontend,frontend-7dcd79f498-lm8q8,1739729686,203550720
frontend,frontend-7dcd79f498-lm8q8,1739729986,204361728
frontend,frontend-7dcd79f498-lm8q8,1739730286,204439552
frontend,frontend-7dcd79f498-lm8q8,1739730586,208240640
frontend,frontend-7dcd79f498-lm8q8,1739730886,205357056
frontend,frontend-7dcd79f498-lm8q8,1739731186,205701120
frontend,frontend-7dcd79f498-lm8q8,1739731486,210984960
frontend,frontend-7dcd79f498-lm8q8,1739731786,204345344
frontend,frontend-7dcd79f498-lm8q8,1739732086,207720448
frontend,frontend-7dcd79f498-lm8q8,1739732386,205119488
frontend,frontend-7dcd79f498-lm8q8,1739732686,204701696
frontend,frontend-7dcd79f498-lm8q8,1739732986,205012992
frontend,frontend-7dcd79f498-lm8q8,1739733286,205676544
frontend,frontend-7dcd79f498-lm8q8,1739733586,205848576
frontend,frontend-7dcd79f498-lm8q8,1739733886,215535616
frontend,frontend-7dcd79f498-lm8q8,1739734186,206745600
frontend,frontend-7dcd79f498-lm8q8,1739734486,207921152
frontend,frontend-7dcd79f498-lm8q8,1739734786,213364736
frontend,frontend-7dcd79f498-lm8q8,1739735086,208084992
frontend,frontend-7dcd79f498-lm8q8,1739735386,219668480
frontend,frontend-7dcd79f498-lm8q8,1739735686,214855680
frontend,frontend-7dcd79f498-lm8q8,1739735986,209731584
frontend,frontend-7dcd79f498-lm8q8,1739736286,209924096
frontend,frontend-7dcd79f498-lm8q8,1739736586,210726912
frontend,frontend-7dcd79f498-lm8q8,1739736886,210214912
frontend,frontend-7dcd79f498-lm8q8,1739737186,208760832
frontend,frontend-7dcd79f498-lm8q8,1739737486,211001344
frontend,frontend-7dcd79f498-lm8q8,1739737786,210513920
frontend,frontend-7dcd79f498-lm8q8,1739738086,210366464
frontend,frontend-7dcd79f498-lm8q8,1739738386,209846272
frontend,frontend-7dcd79f498-lm8q8,1739738686,209412096
frontend,frontend-7dcd79f498-lm8q8,1739738986,209776640
frontend,frontend-7dcd79f498-lm8q8,1739739286,210096128
frontend,frontend-7dcd79f498-lm8q8,1739739586,211963904
frontend,frontend-7dcd79f498-lm8q8,1739739886,211099648
frontend,frontend-7dcd79f498-lm8q8,1739740186,212381696
frontend,frontend-7dcd79f498-lm8q8,1739740486,211824640
frontend,frontend-7dcd79f498-lm8q8,1739740786,212824064
frontend,frontend-7dcd79f498-lm8q8,1739741086,212369408
frontend,frontend-7dcd79f498-lm8q8,1739741386,212611072
frontend,frontend-7dcd79f498-lm8q8,1739741686,219484160
frontend,frontend-7dcd79f498-lm8q8,1739741986,212275200
frontend,frontend-7dcd79f498-lm8q8,1739742286,213426176
frontend,frontend-7dcd79f498-lm8q8,1739742586,216076288
frontend,frontend-7dcd79f498-lm8q8,1739742886,192831488
frontend,frontend-7dcd79f498-lm8q8,1739743186,200900608
frontend,frontend-7dcd79f498-lm8q8,1739743486,206008320
frontend,frontend-7dcd79f498-lm8q8,1739743786,200368128
frontend,frontend-7dcd79f498-lm8q8,1739744086,204304384
frontend,frontend-7dcd79f498-lm8q8,1739744386,217640960
frontend,frontend-7dcd79f498-lm8q8,1739744686,209989632
frontend,frontend-7dcd79f498-lm8q8,1739744986,208838656
frontend,frontend-7dcd79f498-lm8q8,1739745286,208449536
frontend,frontend-7dcd79f498-lm8q8,1739745586,208297984
frontend,frontend-7dcd79f498-lm8q8,1739745886,211161088
frontend,frontend-7dcd79f498-lm8q8,1739746186,216154112
frontend,frontend-7dcd79f498-lm8q8,1739746486,213557248
frontend,frontend-7dcd79f498-lm8q8,1739746786,210415616
frontend,frontend-7dcd79f498-lm8q8,1739747086,220860416
frontend,frontend-7dcd79f498-lm8q8,1739747386,213803008
frontend,frontend-7dcd79f498-lm8q8,1739747686,211398656
frontend,frontend-7dcd79f498-lm8q8,1739747986,211406848
frontend,frontend-7dcd79f498-lm8q8,1739748286,210894848
frontend,frontend-7dcd79f498-lm8q8,1739748586,212205568
frontend,frontend-7dcd79f498-lm8q8,1739748886,211701760
frontend,frontend-7dcd79f498-lm8q8,1739749186,212332544
frontend,frontend-7dcd79f498-lm8q8,1739749486,226050048
frontend,frontend-7dcd79f498-lm8q8,1739749786,216784896
frontend,frontend-7dcd79f498-lm8q8,1739750086,217677824
frontend,frontend-7dcd79f498-lm8q8,1739750386,218087424
frontend,frontend-7dcd79f498-lm8q8,1739750686,218140672
frontend,frontend-7dcd79f498-lm8q8,1739750986,218841088
frontend,frontend-7dcd79f498-lm8q8,1739751286,217141248
frontend,frontend-7dcd79f498-lm8q8,1739751586,214892544
frontend,frontend-7dcd79f498-lm8q8,1739751886,216268800
frontend,frontend-7dcd79f498-lm8q8,1739752186,216449024
frontend,frontend-7dcd79f498-lm8q8,1739752486,215928832
frontend,frontend-7dcd79f498-lm8q8,1739752786,216870912
frontend,frontend-7dcd79f498-lm8q8,1739753086,216387584
frontend,frontend-7dcd79f498-lm8q8,1739753386,215183360
frontend,frontend-7dcd79f498-lm8q8,1739753686,215519232
frontend,frontend-7dcd79f498-lm8q8,1739753986,214507520
frontend,frontend-7dcd79f498-lm8q8,1739754286,214859776
frontend,frontend-7dcd79f498-lm8q8,1739754586,223698944
frontend,frontend-7dcd79f498-lm8q8,1739754886,217358336
frontend,frontend-7dcd79f498-lm8q8,1739755186,220028928
frontend,frontend-7dcd79f498-lm8q8,1739755486,214999040
frontend,frontend-7dcd79f498-lm8q8,1739755786,219389952
frontend,frontend-7dcd79f498-lm8q8,1739756086,219045888
frontend,frontend-7dcd79f498-lm8q8,1739756386,225107968
frontend,frontend-7dcd79f498-lm8q8,1739756686,217522176
frontend,frontend-7dcd79f498-lm8q8,1739756986,216940544
frontend,frontend-7dcd79f498-lm8q8,1739757286,220045312
frontend,frontend-7dcd79f498-lm8q8,1739757586,218857472
frontend,frontend-7dcd79f498-lm8q8,1739757886,219537408
frontend,frontend-7dcd79f498-lm8q8,1739758186,219037696
frontend,frontend-7dcd79f498-lm8q8,1739758486,216563712
frontend,frontend-7dcd79f498-lm8q8,1739758786,219521024
frontend,frontend-7dcd79f498-lm8q8,1739759086,221954048
frontend,frontend-7dcd79f498-lm8q8,1739759386,219017216
frontend,frontend-7dcd79f498-lm8q8,1739759686,220774400
frontend,frontend-7dcd79f498-lm8q8,1739759986,222846976
frontend,frontend-7dcd79f498-lm8q8,1739760286,222068736
frontend,frontend-7dcd79f498-lm8q8,1739760586,235008000
frontend,frontend-7dcd79f498-lm8q8,1739760886,221253632
frontend,frontend-7dcd79f498-lm8q8,1739761186,223002624
frontend,frontend-7dcd79f498-lm8q8,1739761486,232169472
frontend,frontend-7dcd79f498-lm8q8,1739761786,223039488
frontend,frontend-7dcd79f498-lm8q8,1739762086,224464896
frontend,frontend-7dcd79f498-lm8q8,1739762386,225484800
frontend,frontend-7dcd79f498-lm8q8,1739762686,221896704
frontend,frontend-7dcd79f498-lm8q8,1739762986,223350784
frontend,frontend-7dcd79f498-lm8q8,1739763286,243052544
frontend,frontend-7dcd79f498-lm8q8,1739763586,241332224
frontend,frontend-7dcd79f498-lm8q8,1739763886,232968192
frontend,frontend-7dcd79f498-lm8q8,1739764186,239865856
frontend,frontend-7dcd79f498-lm8q8,1739764486,231927808
frontend,frontend-7dcd79f498-lm8q8,1739764786,230895616
frontend,frontend-7dcd79f498-lm8q8,1739765086,232869888
frontend,frontend-7dcd79f498-lm8q8,1739765386,227123200
frontend,frontend-7dcd79f498-lm8q8,1739765686,228093952
frontend,frontend-7dcd79f498-lm8q8,1739765986,233615360
frontend,frontend-7dcd79f498-lm8q8,1739766286,231145472
frontend,frontend-7dcd79f498-lm8q8,1739766586,236994560
frontend,frontend-7dcd79f498-lm8q8,1739766886,238952448
frontend,frontend-7dcd79f498-lm8q8,1739767186,233365504
frontend,frontend-7dcd79f498-lm8q8,1739767486,233328640
frontend,frontend-7dcd79f498-lm8q8,1739767786,231948288
frontend,frontend-7dcd79f498-lm8q8,1739768086,233369600
frontend,frontend-7dcd79f498-lm8q8,1739768386,231788544
frontend,frontend-7dcd79f498-lm8q8,1739768686,238268416
frontend,frontend-7dcd79f498-lm8q8,1739768986,234745856
frontend,frontend-7dcd79f498-lm8q8,1739769286,232804352
frontend,frontend-7dcd79f498-lm8q8,1739769586,237064192
frontend,frontend-7dcd79f498-lm8q8,1739769886,232611840
frontend,frontend-7dcd79f498-lm8q8,1739770186,233787392
frontend,frontend-7dcd79f498-lm8q8,1739770486,231350272
frontend,frontend-7dcd79f498-lm8q8,1739770786,233689088
frontend,frontend-7dcd79f498-lm8q8,1739771086,233500672
frontend,frontend-7dcd79f498-lm8q8,1739771386,237359104
frontend,frontend-7dcd79f498-lm8q8,1739771686,233480192
frontend,frontend-7dcd79f498-lm8q8,1739771986,244695040
frontend,frontend-7dcd79f498-lm8q8,1739772286,232669184
frontend,frontend-7dcd79f498-lm8q8,1739772586,232501248
frontend,frontend-7dcd79f498-lm8q8,1739772886,233136128
frontend,frontend-7dcd79f498-lm8q8,1739773186,239497216
frontend,frontend-7dcd79f498-lm8q8,1739773486,232394752
frontend,frontend-7dcd79f498-lm8q8,1739773786,231718912
frontend,frontend-7dcd79f498-lm8q8,1739774086,229658624
frontend,frontend-7dcd79f498-lm8q8,1739774386,234819584
frontend,frontend-7dcd79f498-lm8q8,1739774686,231759872
frontend,frontend-7dcd79f498-lm8q8,1739774986,234377216
frontend,frontend-7dcd79f498-lm8q8,1739775286,227913728
frontend,frontend-7dcd79f498-lm8q8,1739775586,231612416
frontend,frontend-7dcd79f498-lm8q8,1739775886,230191104
frontend,frontend-7dcd79f498-lm8q8,1739776186,235036672
frontend,frontend-7dcd79f498-lm8q8,1739776486,238972928
frontend,frontend-7dcd79f498-lm8q8,1739776786,243048448
frontend,frontend-7dcd79f498-lm8q8,1739777086,241823744
frontend,frontend-7dcd79f498-lm8q8,1739777386,239915008
frontend,frontend-7dcd79f498-lm8q8,1739777686,232718336
frontend,frontend-7dcd79f498-lm8q8,1739777986,239824896
frontend,frontend-7dcd79f498-lm8q8,1739778286,239988736
frontend,frontend-7dcd79f498-lm8q8,1739778586,233955328
frontend,frontend-7dcd79f498-lm8q8,1739778886,240693248
frontend,frontend-7dcd79f498-lm8q8,1739779186,238743552
frontend,frontend-7dcd79f498-lm8q8,1739779486,239542272
frontend,frontend-7dcd79f498-lm8q8,1739779786,241004544
frontend,frontend-7dcd79f498-lm8q8,1739780086,240218112
frontend,frontend-7dcd79f498-lm8q8,1739780386,239833088
frontend,frontend-7dcd79f498-lm8q8,1739780686,240717824
frontend,frontend-7dcd79f498-lm8q8,1739780986,239435776
frontend,frontend-7dcd79f498-lm8q8,1739781286,241963008
frontend,frontend-7dcd79f498-lm8q8,1739781586,234962944
frontend,frontend-7dcd79f498-lm8q8,1739781886,237948928
frontend,frontend-7dcd79f498-lm8q8,1739782186,234708992
frontend,frontend-7dcd79f498-lm8q8,1739782486,235016192
frontend,frontend-7dcd79f498-lm8q8,1739782786,235601920
frontend,frontend-7dcd79f498-lm8q8,1739783086,237432832
frontend,frontend-7dcd79f498-lm8q8,1739783386,235380736
frontend,frontend-7dcd79f498-lm8q8,1739783686,240353280
frontend,frontend-7dcd79f498-lm8q8,1739783986,236924928
frontend,frontend-7dcd79f498-lm8q8,1739784286,238911488
frontend,frontend-7dcd79f498-lm8q8,1739784586,238116864
frontend,frontend-7dcd79f498-lm8q8,1739784886,234000384
frontend,frontend-7dcd79f498-lm8q8,1739785186,239493120
frontend,frontend-7dcd79f498-lm8q8,1739785486,234426368
frontend,frontend-7dcd79f498-lm8q8,1739785786,239222784
frontend,frontend-7dcd79f498-lm8q8,1739786086,240185344
frontend,frontend-7dcd79f498-lm8q8,1739786386,243912704
frontend,frontend-7dcd79f498-lm8q8,1739786686,243638272
frontend,frontend-7dcd79f498-lm8q8,1739786986,243716096
frontend,frontend-7dcd79f498-lm8q8,1739787286,249393152
frontend,frontend-7dcd79f498-lm8q8,1739787586,244436992
frontend,frontend-7dcd79f498-lm8q8,1739787886,244617216
frontend,frontend-7dcd79f498-lm8q8,1739788186,243978240
frontend,frontend-7dcd79f498-lm8q8,1739788486,243789824
frontend,frontend-7dcd79f498-lm8q8,1739788786,242401280
frontend,frontend-7dcd79f498-lm8q8,1739789086,243724288
frontend,frontend-7dcd79f498-lm8q8,1739789386,242589696
frontend,frontend-7dcd79f498-lm8q8,1739789686,243638272
frontend,frontend-7dcd79f498-lm8q8,1739789986,241188864
frontend,frontend-7dcd79f498-lm8q8,1739790286,242741248
frontend,frontend-7dcd79f498-lm8q8,1739790586,241946624
frontend,frontend-7dcd79f498-lm8q8,1739790886,243122176
frontend,frontend-7dcd79f498-lm8q8,1739791186,242855936
frontend,frontend-7dcd79f498-lm8q8,1739791486,242368512
frontend,frontend-7dcd79f498-lm8q8,1739791786,243085312
frontend,frontend-7dcd79f498-lm8q8,1739792086,241700864
frontend,frontend-7dcd79f498-lm8q8,1739792386,243232768
frontend,frontend-7dcd79f498-lm8q8,1739792686,245440512
frontend,frontend-7dcd79f498-lm8q8,1739792986,242012160
frontend,frontend-7dcd79f498-lm8q8,1739793286,242348032
frontend,frontend-7dcd79f498-lm8q8,1739793586,242458624
frontend,frontend-7dcd79f498-lm8q8,1739793886,241963008
frontend,frontend-7dcd79f498-lm8q8,1739794186,241750016
frontend,frontend-7dcd79f498-lm8q8,1739794486,243949568
frontend,frontend-7dcd79f498-lm8q8,1739794786,242507776
frontend,frontend-7dcd79f498-lm8q8,1739795086,241172480
frontend,frontend-7dcd79f498-lm8q8,1739795386,241102848
frontend,frontend-7dcd79f498-lm8q8,1739795686,241446912
frontend,frontend-7dcd79f498-lm8q8,1739795986,236883968
frontend,frontend-7dcd79f498-lm8q8,1739796286,237797376
frontend,frontend-7dcd79f498-lm8q8,1739796586,239001600
frontend,frontend-7dcd79f498-lm8q8,1739796886,232513536
frontend,frontend-7dcd79f498-lm8q8,1739797186,234442752
frontend,frontend-7dcd79f498-lm8q8,1739797486,236912640
frontend,frontend-7dcd79f498-lm8q8,1739797786,235151360
frontend,frontend-7dcd79f498-lm8q8,1739798086,237457408
frontend,frontend-7dcd79f498-lm8q8,1739798386,236625920
frontend,frontend-7dcd79f498-lm8q8,1739798686,235446272
frontend,frontend-7dcd79f498-lm8q8,1739798986,236654592
frontend,frontend-7dcd79f498-lm8q8,1739799286,236294144
frontend,frontend-7dcd79f498-lm8q8,1739799586,236400640
frontend,frontend-7dcd79f498-lm8q8,1739799886,236728320
frontend,frontend-7dcd79f498-lm8q8,1739800186,236781568
frontend,frontend-7dcd79f498-lm8q8,1739800486,237137920
frontend,frontend-7dcd79f498-lm8q8,1739800786,236781568
frontend,frontend-7dcd79f498-lm8q8,1739801086,236560384
frontend,frontend-7dcd79f498-lm8q8,1739801386,237191168
frontend,frontend-7dcd79f498-lm8q8,1739801686,236875776
frontend,frontend-7dcd79f498-lm8q8,1739801986,237080576
frontend,frontend-7dcd79f498-lm8q8,1739802286,236220416
frontend,frontend-7dcd79f498-lm8q8,1739802586,236535808
frontend,frontend-7dcd79f498-lm8q8,1739802886,236285952
frontend,frontend-7dcd79f498-lm8q8,1739803186,237510656
frontend,frontend-7dcd79f498-lm8q8,1739803486,239493120
frontend,frontend-7dcd79f498-lm8q8,1739803786,237838336
frontend,frontend-7dcd79f498-lm8q8,1739804086,238047232
frontend,frontend-7dcd79f498-lm8q8,1739804386,236945408
frontend,frontend-7dcd79f498-lm8q8,1739804686,238583808
frontend,frontend-7dcd79f498-lm8q8,1739804986,238403584
frontend,frontend-7dcd79f498-lm8q8,1739805286,239902720
frontend,frontend-7dcd79f498-lm8q8,1739805586,238059520
frontend,frontend-7dcd79f498-lm8q8,1739805886,237662208
frontend,frontend-7dcd79f498-lm8q8,1739806186,237797376
frontend,frontend-7dcd79f498-lm8q8,1739806486,237867008
frontend,frontend-7dcd79f498-lm8q8,1739806786,242696192
frontend,frontend-7dcd79f498-lm8q8,1739807086,239448064
frontend,frontend-7dcd79f498-lm8q8,1739807386,239108096
frontend,frontend-7dcd79f498-lm8q8,1739807686,239239168
frontend,frontend-7dcd79f498-lm8q8,1739807986,239345664
frontend,frontend-7dcd79f498-lm8q8,1739808286,238612480
frontend,frontend-7dcd79f498-lm8q8,1739808586,239509504
frontend,frontend-7dcd79f498-lm8q8,1739808886,242978816
frontend,frontend-7dcd79f498-lm8q8,1739809186,243904512
frontend,frontend-7dcd79f498-lm8q8,1739809486,242520064
frontend,frontend-7dcd79f498-lm8q8,1739809786,244609024
frontend,frontend-7dcd79f498-lm8q8,1739810086,241979392
frontend,frontend-7dcd79f498-lm8q8,1739810386,243290112
frontend,frontend-7dcd79f498-lm8q8,1739810686,241487872
frontend,frontend-7dcd79f498-lm8q8,1739810986,241491968
frontend,frontend-7dcd79f498-lm8q8,1739811286,242475008
frontend,frontend-7dcd79f498-lm8q8,1739811586,241147904
frontend,frontend-7dcd79f498-lm8q8,1739811886,240369664
frontend,frontend-7dcd79f498-lm8q8,1739812186,241410048
frontend,frontend-7dcd79f498-lm8q8,1739812486,240435200
frontend,frontend-7dcd79f498-lm8q8,1739812786,240988160
frontend,frontend-7dcd79f498-lm8q8,1739813086,245460992
frontend,frontend-7dcd79f498-lm8q8,1739813386,247668736
frontend,frontend-7dcd79f498-lm8q8,1739813686,244383744
frontend,frontend-7dcd79f498-lm8q8,1739813986,244113408
frontend,frontend-7dcd79f498-lm8q8,1739814286,244924416
frontend,frontend-7dcd79f498-lm8q8,1739814586,245157888
frontend,frontend-7dcd79f498-lm8q8,1739814886,244449280
frontend,frontend-7dcd79f498-lm8q8,1739815186,244363264
frontend,frontend-7dcd79f498-lm8q8,1739815486,244629504
frontend,frontend-7dcd79f498-lm8q8,1739815786,247078912
frontend,frontend-7dcd79f498-lm8q8,1739816086,244862976
frontend,frontend-7dcd79f498-lm8q8,1739816386,244629504
frontend,frontend-7dcd79f498-lm8q8,1739816686,244871168
frontend,frontend-7dcd79f498-lm8q8,1739816986,245788672
frontend,frontend-7dcd79f498-lm8q8,1739817286,245608448
frontend,frontend-7dcd79f498-lm8q8,1739817586,248479744
frontend,frontend-7dcd79f498-lm8q8,1739817886,246087680
frontend,frontend-7dcd79f498-lm8q8,1739818186,247824384
frontend,frontend-7dcd79f498-lm8q8,1739818486,247873536
frontend,frontend-7dcd79f498-lm8q8,1739818786,252653568
frontend,frontend-7dcd79f498-lm8q8,1739819086,246292480
frontend,frontend-7dcd79f498-lm8q8,1739819386,245002240
frontend,frontend-7dcd79f498-lm8q8,1739819686,245055488
frontend,frontend-7dcd79f498-lm8q8,1739819986,249397248
frontend,frontend-7dcd79f498-lm8q8,1739820286,247144448
frontend,frontend-7dcd79f498-lm8q8,1739820586,249335808
frontend,frontend-7dcd79f498-lm8q8,1739820886,239288320
frontend,frontend-7dcd79f498-lm8q8,1739821186,241770496
frontend,frontend-7dcd79f498-lm8q8,1739821486,241389568
frontend,frontend-7dcd79f498-lm8q8,1739821786,241025024
frontend,frontend-7dcd79f498-lm8q8,1739822086,248184832
frontend,frontend-7dcd79f498-lm8q8,1739822386,243900416
frontend,frontend-7dcd79f498-lm8q8,1739822686,244277248
frontend,frontend-7dcd79f498-lm8q8,1739822986,245080064
frontend,frontend-7dcd79f498-lm8q8,1739823286,249454592
frontend,frontend-7dcd79f498-lm8q8,1739823586,244142080
frontend,frontend-7dcd79f498-lm8q8,1739823886,243359744
frontend,frontend-7dcd79f498-lm8q8,1739824186,246743040
frontend,frontend-7dcd79f498-lm8q8,1739824486,243687424
frontend,frontend-7dcd79f498-lm8q8,1739824786,243974144
frontend,frontend-7dcd79f498-lm8q8,1739825086,244035584
frontend,frontend-7dcd79f498-lm8q8,1739825386,254099456
frontend,frontend-7dcd79f498-lm8q8,1739825686,245100544
frontend,frontend-7dcd79f498-lm8q8,1739825986,244682752
frontend,frontend-7dcd79f498-lm8q8,1739826286,245637120
frontend,frontend-7dcd79f498-lm8q8,1739826586,251166720
frontend,frontend-7dcd79f498-lm8q8,1739826886,214097920
frontend,frontend-7dcd79f498-lm8q8,1739827186,215977984
frontend,frontend-7dcd79f498-lm8q8,1739827486,215678976
frontend,frontend-7dcd79f498-lm8q8,1739827786,216969216
frontend,frontend-7dcd79f498-lm8q8,1739828086,216748032
frontend,frontend-7dcd79f498-lm8q8,1739828386,218816512
frontend,frontend-7dcd79f498-lm8q8,1739828686,216244224
frontend,frontend-7dcd79f498-lm8q8,1739828986,217264128
frontend,frontend-7dcd79f498-lm8q8,1739829286,216973312
frontend,frontend-7dcd79f498-lm8q8,1739829586,216723456
frontend,frontend-7dcd79f498-lm8q8,1739829886,217264128
frontend,frontend-7dcd79f498-lm8q8,1739830186,217808896
frontend,frontend-7dcd79f498-lm8q8,1739830486,209596416
frontend,frontend-7dcd79f498-lm8q8,1739830786,211283968
frontend,frontend-7dcd79f498-lm8q8,1739831086,214216704
frontend,frontend-7dcd79f498-lm8q8,1739831386,213143552
currencyservice,currencyservice-669f47c6d7-lj52l,1739226586,145108992
currencyservice,currencyservice-669f47c6d7-lj52l,1739226886,151179264
currencyservice,currencyservice-669f47c6d7-lj52l,1739227186,152244224
currencyservice,currencyservice-669f47c6d7-lj52l,1739227486,157519872
currencyservice,currencyservice-669f47c6d7-lj52l,1739227786,160043008
currencyservice,currencyservice-669f47c6d7-lj52l,1739228086,163180544
currencyservice,currencyservice-669f47c6d7-lj52l,1739228386,165146624
currencyservice,currencyservice-669f47c6d7-lj52l,1739228686,166948864
currencyservice,currencyservice-669f47c6d7-lj52l,1739228986,170991616
currencyservice,currencyservice-669f47c6d7-lj52l,1739229286,173010944
currencyservice,currencyservice-669f47c6d7-lj52l,1739229586,176934912
currencyservice,currencyservice-669f47c6d7-lj52l,1739229886,178368512
currencyservice,currencyservice-669f47c6d7-lj52l,1739230186,180555776
currencyservice,currencyservice-669f47c6d7-lj52l,1739230486,182312960
currencyservice,currencyservice-669f47c6d7-lj52l,1739230786,183472128
currencyservice,currencyservice-669f47c6d7-lj52l,1739231086,121688064
currencyservice,currencyservice-669f47c6d7-lj52l,1739231386,126132224
currencyservice,currencyservice-669f47c6d7-lj52l,1739231686,127594496
currencyservice,currencyservice-669f47c6d7-lj52l,1739231986,129949696
currencyservice,currencyservice-669f47c6d7-lj52l,1739232286,131399680
currencyservice,currencyservice-669f47c6d7-lj52l,1739232586,134639616
currencyservice,currencyservice-669f47c6d7-lj52l,1739232886,136327168
currencyservice,currencyservice-669f47c6d7-lj52l,1739233186,138031104
currencyservice,currencyservice-669f47c6d7-lj52l,1739233486,141860864
currencyservice,currencyservice-669f47c6d7-lj52l,1739233786,143798272
currencyservice,currencyservice-669f47c6d7-lj52l,1739234086,145391616
currencyservice,currencyservice-669f47c6d7-lj52l,1739234386,147193856
currencyservice,currencyservice-669f47c6d7-lj52l,1739234686,148787200
currencyservice,currencyservice-669f47c6d7-lj52l,1739234986,152907776
currencyservice,currencyservice-669f47c6d7-lj52l,1739235286,154124288
currencyservice,currencyservice-669f47c6d7-lj52l,1739235586,155926528
currencyservice,currencyservice-669f47c6d7-lj52l,1739235886,156274688
currencyservice,currencyservice-669f47c6d7-lj52l,1739236186,160169984
currencyservice,currencyservice-669f47c6d7-lj52l,1739236486,163856384
currencyservice,currencyservice-669f47c6d7-lj52l,1739236786,165502976
currencyservice,currencyservice-669f47c6d7-lj52l,1739237086,166989824
currencyservice,currencyservice-669f47c6d7-lj52l,1739237386,168787968
currencyservice,currencyservice-669f47c6d7-lj52l,1739237686,172642304
currencyservice,currencyservice-669f47c6d7-lj52l,1739237986,174235648
currencyservice,currencyservice-669f47c6d7-lj52l,1739238286,182779904
currencyservice,currencyservice-669f47c6d7-lj52l,1739238586,184512512
currencyservice,currencyservice-669f47c6d7-lj52l,1739238886,185565184
currencyservice,currencyservice-669f47c6d7-lj52l,1739239186,123871232
currencyservice,currencyservice-669f47c6d7-lj52l,1739239486,125902848
currencyservice,currencyservice-669f47c6d7-lj52l,1739239786,127578112
currencyservice,currencyservice-669f47c6d7-lj52l,1739240086,131411968
currencyservice,currencyservice-669f47c6d7-lj52l,1739240386,133517312
currencyservice,currencyservice-669f47c6d7-lj52l,1739240686,135151616
currencyservice,currencyservice-669f47c6d7-lj52l,1739240986,139816960
currencyservice,currencyservice-669f47c6d7-lj52l,1739241286,141131776
currencyservice,currencyservice-669f47c6d7-lj52l,1739241586,142929920
currencyservice,currencyservice-669f47c6d7-lj52l,1739241886,146898944
currencyservice,currencyservice-669f47c6d7-lj52l,1739242186,148570112
currencyservice,currencyservice-669f47c6d7-lj52l,1739242486,149381120
currencyservice,currencyservice-669f47c6d7-lj52l,1739242786,151846912
currencyservice,currencyservice-669f47c6d7-lj52l,1739243086,155410432
currencyservice,currencyservice-669f47c6d7-lj52l,1739243386,158883840
currencyservice,currencyservice-669f47c6d7-lj52l,1739243686,163115008
currencyservice,currencyservice-669f47c6d7-lj52l,1739243986,164737024
currencyservice,currencyservice-669f47c6d7-lj52l,1739244286,169132032
currencyservice,currencyservice-669f47c6d7-lj52l,1739244586,170070016
currencyservice,currencyservice-669f47c6d7-lj52l,1739244886,174243840
currencyservice,currencyservice-669f47c6d7-lj52l,1739245186,175628288
currencyservice,currencyservice-669f47c6d7-lj52l,1739245486,178061312
currencyservice,currencyservice-669f47c6d7-lj52l,1739245786,181514240
currencyservice,currencyservice-669f47c6d7-lj52l,1739246086,183578624
currencyservice,currencyservice-669f47c6d7-lj52l,1739246386,185094144
currencyservice,currencyservice-669f47c6d7-lj52l,1739246686,122454016
currencyservice,currencyservice-669f47c6d7-lj52l,1739246986,124461056
currencyservice,currencyservice-669f47c6d7-lj52l,1739247286,128475136
currencyservice,currencyservice-669f47c6d7-lj52l,1739247586,132345856
currencyservice,currencyservice-669f47c6d7-lj52l,1739247886,136368128
currencyservice,currencyservice-669f47c6d7-lj52l,1739248186,141533184
currencyservice,currencyservice-669f47c6d7-lj52l,1739248486,149766144
currencyservice,currencyservice-669f47c6d7-lj52l,1739248786,156925952
currencyservice,currencyservice-669f47c6d7-lj52l,1739249086,161783808
currencyservice,currencyservice-669f47c6d7-lj52l,1739249386,166322176
currencyservice,currencyservice-669f47c6d7-lj52l,1739249686,170958848
currencyservice,currencyservice-669f47c6d7-lj52l,1739249986,175599616
currencyservice,currencyservice-669f47c6d7-lj52l,1739250286,179544064
currencyservice,currencyservice-669f47c6d7-lj52l,1739250586,186175488
currencyservice,currencyservice-669f47c6d7-lj52l,1739250886,122122240
currencyservice,currencyservice-669f47c6d7-lj52l,1739251186,129597440
currencyservice,currencyservice-669f47c6d7-lj52l,1739251486,135049216
currencyservice,currencyservice-669f47c6d7-lj52l,1739251786,137560064
currencyservice,currencyservice-669f47c6d7-lj52l,1739252086,140931072
currencyservice,currencyservice-669f47c6d7-lj52l,1739252386,143081472
currencyservice,currencyservice-669f47c6d7-lj52l,1739252686,144695296
currencyservice,currencyservice-669f47c6d7-lj52l,1739252986,149061632
currencyservice,currencyservice-669f47c6d7-lj52l,1739253286,156012544
currencyservice,currencyservice-669f47c6d7-lj52l,1739253586,159330304
currencyservice,currencyservice-669f47c6d7-lj52l,1739253886,161742848
currencyservice,currencyservice-669f47c6d7-lj52l,1739254186,169357312
currencyservice,currencyservice-669f47c6d7-lj52l,1739254486,171274240
currencyservice,currencyservice-669f47c6d7-lj52l,1739254786,175706112
currencyservice,currencyservice-669f47c6d7-lj52l,1739255086,180006912
currencyservice,currencyservice-669f47c6d7-lj52l,1739255386,181739520
currencyservice,currencyservice-669f47c6d7-lj52l,1739255686,183623680
currencyservice,currencyservice-669f47c6d7-lj52l,1739255986,185171968
currencyservice,currencyservice-669f47c6d7-lj52l,1739256286,186445824
currencyservice,currencyservice-669f47c6d7-lj52l,1739256586,188747776
currencyservice,currencyservice-669f47c6d7-lj52l,1739256886,191410176
currencyservice,currencyservice-669f47c6d7-lj52l,1739257186,80224256
currencyservice,currencyservice-669f47c6d7-lj52l,1739257486,134148096
currencyservice,currencyservice-669f47c6d7-lj52l,1739257786,140541952
currencyservice,currencyservice-669f47c6d7-lj52l,1739258086,142385152
currencyservice,currencyservice-669f47c6d7-lj52l,1739258386,142987264
currencyservice,currencyservice-669f47c6d7-lj52l,1739258686,146833408
currencyservice,currencyservice-669f47c6d7-lj52l,1739258986,148185088
currencyservice,currencyservice-669f47c6d7-lj52l,1739259286,150155264
currencyservice,currencyservice-669f47c6d7-lj52l,1739259586,155746304
currencyservice,currencyservice-669f47c6d7-lj52l,1739259886,157216768
currencyservice,currencyservice-669f47c6d7-lj52l,1739260186,164003840
currencyservice,currencyservice-669f47c6d7-lj52l,1739260486,166076416
currencyservice,currencyservice-669f47c6d7-lj52l,1739260786,166555648
currencyservice,currencyservice-669f47c6d7-lj52l,1739261086,172371968
currencyservice,currencyservice-669f47c6d7-lj52l,1739261386,180486144
currencyservice,currencyservice-669f47c6d7-lj52l,1739261686,188035072
currencyservice,currencyservice-669f47c6d7-lj52l,1739261986,194424832
currencyservice,currencyservice-669f47c6d7-lj52l,1739262286,134275072
currencyservice,currencyservice-669f47c6d7-lj52l,1739262586,141934592
currencyservice,currencyservice-669f47c6d7-lj52l,1739262886,147947520
currencyservice,currencyservice-669f47c6d7-lj52l,1739263186,149188608
currencyservice,currencyservice-669f47c6d7-lj52l,1739263486,154046464
currencyservice,currencyservice-669f47c6d7-lj52l,1739263786,155701248
currencyservice,currencyservice-669f47c6d7-lj52l,1739264086,157294592
currencyservice,currencyservice-669f47c6d7-lj52l,1739264386,159256576
currencyservice,currencyservice-669f47c6d7-lj52l,1739264686,162082816
currencyservice,currencyservice-669f47c6d7-lj52l,1739264986,168960000
currencyservice,currencyservice-669f47c6d7-lj52l,1739265286,173903872
currencyservice,currencyservice-669f47c6d7-lj52l,1739265586,178315264
currencyservice,currencyservice-669f47c6d7-lj52l,1739265886,183123968
currencyservice,currencyservice-669f47c6d7-lj52l,1739266186,187994112
currencyservice,currencyservice-669f47c6d7-lj52l,1739266486,190529536
currencyservice,currencyservice-669f47c6d7-lj52l,1739266786,194408448
currencyservice,currencyservice-669f47c6d7-lj52l,1739267086,195231744
currencyservice,currencyservice-669f47c6d7-lj52l,1739267386,197545984
currencyservice,currencyservice-669f47c6d7-lj52l,1739267686,198860800
currencyservice,currencyservice-669f47c6d7-lj52l,1739267986,200204288
currencyservice,currencyservice-669f47c6d7-lj52l,1739268286,129703936
currencyservice,currencyservice-669f47c6d7-lj52l,1739268586,133591040
currencyservice,currencyservice-669f47c6d7-lj52l,1739268886,136761344
currencyservice,currencyservice-669f47c6d7-lj52l,1739269186,138252288
currencyservice,currencyservice-669f47c6d7-lj52l,1739269486,140054528
currencyservice,currencyservice-669f47c6d7-lj52l,1739269786,151273472
currencyservice,currencyservice-669f47c6d7-lj52l,1739270086,155344896
currencyservice,currencyservice-669f47c6d7-lj52l,1739270386,160976896
currencyservice,currencyservice-669f47c6d7-lj52l,1739270686,169193472
currencyservice,currencyservice-669f47c6d7-lj52l,1739270986,173109248
currencyservice,currencyservice-669f47c6d7-lj52l,1739271286,175140864
currencyservice,currencyservice-669f47c6d7-lj52l,1739271586,178278400
currencyservice,currencyservice-669f47c6d7-lj52l,1739271886,180019200
currencyservice,currencyservice-669f47c6d7-lj52l,1739272186,182427648
currencyservice,currencyservice-669f47c6d7-lj52l,1739272486,187490304
currencyservice,currencyservice-669f47c6d7-lj52l,1739272786,195022848
currencyservice,currencyservice-669f47c6d7-lj52l,1739273086,197431296
currencyservice,currencyservice-669f47c6d7-lj52l,1739273386,201785344
currencyservice,currencyservice-669f47c6d7-lj52l,1739273686,202702848
currencyservice,currencyservice-669f47c6d7-lj52l,1739273986,128950272
currencyservice,currencyservice-669f47c6d7-lj52l,1739274286,139079680
currencyservice,currencyservice-669f47c6d7-lj52l,1739274586,142331904
currencyservice,currencyservice-669f47c6d7-lj52l,1739274886,144834560
currencyservice,currencyservice-669f47c6d7-lj52l,1739275186,146731008
currencyservice,currencyservice-669f47c6d7-lj52l,1739275486,148189184
currencyservice,currencyservice-669f47c6d7-lj52l,1739275786,151289856
currencyservice,currencyservice-669f47c6d7-lj52l,1739276086,154505216
currencyservice,currencyservice-669f47c6d7-lj52l,1739276386,156475392
currencyservice,currencyservice-669f47c6d7-lj52l,1739276686,157962240
currencyservice,currencyservice-669f47c6d7-lj52l,1739276986,159367168
currencyservice,currencyservice-669f47c6d7-lj52l,1739277286,162656256
currencyservice,currencyservice-669f47c6d7-lj52l,1739277586,163868672
currencyservice,currencyservice-669f47c6d7-lj52l,1739277886,165048320
currencyservice,currencyservice-669f47c6d7-lj52l,1739278186,167657472
currencyservice,currencyservice-669f47c6d7-lj52l,1739278486,170213376
currencyservice,currencyservice-669f47c6d7-lj52l,1739278786,171843584
currencyservice,currencyservice-669f47c6d7-lj52l,1739279086,175280128
currencyservice,currencyservice-669f47c6d7-lj52l,1739279386,178348032
currencyservice,currencyservice-669f47c6d7-lj52l,1739279686,182419456
currencyservice,currencyservice-669f47c6d7-lj52l,1739279986,187670528
currencyservice,currencyservice-669f47c6d7-lj52l,1739280286,187977728
currencyservice,currencyservice-669f47c6d7-lj52l,1739280586,190459904
currencyservice,currencyservice-669f47c6d7-lj52l,1739280886,191770624
currencyservice,currencyservice-669f47c6d7-lj52l,1739281186,194240512
currencyservice,currencyservice-669f47c6d7-lj52l,1739281486,195321856
currencyservice,currencyservice-669f47c6d7-lj52l,1739281786,196943872
currencyservice,currencyservice-669f47c6d7-lj52l,1739282086,198217728
currencyservice,currencyservice-669f47c6d7-lj52l,1739282386,203993088
currencyservice,currencyservice-669f47c6d7-lj52l,1739282686,207118336
currencyservice,currencyservice-669f47c6d7-lj52l,1739282986,138940416
currencyservice,currencyservice-669f47c6d7-lj52l,1739283286,143192064
currencyservice,currencyservice-669f47c6d7-lj52l,1739283586,148983808
currencyservice,currencyservice-669f47c6d7-lj52l,1739283886,152424448
currencyservice,currencyservice-669f47c6d7-lj52l,1739284186,157777920
currencyservice,currencyservice-669f47c6d7-lj52l,1739284486,159772672
currencyservice,currencyservice-669f47c6d7-lj52l,1739284786,163680256
currencyservice,currencyservice-669f47c6d7-lj52l,1739285086,168722432
currencyservice,currencyservice-669f47c6d7-lj52l,1739285386,170496000
currencyservice,currencyservice-669f47c6d7-lj52l,1739285686,173928448
currencyservice,currencyservice-669f47c6d7-lj52l,1739285986,177991680
currencyservice,currencyservice-669f47c6d7-lj52l,1739286286,182317056
currencyservice,currencyservice-669f47c6d7-lj52l,1739286586,184258560
currencyservice,currencyservice-669f47c6d7-lj52l,1739286886,188395520
currencyservice,currencyservice-669f47c6d7-lj52l,1739287186,190701568
currencyservice,currencyservice-669f47c6d7-lj52l,1739287486,193650688
currencyservice,currencyservice-669f47c6d7-lj52l,1739287786,113426432
currencyservice,currencyservice-669f47c6d7-lj52l,1739288086,154492928
currencyservice,currencyservice-669f47c6d7-lj52l,1739288386,163328000
currencyservice,currencyservice-669f47c6d7-lj52l,1739288686,167936000
currencyservice,currencyservice-669f47c6d7-lj52l,1739288986,169959424
currencyservice,currencyservice-669f47c6d7-lj52l,1739289286,173875200
currencyservice,currencyservice-669f47c6d7-lj52l,1739289586,176414720
currencyservice,currencyservice-669f47c6d7-lj52l,1739289886,180244480
currencyservice,currencyservice-669f47c6d7-lj52l,1739290186,180396032
currencyservice,currencyservice-669f47c6d7-lj52l,1739290486,180363264
currencyservice,currencyservice-669f47c6d7-lj52l,1739290786,174092288
currencyservice,currencyservice-669f47c6d7-lj52l,1739291086,176402432
currencyservice,currencyservice-669f47c6d7-lj52l,1739291386,178667520
currencyservice,currencyservice-669f47c6d7-lj52l,1739291686,180228096
currencyservice,currencyservice-669f47c6d7-lj52l,1739291986,180879360
currencyservice,currencyservice-669f47c6d7-lj52l,1739292286,181104640
currencyservice,currencyservice-669f47c6d7-lj52l,1739292586,181575680
currencyservice,currencyservice-669f47c6d7-lj52l,1739292886,181481472
currencyservice,currencyservice-669f47c6d7-lj52l,1739293186,178913280
currencyservice,currencyservice-669f47c6d7-lj52l,1739293486,181346304
currencyservice,currencyservice-669f47c6d7-lj52l,1739293786,181358592
currencyservice,currencyservice-669f47c6d7-lj52l,1739294086,180969472
currencyservice,currencyservice-669f47c6d7-lj52l,1739294386,181137408
currencyservice,currencyservice-669f47c6d7-lj52l,1739294686,181698560
currencyservice,currencyservice-669f47c6d7-lj52l,1739294986,179011584
currencyservice,currencyservice-669f47c6d7-lj52l,1739295286,174637056
currencyservice,currencyservice-669f47c6d7-lj52l,1739295586,176119808
currencyservice,currencyservice-669f47c6d7-lj52l,1739295886,177815552
currencyservice,currencyservice-669f47c6d7-lj52l,1739296186,182157312
currencyservice,currencyservice-669f47c6d7-lj52l,1739296486,183595008
currencyservice,currencyservice-669f47c6d7-lj52l,1739296786,183406592
currencyservice,currencyservice-669f47c6d7-lj52l,1739297086,185769984
currencyservice,currencyservice-669f47c6d7-lj52l,1739297386,186097664
currencyservice,currencyservice-669f47c6d7-lj52l,1739297686,186281984
currencyservice,currencyservice-669f47c6d7-lj52l,1739297986,185585664
currencyservice,currencyservice-669f47c6d7-lj52l,1739298286,186331136
currencyservice,currencyservice-669f47c6d7-lj52l,1739298586,186642432
currencyservice,currencyservice-669f47c6d7-lj52l,1739298886,186261504
currencyservice,currencyservice-669f47c6d7-lj52l,1739299186,186286080
currencyservice,currencyservice-669f47c6d7-lj52l,1739299486,185753600
currencyservice,currencyservice-669f47c6d7-lj52l,1739299786,185950208
currencyservice,currencyservice-669f47c6d7-lj52l,1739300086,185782272
currencyservice,currencyservice-669f47c6d7-lj52l,1739300386,185733120
currencyservice,currencyservice-669f47c6d7-lj52l,1739300686,185548800
currencyservice,currencyservice-669f47c6d7-lj52l,1739300986,186220544
currencyservice,currencyservice-669f47c6d7-lj52l,1739301286,185950208
currencyservice,currencyservice-669f47c6d7-lj52l,1739301586,167813120
currencyservice,currencyservice-669f47c6d7-lj52l,1739301886,173682688
currencyservice,currencyservice-669f47c6d7-lj52l,1739302186,176590848
currencyservice,currencyservice-669f47c6d7-lj52l,1739302486,180342784
currencyservice,currencyservice-669f47c6d7-lj52l,1739302786,182063104
currencyservice,currencyservice-669f47c6d7-lj52l,1739303086,186212352
currencyservice,currencyservice-669f47c6d7-lj52l,1739303386,186740736
currencyservice,currencyservice-669f47c6d7-lj52l,1739303686,187105280
currencyservice,currencyservice-669f47c6d7-lj52l,1739303986,186974208
currencyservice,currencyservice-669f47c6d7-lj52l,1739304286,186720256
currencyservice,currencyservice-669f47c6d7-lj52l,1739304586,186572800
currencyservice,currencyservice-669f47c6d7-lj52l,1739304886,181760000
currencyservice,currencyservice-669f47c6d7-lj52l,1739305186,186793984
currencyservice,currencyservice-669f47c6d7-lj52l,1739305486,186658816
currencyservice,currencyservice-669f47c6d7-lj52l,1739305786,184279040
currencyservice,currencyservice-669f47c6d7-lj52l,1739306086,186134528
currencyservice,currencyservice-669f47c6d7-lj52l,1739306386,186744832
currencyservice,currencyservice-669f47c6d7-lj52l,1739306686,186904576
currencyservice,currencyservice-669f47c6d7-lj52l,1739306986,187273216
currencyservice,currencyservice-669f47c6d7-lj52l,1739307286,187113472
currencyservice,currencyservice-669f47c6d7-lj52l,1739307586,187518976
currencyservice,currencyservice-669f47c6d7-lj52l,1739307886,173879296
currencyservice,currencyservice-669f47c6d7-lj52l,1739308186,179687424
currencyservice,currencyservice-669f47c6d7-lj52l,1739308486,180862976
currencyservice,currencyservice-669f47c6d7-lj52l,1739308786,182362112
currencyservice,currencyservice-669f47c6d7-lj52l,1739309086,180027392
currencyservice,currencyservice-669f47c6d7-lj52l,1739309386,188145664
currencyservice,currencyservice-669f47c6d7-lj52l,1739309686,189620224
currencyservice,currencyservice-669f47c6d7-lj52l,1739309986,191598592
currencyservice,currencyservice-669f47c6d7-lj52l,1739310286,195440640
currencyservice,currencyservice-669f47c6d7-lj52l,1739310586,198156288
currencyservice,currencyservice-669f47c6d7-lj52l,1739310886,198946816
currencyservice,currencyservice-669f47c6d7-lj52l,1739311186,200892416
currencyservice,currencyservice-669f47c6d7-lj52l,1739311486,202379264
currencyservice,currencyservice-669f47c6d7-lj52l,1739311786,206761984
currencyservice,currencyservice-669f47c6d7-lj52l,1739312086,207974400
currencyservice,currencyservice-669f47c6d7-lj52l,1739312386,209555456
currencyservice,currencyservice-669f47c6d7-lj52l,1739312686,204406784
currencyservice,currencyservice-669f47c6d7-lj52l,1739312986,213258240
currencyservice,currencyservice-669f47c6d7-lj52l,1739313286,216879104
currencyservice,currencyservice-669f47c6d7-lj52l,1739313586,218583040
currencyservice,currencyservice-669f47c6d7-lj52l,1739313886,226361344
currencyservice,currencyservice-669f47c6d7-lj52l,1739314186,230162432
currencyservice,currencyservice-669f47c6d7-lj52l,1739314486,232910848
currencyservice,currencyservice-669f47c6d7-lj52l,1739314786,233517056
currencyservice,currencyservice-669f47c6d7-lj52l,1739315086,234885120
currencyservice,currencyservice-669f47c6d7-lj52l,1739315386,234635264
currencyservice,currencyservice-669f47c6d7-lj52l,1739315686,171692032
currencyservice,currencyservice-669f47c6d7-lj52l,1739315986,175919104
currencyservice,currencyservice-669f47c6d7-lj52l,1739316286,178241536
currencyservice,currencyservice-669f47c6d7-lj52l,1739316586,181977088
currencyservice,currencyservice-669f47c6d7-lj52l,1739316886,183758848
currencyservice,currencyservice-669f47c6d7-lj52l,1739317186,185274368
currencyservice,currencyservice-669f47c6d7-lj52l,1739317486,186769408
currencyservice,currencyservice-669f47c6d7-lj52l,1739317786,188219392
currencyservice,currencyservice-669f47c6d7-lj52l,1739318086,189906944
currencyservice,currencyservice-669f47c6d7-lj52l,1739318386,191574016
currencyservice,currencyservice-669f47c6d7-lj52l,1739318686,194273280
currencyservice,currencyservice-669f47c6d7-lj52l,1739318986,197271552
currencyservice,currencyservice-669f47c6d7-lj52l,1739319286,199487488
currencyservice,currencyservice-669f47c6d7-lj52l,1739319586,201228288
currencyservice,currencyservice-669f47c6d7-lj52l,1739319886,202616832
currencyservice,currencyservice-669f47c6d7-lj52l,1739320186,204255232
currencyservice,currencyservice-669f47c6d7-lj52l,1739320486,206299136
currencyservice,currencyservice-669f47c6d7-lj52l,1739320786,207515648
currencyservice,currencyservice-669f47c6d7-lj52l,1739321086,211529728
currencyservice,currencyservice-669f47c6d7-lj52l,1739321386,213413888
currencyservice,currencyservice-669f47c6d7-lj52l,1739321686,215965696
currencyservice,currencyservice-669f47c6d7-lj52l,1739321986,216584192
currencyservice,currencyservice-669f47c6d7-lj52l,1739322286,218869760
currencyservice,currencyservice-669f47c6d7-lj52l,1739322586,219844608
currencyservice,currencyservice-669f47c6d7-lj52l,1739322886,223191040
currencyservice,currencyservice-669f47c6d7-lj52l,1739323186,225112064
currencyservice,currencyservice-669f47c6d7-lj52l,1739323486,229662720
currencyservice,currencyservice-669f47c6d7-lj52l,1739323786,230027264
currencyservice,currencyservice-669f47c6d7-lj52l,1739324086,232398848
currencyservice,currencyservice-669f47c6d7-lj52l,1739324386,233766912
currencyservice,currencyservice-669f47c6d7-lj52l,1739324686,235442176
currencyservice,currencyservice-669f47c6d7-lj52l,1739324986,235982848
currencyservice,currencyservice-669f47c6d7-lj52l,1739325286,235266048
currencyservice,currencyservice-669f47c6d7-lj52l,1739325586,174329856
currencyservice,currencyservice-669f47c6d7-lj52l,1739325886,178544640
currencyservice,currencyservice-669f47c6d7-lj52l,1739326186,180506624
currencyservice,currencyservice-669f47c6d7-lj52l,1739326486,182255616
currencyservice,currencyservice-669f47c6d7-lj52l,1739326786,186232832
currencyservice,currencyservice-669f47c6d7-lj52l,1739327086,187932672
currencyservice,currencyservice-669f47c6d7-lj52l,1739327386,191987712
currencyservice,currencyservice-669f47c6d7-lj52l,1739327686,193265664
currencyservice,currencyservice-669f47c6d7-lj52l,1739327986,197443584
currencyservice,currencyservice-669f47c6d7-lj52l,1739328286,198885376
currencyservice,currencyservice-669f47c6d7-lj52l,1739328586,201080832
currencyservice,currencyservice-669f47c6d7-lj52l,1739328886,204886016
currencyservice,currencyservice-669f47c6d7-lj52l,1739329186,207466496
currencyservice,currencyservice-669f47c6d7-lj52l,1739329486,208695296
currencyservice,currencyservice-669f47c6d7-lj52l,1739329786,212549632
currencyservice,currencyservice-669f47c6d7-lj52l,1739330086,214425600
currencyservice,currencyservice-669f47c6d7-lj52l,1739330386,216059904
currencyservice,currencyservice-669f47c6d7-lj52l,1739330686,220684288
currencyservice,currencyservice-669f47c6d7-lj52l,1739330986,221790208
currencyservice,currencyservice-669f47c6d7-lj52l,1739331286,223506432
currencyservice,currencyservice-669f47c6d7-lj52l,1739331586,224796672
currencyservice,currencyservice-669f47c6d7-lj52l,1739331886,229212160
currencyservice,currencyservice-669f47c6d7-lj52l,1739332186,232439808
currencyservice,currencyservice-669f47c6d7-lj52l,1739332486,234983424
currencyservice,currencyservice-669f47c6d7-lj52l,1739332786,235814912
currencyservice,currencyservice-669f47c6d7-lj52l,1739333086,234991616
currencyservice,currencyservice-669f47c6d7-lj52l,1739333386,175685632
currencyservice,currencyservice-669f47c6d7-lj52l,1739333686,177790976
currencyservice,currencyservice-669f47c6d7-lj52l,1739333986,181387264
currencyservice,currencyservice-669f47c6d7-lj52l,1739334286,183128064
currencyservice,currencyservice-669f47c6d7-lj52l,1739334586,186597376
currencyservice,currencyservice-669f47c6d7-lj52l,1739334886,187187200
currencyservice,currencyservice-669f47c6d7-lj52l,1739335186,187695104
currencyservice,currencyservice-669f47c6d7-lj52l,1739335486,189255680
currencyservice,currencyservice-669f47c6d7-lj52l,1739335786,193032192
currencyservice,currencyservice-669f47c6d7-lj52l,1739336086,194711552
currencyservice,currencyservice-669f47c6d7-lj52l,1739336386,196087808
currencyservice,currencyservice-669f47c6d7-lj52l,1739336686,198668288
currencyservice,currencyservice-669f47c6d7-lj52l,1739336986,208715776
currencyservice,currencyservice-669f47c6d7-lj52l,1739337286,213016576
currencyservice,currencyservice-669f47c6d7-lj52l,1739337586,214667264
currencyservice,currencyservice-669f47c6d7-lj52l,1739337886,216748032
currencyservice,currencyservice-669f47c6d7-lj52l,1739338186,218124288
currencyservice,currencyservice-669f47c6d7-lj52l,1739338486,220246016
currencyservice,currencyservice-669f47c6d7-lj52l,1739338786,220278784
currencyservice,currencyservice-669f47c6d7-lj52l,1739339086,222883840
currencyservice,currencyservice-669f47c6d7-lj52l,1739339386,225038336
currencyservice,currencyservice-669f47c6d7-lj52l,1739339686,226660352
currencyservice,currencyservice-669f47c6d7-lj52l,1739339986,230461440
currencyservice,currencyservice-669f47c6d7-lj52l,1739340286,232607744
currencyservice,currencyservice-669f47c6d7-lj52l,1739340586,226078720
currencyservice,currencyservice-669f47c6d7-lj52l,1739340886,235065344
currencyservice,currencyservice-669f47c6d7-lj52l,1739341186,236400640
currencyservice,currencyservice-669f47c6d7-lj52l,1739341486,170885120
currencyservice,currencyservice-669f47c6d7-lj52l,1739341786,175304704
currencyservice,currencyservice-669f47c6d7-lj52l,1739342086,177606656
currencyservice,currencyservice-669f47c6d7-lj52l,1739342386,179253248
currencyservice,currencyservice-669f47c6d7-lj52l,1739342686,183308288
currencyservice,currencyservice-669f47c6d7-lj52l,1739342986,187764736
currencyservice,currencyservice-669f47c6d7-lj52l,1739343286,189497344
currencyservice,currencyservice-669f47c6d7-lj52l,1739343586,191004672
currencyservice,currencyservice-669f47c6d7-lj52l,1739343886,192786432
currencyservice,currencyservice-669f47c6d7-lj52l,1739344186,194252800
currencyservice,currencyservice-669f47c6d7-lj52l,1739344486,200843264
currencyservice,currencyservice-669f47c6d7-lj52l,1739344786,201719808
currencyservice,currencyservice-669f47c6d7-lj52l,1739345086,201289728
currencyservice,currencyservice-669f47c6d7-lj52l,1739345386,205717504
currencyservice,currencyservice-669f47c6d7-lj52l,1739345686,208924672
currencyservice,currencyservice-669f47c6d7-lj52l,1739345986,212619264
currencyservice,currencyservice-669f47c6d7-lj52l,1739346286,214114304
currencyservice,currencyservice-669f47c6d7-lj52l,1739346586,217219072
currencyservice,currencyservice-669f47c6d7-lj52l,1739346886,220008448
currencyservice,currencyservice-669f47c6d7-lj52l,1739347186,221487104
currencyservice,currencyservice-669f47c6d7-lj52l,1739347486,223866880
currencyservice,currencyservice-669f47c6d7-lj52l,1739347786,225214464
currencyservice,currencyservice-669f47c6d7-lj52l,1739348086,229027840
currencyservice,currencyservice-669f47c6d7-lj52l,1739348386,230400000
currencyservice,currencyservice-669f47c6d7-lj52l,1739348686,232615936
currencyservice,currencyservice-669f47c6d7-lj52l,1739348986,233885696
currencyservice,currencyservice-669f47c6d7-lj52l,1739349286,235593728
currencyservice,currencyservice-669f47c6d7-lj52l,1739349586,237371392
currencyservice,currencyservice-669f47c6d7-lj52l,1739349886,238862336
currencyservice,currencyservice-669f47c6d7-lj52l,1739350186,238956544
currencyservice,currencyservice-669f47c6d7-lj52l,1739350486,239898624
currencyservice,currencyservice-669f47c6d7-lj52l,1739350786,238002176
currencyservice,currencyservice-669f47c6d7-lj52l,1739351086,240197632
currencyservice,currencyservice-669f47c6d7-lj52l,1739351386,174161920
currencyservice,currencyservice-669f47c6d7-lj52l,1739351686,178319360
currencyservice,currencyservice-669f47c6d7-lj52l,1739351986,182157312
currencyservice,currencyservice-669f47c6d7-lj52l,1739352286,184156160
currencyservice,currencyservice-669f47c6d7-lj52l,1739352586,185524224
currencyservice,currencyservice-669f47c6d7-lj52l,1739352886,187228160
currencyservice,currencyservice-669f47c6d7-lj52l,1739353186,188477440
currencyservice,currencyservice-669f47c6d7-lj52l,1739353486,189898752
currencyservice,currencyservice-669f47c6d7-lj52l,1739353786,198356992
currencyservice,currencyservice-669f47c6d7-lj52l,1739354086,200896512
currencyservice,currencyservice-669f47c6d7-lj52l,1739354386,202567680
currencyservice,currencyservice-669f47c6d7-lj52l,1739354686,203878400
currencyservice,currencyservice-669f47c6d7-lj52l,1739354986,205570048
currencyservice,currencyservice-669f47c6d7-lj52l,1739355286,207106048
currencyservice,currencyservice-669f47c6d7-lj52l,1739355586,200863744
currencyservice,currencyservice-669f47c6d7-lj52l,1739355886,203943936
currencyservice,currencyservice-669f47c6d7-lj52l,1739356186,204787712
currencyservice,currencyservice-669f47c6d7-lj52l,1739356486,206901248
currencyservice,currencyservice-669f47c6d7-lj52l,1739356786,214700032
currencyservice,currencyservice-669f47c6d7-lj52l,1739357086,221356032
currencyservice,currencyservice-669f47c6d7-lj52l,1739357386,224755712
currencyservice,currencyservice-669f47c6d7-lj52l,1739357686,227078144
currencyservice,currencyservice-669f47c6d7-lj52l,1739357986,228683776
currencyservice,currencyservice-669f47c6d7-lj52l,1739358286,230793216
currencyservice,currencyservice-669f47c6d7-lj52l,1739358586,232255488
currencyservice,currencyservice-669f47c6d7-lj52l,1739358886,234147840
currencyservice,currencyservice-669f47c6d7-lj52l,1739359186,235286528
currencyservice,currencyservice-669f47c6d7-lj52l,1739359486,234340352
currencyservice,currencyservice-669f47c6d7-lj52l,1739359786,234414080
currencyservice,currencyservice-669f47c6d7-lj52l,1739360086,233529344
currencyservice,currencyservice-669f47c6d7-lj52l,1739360386,169328640
currencyservice,currencyservice-669f47c6d7-lj52l,1739360686,171720704
currencyservice,currencyservice-669f47c6d7-lj52l,1739360986,176664576
currencyservice,currencyservice-669f47c6d7-lj52l,1739361286,183787520
currencyservice,currencyservice-669f47c6d7-lj52l,1739361586,185057280
currencyservice,currencyservice-669f47c6d7-lj52l,1739361886,189030400
currencyservice,currencyservice-669f47c6d7-lj52l,1739362186,190500864
currencyservice,currencyservice-669f47c6d7-lj52l,1739362486,194138112
currencyservice,currencyservice-669f47c6d7-lj52l,1739362786,197070848
currencyservice,currencyservice-669f47c6d7-lj52l,1739363086,198672384
currencyservice,currencyservice-669f47c6d7-lj52l,1739363386,200564736
currencyservice,currencyservice-669f47c6d7-lj52l,1739363686,204075008
currencyservice,currencyservice-669f47c6d7-lj52l,1739363986,205631488
currencyservice,currencyservice-669f47c6d7-lj52l,1739364286,207761408
currencyservice,currencyservice-669f47c6d7-lj52l,1739364586,209039360
currencyservice,currencyservice-669f47c6d7-lj52l,1739364886,212594688
currencyservice,currencyservice-669f47c6d7-lj52l,1739365186,214470656
currencyservice,currencyservice-669f47c6d7-lj52l,1739365486,216387584
currencyservice,currencyservice-669f47c6d7-lj52l,1739365786,220147712
currencyservice,currencyservice-669f47c6d7-lj52l,1739366086,222126080
currencyservice,currencyservice-669f47c6d7-lj52l,1739366386,223588352
currencyservice,currencyservice-669f47c6d7-lj52l,1739366686,227459072
currencyservice,currencyservice-669f47c6d7-lj52l,1739366986,229040128
currencyservice,currencyservice-669f47c6d7-lj52l,1739367286,229969920
currencyservice,currencyservice-669f47c6d7-lj52l,1739367586,231727104
currencyservice,currencyservice-669f47c6d7-lj52l,1739367886,234684416
currencyservice,currencyservice-669f47c6d7-lj52l,1739368186,234430464
currencyservice,currencyservice-669f47c6d7-lj52l,1739368486,170864640
currencyservice,currencyservice-669f47c6d7-lj52l,1739368786,174862336
currencyservice,currencyservice-669f47c6d7-lj52l,1739369086,176906240
currencyservice,currencyservice-669f47c6d7-lj52l,1739369386,183611392
currencyservice,currencyservice-669f47c6d7-lj52l,1739369686,187383808
currencyservice,currencyservice-669f47c6d7-lj52l,1739369986,189874176
currencyservice,currencyservice-669f47c6d7-lj52l,1739370286,192655360
currencyservice,currencyservice-669f47c6d7-lj52l,1739370586,196714496
currencyservice,currencyservice-669f47c6d7-lj52l,1739370886,198070272
currencyservice,currencyservice-669f47c6d7-lj52l,1739371186,199864320
currencyservice,currencyservice-669f47c6d7-lj52l,1739371486,203644928
currencyservice,currencyservice-669f47c6d7-lj52l,1739371786,205885440
currencyservice,currencyservice-669f47c6d7-lj52l,1739372086,209870848
currencyservice,currencyservice-669f47c6d7-lj52l,1739372386,211632128
currencyservice,currencyservice-669f47c6d7-lj52l,1739372686,213442560
currencyservice,currencyservice-669f47c6d7-lj52l,1739372986,221659136
currencyservice,currencyservice-669f47c6d7-lj52l,1739373286,223989760
currencyservice,currencyservice-669f47c6d7-lj52l,1739373586,227467264
currencyservice,currencyservice-669f47c6d7-lj52l,1739373886,231723008
currencyservice,currencyservice-669f47c6d7-lj52l,1739374186,235458560
currencyservice,currencyservice-669f47c6d7-lj52l,1739374486,236806144
currencyservice,currencyservice-669f47c6d7-lj52l,1739374786,237195264
currencyservice,currencyservice-669f47c6d7-lj52l,1739375086,238198784
currencyservice,currencyservice-669f47c6d7-lj52l,1739375386,239247360
currencyservice,currencyservice-669f47c6d7-lj52l,1739375686,173629440
currencyservice,currencyservice-669f47c6d7-lj52l,1739375986,177958912
currencyservice,currencyservice-669f47c6d7-lj52l,1739376286,180219904
currencyservice,currencyservice-669f47c6d7-lj52l,1739376586,185294848
currencyservice,currencyservice-669f47c6d7-lj52l,1739376886,187097088
currencyservice,currencyservice-669f47c6d7-lj52l,1739377186,190660608
currencyservice,currencyservice-669f47c6d7-lj52l,1739377486,192925696
currencyservice,currencyservice-669f47c6d7-lj52l,1739377786,196947968
currencyservice,currencyservice-669f47c6d7-lj52l,1739378086,198467584
currencyservice,currencyservice-669f47c6d7-lj52l,1739378386,200372224
currencyservice,currencyservice-669f47c6d7-lj52l,1739378686,205631488
currencyservice,currencyservice-669f47c6d7-lj52l,1739378986,213327872
currencyservice,currencyservice-669f47c6d7-lj52l,1739379286,217309184
currencyservice,currencyservice-669f47c6d7-lj52l,1739379586,221470720
currencyservice,currencyservice-669f47c6d7-lj52l,1739379886,221880320
currencyservice,currencyservice-669f47c6d7-lj52l,1739380186,224239616
currencyservice,currencyservice-669f47c6d7-lj52l,1739380486,228179968
currencyservice,currencyservice-669f47c6d7-lj52l,1739380786,229875712
currencyservice,currencyservice-669f47c6d7-lj52l,1739381086,233644032
currencyservice,currencyservice-669f47c6d7-lj52l,1739381386,235393024
currencyservice,currencyservice-669f47c6d7-lj52l,1739381686,233889792
currencyservice,currencyservice-669f47c6d7-lj52l,1739381986,237096960
currencyservice,currencyservice-669f47c6d7-lj52l,1739382286,237101056
currencyservice,currencyservice-669f47c6d7-lj52l,1739382586,176197632
currencyservice,currencyservice-669f47c6d7-lj52l,1739382886,180445184
currencyservice,currencyservice-669f47c6d7-lj52l,1739383186,185782272
currencyservice,currencyservice-669f47c6d7-lj52l,1739383486,190099456
currencyservice,currencyservice-669f47c6d7-lj52l,1739383786,194158592
currencyservice,currencyservice-669f47c6d7-lj52l,1739384086,195760128
currencyservice,currencyservice-669f47c6d7-lj52l,1739384386,201191424
currencyservice,currencyservice-669f47c6d7-lj52l,1739384686,205799424
currencyservice,currencyservice-669f47c6d7-lj52l,1739384986,210157568
currencyservice,currencyservice-669f47c6d7-lj52l,1739385286,215891968
currencyservice,currencyservice-669f47c6d7-lj52l,1739385586,220667904
currencyservice,currencyservice-669f47c6d7-lj52l,1739385886,222707712
currencyservice,currencyservice-669f47c6d7-lj52l,1739386186,227020800
currencyservice,currencyservice-669f47c6d7-lj52l,1739386486,229449728
currencyservice,currencyservice-669f47c6d7-lj52l,1739386786,232624128
currencyservice,currencyservice-669f47c6d7-lj52l,1739387086,95367168
currencyservice,currencyservice-669f47c6d7-lj52l,1739387386,103989248
currencyservice,currencyservice-669f47c6d7-lj52l,1739387686,111796224
currencyservice,currencyservice-669f47c6d7-lj52l,1739387986,113577984
currencyservice,currencyservice-669f47c6d7-lj52l,1739388286,114991104
currencyservice,currencyservice-669f47c6d7-lj52l,1739388586,116813824
currencyservice,currencyservice-669f47c6d7-lj52l,1739388886,118009856
currencyservice,currencyservice-669f47c6d7-lj52l,1739389186,123486208
currencyservice,currencyservice-669f47c6d7-lj52l,1739389486,126685184
currencyservice,currencyservice-669f47c6d7-lj52l,1739389786,129695744
currencyservice,currencyservice-669f47c6d7-lj52l,1739390086,130400256
currencyservice,currencyservice-669f47c6d7-lj52l,1739390386,130838528
currencyservice,currencyservice-669f47c6d7-lj52l,1739390686,133369856
currencyservice,currencyservice-669f47c6d7-lj52l,1739390986,137084928
currencyservice,currencyservice-669f47c6d7-lj52l,1739391286,138420224
currencyservice,currencyservice-669f47c6d7-lj52l,1739391586,140341248
currencyservice,currencyservice-669f47c6d7-lj52l,1739391886,142286848
currencyservice,currencyservice-669f47c6d7-lj52l,1739392186,143368192
currencyservice,currencyservice-669f47c6d7-lj52l,1739392486,147427328
currencyservice,currencyservice-669f47c6d7-lj52l,1739392786,156880896
currencyservice,currencyservice-669f47c6d7-lj52l,1739393086,121470976
currencyservice,currencyservice-669f47c6d7-lj52l,1739393386,124473344
currencyservice,currencyservice-669f47c6d7-lj52l,1739393686,127926272
currencyservice,currencyservice-669f47c6d7-lj52l,1739393986,129933312
currencyservice,currencyservice-669f47c6d7-lj52l,1739394286,135884800
currencyservice,currencyservice-669f47c6d7-lj52l,1739394586,138055680
currencyservice,currencyservice-669f47c6d7-lj52l,1739394886,141885440
currencyservice,currencyservice-669f47c6d7-lj52l,1739395186,146051072
currencyservice,currencyservice-669f47c6d7-lj52l,1739395486,152264704
currencyservice,currencyservice-669f47c6d7-lj52l,1739395786,155799552
currencyservice,currencyservice-669f47c6d7-lj52l,1739396086,158027776
currencyservice,currencyservice-669f47c6d7-lj52l,1739396386,162828288
currencyservice,currencyservice-669f47c6d7-lj52l,1739396686,164167680
currencyservice,currencyservice-669f47c6d7-lj52l,1739396986,168177664
currencyservice,currencyservice-669f47c6d7-lj52l,1739397286,172978176
currencyservice,currencyservice-669f47c6d7-lj52l,1739397586,173981696
currencyservice,currencyservice-669f47c6d7-lj52l,1739397886,177274880
currencyservice,currencyservice-669f47c6d7-lj52l,1739398186,182423552
currencyservice,currencyservice-669f47c6d7-lj52l,1739398486,183193600
currencyservice,currencyservice-669f47c6d7-lj52l,1739398786,106876928
currencyservice,currencyservice-669f47c6d7-lj52l,1739399086,125718528
currencyservice,currencyservice-669f47c6d7-lj52l,1739399386,127438848
currencyservice,currencyservice-669f47c6d7-lj52l,1739399686,131657728
currencyservice,currencyservice-669f47c6d7-lj52l,1739399986,134512640
currencyservice,currencyservice-669f47c6d7-lj52l,1739400286,137830400
currencyservice,currencyservice-669f47c6d7-lj52l,1739400586,142061568
currencyservice,currencyservice-669f47c6d7-lj52l,1739400886,145592320
currencyservice,currencyservice-669f47c6d7-lj52l,1739401186,150364160
currencyservice,currencyservice-669f47c6d7-lj52l,1739401486,152170496
currencyservice,currencyservice-669f47c6d7-lj52l,1739401786,156196864
currencyservice,currencyservice-669f47c6d7-lj52l,1739402086,157589504
currencyservice,currencyservice-669f47c6d7-lj52l,1739402386,161423360
currencyservice,currencyservice-669f47c6d7-lj52l,1739402686,163540992
currencyservice,currencyservice-669f47c6d7-lj52l,1739402986,167129088
currencyservice,currencyservice-669f47c6d7-lj52l,1739403286,169484288
currencyservice,currencyservice-669f47c6d7-lj52l,1739403586,173359104
currencyservice,currencyservice-669f47c6d7-lj52l,1739403886,174542848
currencyservice,currencyservice-669f47c6d7-lj52l,1739404186,176566272
currencyservice,currencyservice-669f47c6d7-lj52l,1739404486,180805632
currencyservice,currencyservice-669f47c6d7-lj52l,1739404786,183226368
currencyservice,currencyservice-669f47c6d7-lj52l,1739405086,185081856
currencyservice,currencyservice-669f47c6d7-lj52l,1739405386,119255040
currencyservice,currencyservice-669f47c6d7-lj52l,1739405686,125169664
currencyservice,currencyservice-669f47c6d7-lj52l,1739405986,127373312
currencyservice,currencyservice-669f47c6d7-lj52l,1739406286,130981888
currencyservice,currencyservice-669f47c6d7-lj52l,1739406586,133169152
currencyservice,currencyservice-669f47c6d7-lj52l,1739406886,136654848
currencyservice,currencyservice-669f47c6d7-lj52l,1739407186,135626752
currencyservice,currencyservice-669f47c6d7-lj52l,1739407486,141971456
currencyservice,currencyservice-669f47c6d7-lj52l,1739407786,143798272
currencyservice,currencyservice-669f47c6d7-lj52l,1739408086,147079168
currencyservice,currencyservice-669f47c6d7-lj52l,1739408386,150876160
currencyservice,currencyservice-669f47c6d7-lj52l,1739408686,152350720
currencyservice,currencyservice-669f47c6d7-lj52l,1739408986,155987968
currencyservice,currencyservice-669f47c6d7-lj52l,1739409286,157851648
currencyservice,currencyservice-669f47c6d7-lj52l,1739409586,161591296
currencyservice,currencyservice-669f47c6d7-lj52l,1739409886,165908480
currencyservice,currencyservice-669f47c6d7-lj52l,1739410186,167141376
currencyservice,currencyservice-669f47c6d7-lj52l,1739410486,174514176
currencyservice,currencyservice-669f47c6d7-lj52l,1739410786,181284864
currencyservice,currencyservice-669f47c6d7-lj52l,1739411086,183234560
currencyservice,currencyservice-669f47c6d7-lj52l,1739411386,185589760
currencyservice,currencyservice-669f47c6d7-lj52l,1739411686,123330560
currencyservice,currencyservice-669f47c6d7-lj52l,1739411986,123400192
currencyservice,currencyservice-669f47c6d7-lj52l,1739412286,131624960
currencyservice,currencyservice-669f47c6d7-lj52l,1739412586,139124736
currencyservice,currencyservice-669f47c6d7-lj52l,1739412886,145199104
currencyservice,currencyservice-669f47c6d7-lj52l,1739413186,147558400
currencyservice,currencyservice-669f47c6d7-lj52l,1739413486,149680128
currencyservice,currencyservice-669f47c6d7-lj52l,1739413786,150917120
currencyservice,currencyservice-669f47c6d7-lj52l,1739414086,156921856
currencyservice,currencyservice-669f47c6d7-lj52l,1739414386,162107392
currencyservice,currencyservice-669f47c6d7-lj52l,1739414686,164622336
currencyservice,currencyservice-669f47c6d7-lj52l,1739414986,166940672
currencyservice,currencyservice-669f47c6d7-lj52l,1739415286,167632896
currencyservice,currencyservice-669f47c6d7-lj52l,1739415586,170008576
currencyservice,currencyservice-669f47c6d7-lj52l,1739415886,172187648
currencyservice,currencyservice-669f47c6d7-lj52l,1739416186,173887488
currencyservice,currencyservice-669f47c6d7-lj52l,1739416486,181161984
currencyservice,currencyservice-669f47c6d7-lj52l,1739416786,182177792
currencyservice,currencyservice-669f47c6d7-lj52l,1739417086,183619584
currencyservice,currencyservice-669f47c6d7-lj52l,1739417386,189599744
currencyservice,currencyservice-669f47c6d7-lj52l,1739417686,127991808
currencyservice,currencyservice-669f47c6d7-lj52l,1739417986,132722688
currencyservice,currencyservice-669f47c6d7-lj52l,1739418286,135876608
currencyservice,currencyservice-669f47c6d7-lj52l,1739418586,137932800
currencyservice,currencyservice-669f47c6d7-lj52l,1739418886,144388096
currencyservice,currencyservice-669f47c6d7-lj52l,1739419186,148451328
currencyservice,currencyservice-669f47c6d7-lj52l,1739419486,152895488
currencyservice,currencyservice-669f47c6d7-lj52l,1739419786,157175808
currencyservice,currencyservice-669f47c6d7-lj52l,1739420086,159866880
currencyservice,currencyservice-669f47c6d7-lj52l,1739420386,165486592
currencyservice,currencyservice-669f47c6d7-lj52l,1739420686,168493056
currencyservice,currencyservice-669f47c6d7-lj52l,1739420986,170516480
currencyservice,currencyservice-669f47c6d7-lj52l,1739421286,171917312
currencyservice,currencyservice-669f47c6d7-lj52l,1739421586,173281280
currencyservice,currencyservice-669f47c6d7-lj52l,1739421886,179585024
currencyservice,currencyservice-669f47c6d7-lj52l,1739422186,181121024
currencyservice,currencyservice-669f47c6d7-lj52l,1739422486,182906880
currencyservice,currencyservice-669f47c6d7-lj52l,1739422786,184487936
currencyservice,currencyservice-669f47c6d7-lj52l,1739423086,185475072
currencyservice,currencyservice-669f47c6d7-lj52l,1739423386,188739584
currencyservice,currencyservice-669f47c6d7-lj52l,1739423686,188628992
currencyservice,currencyservice-669f47c6d7-lj52l,1739423986,190582784
currencyservice,currencyservice-669f47c6d7-lj52l,1739424286,191488000
currencyservice,currencyservice-669f47c6d7-lj52l,1739424586,126545920
currencyservice,currencyservice-669f47c6d7-lj52l,1739424886,135311360
currencyservice,currencyservice-669f47c6d7-lj52l,1739425186,137269248
currencyservice,currencyservice-669f47c6d7-lj52l,1739425486,141111296
currencyservice,currencyservice-669f47c6d7-lj52l,1739425786,142446592
currencyservice,currencyservice-669f47c6d7-lj52l,1739426086,146153472
currencyservice,currencyservice-669f47c6d7-lj52l,1739426386,148328448
currencyservice,currencyservice-669f47c6d7-lj52l,1739426686,152637440
currencyservice,currencyservice-669f47c6d7-lj52l,1739426986,154296320
currencyservice,currencyservice-669f47c6d7-lj52l,1739427286,155693056
currencyservice,currencyservice-669f47c6d7-lj52l,1739427586,162897920
currencyservice,currencyservice-669f47c6d7-lj52l,1739427886,163926016
currencyservice,currencyservice-669f47c6d7-lj52l,1739428186,168357888
currencyservice,currencyservice-669f47c6d7-lj52l,1739428486,170819584
currencyservice,currencyservice-669f47c6d7-lj52l,1739428786,172314624
currencyservice,currencyservice-669f47c6d7-lj52l,1739429086,174342144
currencyservice,currencyservice-669f47c6d7-lj52l,1739429386,178008064
currencyservice,currencyservice-669f47c6d7-lj52l,1739429686,181198848
currencyservice,currencyservice-669f47c6d7-lj52l,1739429986,183197696
currencyservice,currencyservice-669f47c6d7-lj52l,1739430286,188526592
currencyservice,currencyservice-669f47c6d7-lj52l,1739430586,195657728
currencyservice,currencyservice-669f47c6d7-lj52l,1739430886,135806976
currencyservice,currencyservice-669f47c6d7-lj52l,1739431186,143921152
currencyservice,currencyservice-669f47c6d7-lj52l,1739431486,152129536
currencyservice,currencyservice-669f47c6d7-lj52l,1739431786,158363648
currencyservice,currencyservice-669f47c6d7-lj52l,1739432086,160804864
currencyservice,currencyservice-669f47c6d7-lj52l,1739432386,162263040
currencyservice,currencyservice-669f47c6d7-lj52l,1739432686,163811328
currencyservice,currencyservice-669f47c6d7-lj52l,1739432986,168652800
currencyservice,currencyservice-669f47c6d7-lj52l,1739433286,176320512
currencyservice,currencyservice-669f47c6d7-lj52l,1739433586,184594432
currencyservice,currencyservice-669f47c6d7-lj52l,1739433886,191369216
currencyservice,currencyservice-669f47c6d7-lj52l,1739434186,130793472
currencyservice,currencyservice-669f47c6d7-lj52l,1739434486,134356992
currencyservice,currencyservice-669f47c6d7-lj52l,1739434786,136699904
currencyservice,currencyservice-669f47c6d7-lj52l,1739435086,139808768
currencyservice,currencyservice-669f47c6d7-lj52l,1739435386,141463552
currencyservice,currencyservice-669f47c6d7-lj52l,1739435686,145432576
currencyservice,currencyservice-669f47c6d7-lj52l,1739435986,146079744
currencyservice,currencyservice-669f47c6d7-lj52l,1739436286,147398656
currencyservice,currencyservice-669f47c6d7-lj52l,1739436586,149102592
currencyservice,currencyservice-669f47c6d7-lj52l,1739436886,150994944
currencyservice,currencyservice-669f47c6d7-lj52l,1739437186,157126656
currencyservice,currencyservice-669f47c6d7-lj52l,1739437486,159076352
currencyservice,currencyservice-669f47c6d7-lj52l,1739437786,163946496
currencyservice,currencyservice-669f47c6d7-lj52l,1739438086,164364288
currencyservice,currencyservice-669f47c6d7-lj52l,1739438386,166096896
currencyservice,currencyservice-669f47c6d7-lj52l,1739438686,168325120
currencyservice,currencyservice-669f47c6d7-lj52l,1739438986,169381888
currencyservice,currencyservice-669f47c6d7-lj52l,1739439286,174301184
currencyservice,currencyservice-669f47c6d7-lj52l,1739439586,179224576
currencyservice,currencyservice-669f47c6d7-lj52l,1739439886,181731328
currencyservice,currencyservice-669f47c6d7-lj52l,1739440186,186351616
currencyservice,currencyservice-669f47c6d7-lj52l,1739440486,191729664
currencyservice,currencyservice-669f47c6d7-lj52l,1739440786,194170880
currencyservice,currencyservice-669f47c6d7-lj52l,1739441086,196210688
currencyservice,currencyservice-669f47c6d7-lj52l,1739441386,197386240
currencyservice,currencyservice-669f47c6d7-lj52l,1739441686,199135232
currencyservice,currencyservice-669f47c6d7-lj52l,1739441986,198377472
currencyservice,currencyservice-669f47c6d7-lj52l,1739442286,199729152
currencyservice,currencyservice-669f47c6d7-lj52l,1739442586,132227072
currencyservice,currencyservice-669f47c6d7-lj52l,1739442886,135925760
currencyservice,currencyservice-669f47c6d7-lj52l,1739443186,150364160
currencyservice,currencyservice-669f47c6d7-lj52l,1739443486,153255936
currencyservice,currencyservice-669f47c6d7-lj52l,1739443786,156250112
currencyservice,currencyservice-669f47c6d7-lj52l,1739444086,159821824
currencyservice,currencyservice-669f47c6d7-lj52l,1739444386,161943552
currencyservice,currencyservice-669f47c6d7-lj52l,1739444686,163737600
currencyservice,currencyservice-669f47c6d7-lj52l,1739444986,169189376
currencyservice,currencyservice-669f47c6d7-lj52l,1739445286,169992192
currencyservice,currencyservice-669f47c6d7-lj52l,1739445586,174682112
currencyservice,currencyservice-669f47c6d7-lj52l,1739445886,178487296
currencyservice,currencyservice-669f47c6d7-lj52l,1739446186,180424704
currencyservice,currencyservice-669f47c6d7-lj52l,1739446486,183947264
currencyservice,currencyservice-669f47c6d7-lj52l,1739446786,186023936
currencyservice,currencyservice-669f47c6d7-lj52l,1739447086,189804544
currencyservice,currencyservice-669f47c6d7-lj52l,1739447386,191492096
currencyservice,currencyservice-669f47c6d7-lj52l,1739447686,195743744
currencyservice,currencyservice-669f47c6d7-lj52l,1739447986,197648384
currencyservice,currencyservice-669f47c6d7-lj52l,1739448286,201871360
currencyservice,currencyservice-669f47c6d7-lj52l,1739448586,205598720
currencyservice,currencyservice-669f47c6d7-lj52l,1739448886,206090240
currencyservice,currencyservice-669f47c6d7-lj52l,1739449186,139001856
currencyservice,currencyservice-669f47c6d7-lj52l,1739449486,139882496
currencyservice,currencyservice-669f47c6d7-lj52l,1739449786,143511552
currencyservice,currencyservice-669f47c6d7-lj52l,1739450086,147628032
currencyservice,currencyservice-669f47c6d7-lj52l,1739450386,147140608
currencyservice,currencyservice-669f47c6d7-lj52l,1739450686,158744576
currencyservice,currencyservice-669f47c6d7-lj52l,1739450986,162107392
currencyservice,currencyservice-669f47c6d7-lj52l,1739451286,165208064
currencyservice,currencyservice-669f47c6d7-lj52l,1739451586,168484864
currencyservice,currencyservice-669f47c6d7-lj52l,1739451886,169750528
currencyservice,currencyservice-669f47c6d7-lj52l,1739452186,171270144
currencyservice,currencyservice-669f47c6d7-lj52l,1739452486,175116288
currencyservice,currencyservice-669f47c6d7-lj52l,1739452786,177709056
currencyservice,currencyservice-669f47c6d7-lj52l,1739453086,180625408
currencyservice,currencyservice-669f47c6d7-lj52l,1739453386,182673408
currencyservice,currencyservice-669f47c6d7-lj52l,1739453686,183898112
currencyservice,currencyservice-669f47c6d7-lj52l,1739453986,189739008
currencyservice,currencyservice-669f47c6d7-lj52l,1739454286,190124032
currencyservice,currencyservice-669f47c6d7-lj52l,1739454586,199622656
currencyservice,currencyservice-669f47c6d7-lj52l,1739454886,203808768
currencyservice,currencyservice-669f47c6d7-lj52l,1739455186,205172736
currencyservice,currencyservice-669f47c6d7-lj52l,1739455486,205434880
currencyservice,currencyservice-669f47c6d7-lj52l,1739455786,141787136
currencyservice,currencyservice-669f47c6d7-lj52l,1739456086,141541376
currencyservice,currencyservice-669f47c6d7-lj52l,1739456386,144982016
currencyservice,currencyservice-669f47c6d7-lj52l,1739456686,146903040
currencyservice,currencyservice-669f47c6d7-lj52l,1739456986,149028864
currencyservice,currencyservice-669f47c6d7-lj52l,1739457286,150380544
currencyservice,currencyservice-669f47c6d7-lj52l,1739457586,154722304
currencyservice,currencyservice-669f47c6d7-lj52l,1739457886,156217344
currencyservice,currencyservice-669f47c6d7-lj52l,1739458186,161763328
currencyservice,currencyservice-669f47c6d7-lj52l,1739458486,164429824
currencyservice,currencyservice-669f47c6d7-lj52l,1739458786,164896768
currencyservice,currencyservice-669f47c6d7-lj52l,1739459086,168693760
currencyservice,currencyservice-669f47c6d7-lj52l,1739459386,171278336
currencyservice,currencyservice-669f47c6d7-lj52l,1739459686,172679168
currencyservice,currencyservice-669f47c6d7-lj52l,1739459986,176914432
currencyservice,currencyservice-669f47c6d7-lj52l,1739460286,182611968
currencyservice,currencyservice-669f47c6d7-lj52l,1739460586,184573952
currencyservice,currencyservice-669f47c6d7-lj52l,1739460886,185982976
currencyservice,currencyservice-669f47c6d7-lj52l,1739461186,190513152
currencyservice,currencyservice-669f47c6d7-lj52l,1739461486,192307200
currencyservice,currencyservice-669f47c6d7-lj52l,1739461786,193699840
currencyservice,currencyservice-669f47c6d7-lj52l,1739462086,195829760
currencyservice,currencyservice-669f47c6d7-lj52l,1739462386,197697536
currencyservice,currencyservice-669f47c6d7-lj52l,1739462686,201461760
currencyservice,currencyservice-669f47c6d7-lj52l,1739462986,203112448
currencyservice,currencyservice-669f47c6d7-lj52l,1739463286,206442496
currencyservice,currencyservice-669f47c6d7-lj52l,1739463586,143998976
currencyservice,currencyservice-669f47c6d7-lj52l,1739463886,148135936
currencyservice,currencyservice-669f47c6d7-lj52l,1739464186,155140096
currencyservice,currencyservice-669f47c6d7-lj52l,1739464486,156467200
currencyservice,currencyservice-669f47c6d7-lj52l,1739464786,159498240
currencyservice,currencyservice-669f47c6d7-lj52l,1739465086,162062336
currencyservice,currencyservice-669f47c6d7-lj52l,1739465386,164347904
currencyservice,currencyservice-669f47c6d7-lj52l,1739465686,167276544
currencyservice,currencyservice-669f47c6d7-lj52l,1739465986,169431040
currencyservice,currencyservice-669f47c6d7-lj52l,1739466286,173588480
currencyservice,currencyservice-669f47c6d7-lj52l,1739466586,177074176
currencyservice,currencyservice-669f47c6d7-lj52l,1739466886,179175424
currencyservice,currencyservice-669f47c6d7-lj52l,1739467186,182165504
currencyservice,currencyservice-669f47c6d7-lj52l,1739467486,184504320
currencyservice,currencyservice-669f47c6d7-lj52l,1739467786,188055552
currencyservice,currencyservice-669f47c6d7-lj52l,1739468086,190177280
currencyservice,currencyservice-669f47c6d7-lj52l,1739468386,191746048
currencyservice,currencyservice-669f47c6d7-lj52l,1739468686,195772416
currencyservice,currencyservice-669f47c6d7-lj52l,1739468986,196993024
currencyservice,currencyservice-669f47c6d7-lj52l,1739469286,201158656
currencyservice,currencyservice-669f47c6d7-lj52l,1739469586,202792960
currencyservice,currencyservice-669f47c6d7-lj52l,1739469886,204771328
currencyservice,currencyservice-669f47c6d7-lj52l,1739470186,142401536
currencyservice,currencyservice-669f47c6d7-lj52l,1739470486,148389888
currencyservice,currencyservice-669f47c6d7-lj52l,1739470786,150208512
currencyservice,currencyservice-669f47c6d7-lj52l,1739471086,151457792
currencyservice,currencyservice-669f47c6d7-lj52l,1739471386,153288704
currencyservice,currencyservice-669f47c6d7-lj52l,1739471686,155238400
currencyservice,currencyservice-669f47c6d7-lj52l,1739471986,159440896
currencyservice,currencyservice-669f47c6d7-lj52l,1739472286,161792000
currencyservice,currencyservice-669f47c6d7-lj52l,1739472586,163090432
currencyservice,currencyservice-669f47c6d7-lj52l,1739472886,169353216
currencyservice,currencyservice-669f47c6d7-lj52l,1739473186,170323968
currencyservice,currencyservice-669f47c6d7-lj52l,1739473486,176308224
currencyservice,currencyservice-669f47c6d7-lj52l,1739473786,177819648
currencyservice,currencyservice-669f47c6d7-lj52l,1739474086,181264384
currencyservice,currencyservice-669f47c6d7-lj52l,1739474386,183439360
currencyservice,currencyservice-669f47c6d7-lj52l,1739474686,185278464
currencyservice,currencyservice-669f47c6d7-lj52l,1739474986,186945536
currencyservice,currencyservice-669f47c6d7-lj52l,1739475286,188424192
currencyservice,currencyservice-669f47c6d7-lj52l,1739475586,191946752
currencyservice,currencyservice-669f47c6d7-lj52l,1739475886,194822144
currencyservice,currencyservice-669f47c6d7-lj52l,1739476186,195031040
currencyservice,currencyservice-669f47c6d7-lj52l,1739476486,196870144
currencyservice,currencyservice-669f47c6d7-lj52l,1739476786,197959680
currencyservice,currencyservice-669f47c6d7-lj52l,1739477086,199405568
currencyservice,currencyservice-669f47c6d7-lj52l,1739477386,201748480
currencyservice,currencyservice-669f47c6d7-lj52l,1739477686,203423744
currencyservice,currencyservice-669f47c6d7-lj52l,1739477986,207695872
currencyservice,currencyservice-669f47c6d7-lj52l,1739478286,207093760
currencyservice,currencyservice-669f47c6d7-lj52l,1739478586,208834560
currencyservice,currencyservice-669f47c6d7-lj52l,1739478886,208523264
currencyservice,currencyservice-669f47c6d7-lj52l,1739479186,141447168
currencyservice,currencyservice-669f47c6d7-lj52l,1739479486,143015936
currencyservice,currencyservice-669f47c6d7-lj52l,1739479786,145563648
currencyservice,currencyservice-669f47c6d7-lj52l,1739480086,148606976
currencyservice,currencyservice-669f47c6d7-lj52l,1739480386,150286336
currencyservice,currencyservice-669f47c6d7-lj52l,1739480686,159772672
currencyservice,currencyservice-669f47c6d7-lj52l,1739480986,160792576
currencyservice,currencyservice-669f47c6d7-lj52l,1739481286,162615296
currencyservice,currencyservice-669f47c6d7-lj52l,1739481586,164098048
currencyservice,currencyservice-669f47c6d7-lj52l,1739481886,168902656
currencyservice,currencyservice-669f47c6d7-lj52l,1739482186,170188800
currencyservice,currencyservice-669f47c6d7-lj52l,1739482486,171937792
currencyservice,currencyservice-669f47c6d7-lj52l,1739482786,175919104
currencyservice,currencyservice-669f47c6d7-lj52l,1739483086,176992256
currencyservice,currencyservice-669f47c6d7-lj52l,1739483386,178180096
currencyservice,currencyservice-669f47c6d7-lj52l,1739483686,180523008
currencyservice,currencyservice-669f47c6d7-lj52l,1739483986,182292480
currencyservice,currencyservice-669f47c6d7-lj52l,1739484286,184745984
currencyservice,currencyservice-669f47c6d7-lj52l,1739484586,191012864
currencyservice,currencyservice-669f47c6d7-lj52l,1739484886,196050944
currencyservice,currencyservice-669f47c6d7-lj52l,1739485186,202432512
currencyservice,currencyservice-669f47c6d7-lj52l,1739485486,207097856
currencyservice,currencyservice-669f47c6d7-lj52l,1739485786,142548992
currencyservice,currencyservice-669f47c6d7-lj52l,1739486086,152006656
currencyservice,currencyservice-669f47c6d7-lj52l,1739486386,158011392
currencyservice,currencyservice-669f47c6d7-lj52l,1739486686,160477184
currencyservice,currencyservice-669f47c6d7-lj52l,1739486986,165052416
currencyservice,currencyservice-669f47c6d7-lj52l,1739487286,166633472
currencyservice,currencyservice-669f47c6d7-lj52l,1739487586,167563264
currencyservice,currencyservice-669f47c6d7-lj52l,1739487886,172429312
currencyservice,currencyservice-669f47c6d7-lj52l,1739488186,174108672
currencyservice,currencyservice-669f47c6d7-lj52l,1739488486,175759360
currencyservice,currencyservice-669f47c6d7-lj52l,1739488786,179482624
currencyservice,currencyservice-669f47c6d7-lj52l,1739489086,177913856
currencyservice,currencyservice-669f47c6d7-lj52l,1739489386,186032128
currencyservice,currencyservice-669f47c6d7-lj52l,1739489686,189767680
currencyservice,currencyservice-669f47c6d7-lj52l,1739489986,193523712
currencyservice,currencyservice-669f47c6d7-lj52l,1739490286,197533696
currencyservice,currencyservice-669f47c6d7-lj52l,1739490586,201613312
currencyservice,currencyservice-669f47c6d7-lj52l,1739490886,206127104
currencyservice,currencyservice-669f47c6d7-lj52l,1739491186,208760832
currencyservice,currencyservice-669f47c6d7-lj52l,1739491486,141533184
currencyservice,currencyservice-669f47c6d7-lj52l,1739491786,150073344
currencyservice,currencyservice-669f47c6d7-lj52l,1739492086,154046464
currencyservice,currencyservice-669f47c6d7-lj52l,1739492386,158023680
currencyservice,currencyservice-669f47c6d7-lj52l,1739492686,162418688
currencyservice,currencyservice-669f47c6d7-lj52l,1739492986,163807232
currencyservice,currencyservice-669f47c6d7-lj52l,1739493286,167620608
currencyservice,currencyservice-669f47c6d7-lj52l,1739493586,172494848
currencyservice,currencyservice-669f47c6d7-lj52l,1739493886,174465024
currencyservice,currencyservice-669f47c6d7-lj52l,1739494186,178266112
currencyservice,currencyservice-669f47c6d7-lj52l,1739494486,181817344
currencyservice,currencyservice-669f47c6d7-lj52l,1739494786,183926784
currencyservice,currencyservice-669f47c6d7-lj52l,1739495086,188309504
currencyservice,currencyservice-669f47c6d7-lj52l,1739495386,189792256
currencyservice,currencyservice-669f47c6d7-lj52l,1739495686,193802240
currencyservice,currencyservice-669f47c6d7-lj52l,1739495986,196071424
currencyservice,currencyservice-669f47c6d7-lj52l,1739496286,199372800
currencyservice,currencyservice-669f47c6d7-lj52l,1739496586,202211328
currencyservice,currencyservice-669f47c6d7-lj52l,1739496886,205840384
currencyservice,currencyservice-669f47c6d7-lj52l,1739497186,207265792
currencyservice,currencyservice-669f47c6d7-lj52l,1739497486,141914112
currencyservice,currencyservice-669f47c6d7-lj52l,1739497786,147644416
currencyservice,currencyservice-669f47c6d7-lj52l,1739498086,150491136
currencyservice,currencyservice-669f47c6d7-lj52l,1739498386,153808896
currencyservice,currencyservice-669f47c6d7-lj52l,1739498686,156446720
currencyservice,currencyservice-669f47c6d7-lj52l,1739498986,161013760
currencyservice,currencyservice-669f47c6d7-lj52l,1739499286,162611200
currencyservice,currencyservice-669f47c6d7-lj52l,1739499586,163221504
currencyservice,currencyservice-669f47c6d7-lj52l,1739499886,166047744
currencyservice,currencyservice-669f47c6d7-lj52l,1739500186,168546304
currencyservice,currencyservice-669f47c6d7-lj52l,1739500486,170917888
currencyservice,currencyservice-669f47c6d7-lj52l,1739500786,172793856
currencyservice,currencyservice-669f47c6d7-lj52l,1739501086,173723648
currencyservice,currencyservice-669f47c6d7-lj52l,1739501386,175198208
currencyservice,currencyservice-669f47c6d7-lj52l,1739501686,176775168
currencyservice,currencyservice-669f47c6d7-lj52l,1739501986,178864128
currencyservice,currencyservice-669f47c6d7-lj52l,1739502286,180314112
currencyservice,currencyservice-669f47c6d7-lj52l,1739502586,182235136
currencyservice,currencyservice-669f47c6d7-lj52l,1739502886,183267328
currencyservice,currencyservice-669f47c6d7-lj52l,1739503186,187875328
currencyservice,currencyservice-669f47c6d7-lj52l,1739503486,189681664
currencyservice,currencyservice-669f47c6d7-lj52l,1739503786,194301952
currencyservice,currencyservice-669f47c6d7-lj52l,1739504086,196210688
currencyservice,currencyservice-669f47c6d7-lj52l,1739504386,199946240
currencyservice,currencyservice-669f47c6d7-lj52l,1739504686,203956224
currencyservice,currencyservice-669f47c6d7-lj52l,1739504986,208449536
currencyservice,currencyservice-669f47c6d7-lj52l,1739505286,149856256
currencyservice,currencyservice-669f47c6d7-lj52l,1739505586,155164672
currencyservice,currencyservice-669f47c6d7-lj52l,1739505886,161517568
currencyservice,currencyservice-669f47c6d7-lj52l,1739506186,164601856
currencyservice,currencyservice-669f47c6d7-lj52l,1739506486,165990400
currencyservice,currencyservice-669f47c6d7-lj52l,1739506786,167751680
currencyservice,currencyservice-669f47c6d7-lj52l,1739507086,170876928
currencyservice,currencyservice-669f47c6d7-lj52l,1739507386,172449792
currencyservice,currencyservice-669f47c6d7-lj52l,1739507686,174469120
currencyservice,currencyservice-669f47c6d7-lj52l,1739507986,178737152
currencyservice,currencyservice-669f47c6d7-lj52l,1739508286,180768768
currencyservice,currencyservice-669f47c6d7-lj52l,1739508586,185667584
currencyservice,currencyservice-669f47c6d7-lj52l,1739508886,186478592
currencyservice,currencyservice-669f47c6d7-lj52l,1739509186,187744256
currencyservice,currencyservice-669f47c6d7-lj52l,1739509486,191459328
currencyservice,currencyservice-669f47c6d7-lj52l,1739509786,193789952
currencyservice,currencyservice-669f47c6d7-lj52l,1739510086,194998272
currencyservice,currencyservice-669f47c6d7-lj52l,1739510386,196304896
currencyservice,currencyservice-669f47c6d7-lj52l,1739510686,198074368
currencyservice,currencyservice-669f47c6d7-lj52l,1739510986,202428416
currencyservice,currencyservice-669f47c6d7-lj52l,1739511286,204673024
currencyservice,currencyservice-669f47c6d7-lj52l,1739511586,145395712
currencyservice,currencyservice-669f47c6d7-lj52l,1739511886,151121920
currencyservice,currencyservice-669f47c6d7-lj52l,1739512186,156962816
currencyservice,currencyservice-669f47c6d7-lj52l,1739512486,161943552
currencyservice,currencyservice-669f47c6d7-lj52l,1739512786,162766848
currencyservice,currencyservice-669f47c6d7-lj52l,1739513086,164528128
currencyservice,currencyservice-669f47c6d7-lj52l,1739513386,166608896
currencyservice,currencyservice-669f47c6d7-lj52l,1739513686,172961792
currencyservice,currencyservice-669f47c6d7-lj52l,1739513986,177508352
currencyservice,currencyservice-669f47c6d7-lj52l,1739514286,182521856
currencyservice,currencyservice-669f47c6d7-lj52l,1739514586,188510208
currencyservice,currencyservice-669f47c6d7-lj52l,1739514886,193732608
currencyservice,currencyservice-669f47c6d7-lj52l,1739515186,198680576
currencyservice,currencyservice-669f47c6d7-lj52l,1739515486,203833344
currencyservice,currencyservice-669f47c6d7-lj52l,1739515786,208879616
currencyservice,currencyservice-669f47c6d7-lj52l,1739516086,148049920
currencyservice,currencyservice-669f47c6d7-lj52l,1739516386,152555520
currencyservice,currencyservice-669f47c6d7-lj52l,1739516686,157966336
currencyservice,currencyservice-669f47c6d7-lj52l,1739516986,163516416
currencyservice,currencyservice-669f47c6d7-lj52l,1739517286,167469056
currencyservice,currencyservice-669f47c6d7-lj52l,1739517586,168566784
currencyservice,currencyservice-669f47c6d7-lj52l,1739517886,170184704
currencyservice,currencyservice-669f47c6d7-lj52l,1739518186,171704320
currencyservice,currencyservice-669f47c6d7-lj52l,1739518486,173191168
currencyservice,currencyservice-669f47c6d7-lj52l,1739518786,176955392
currencyservice,currencyservice-669f47c6d7-lj52l,1739519086,182788096
currencyservice,currencyservice-669f47c6d7-lj52l,1739519386,185208832
currencyservice,currencyservice-669f47c6d7-lj52l,1739519686,187289600
currencyservice,currencyservice-669f47c6d7-lj52l,1739519986,191582208
currencyservice,currencyservice-669f47c6d7-lj52l,1739520286,191033344
currencyservice,currencyservice-669f47c6d7-lj52l,1739520586,192884736
currencyservice,currencyservice-669f47c6d7-lj52l,1739520886,195809280
currencyservice,currencyservice-669f47c6d7-lj52l,1739521186,197574656
currencyservice,currencyservice-669f47c6d7-lj52l,1739521486,201920512
currencyservice,currencyservice-669f47c6d7-lj52l,1739521786,204251136
currencyservice,currencyservice-669f47c6d7-lj52l,1739522086,205578240
currencyservice,currencyservice-669f47c6d7-lj52l,1739522386,206987264
currencyservice,currencyservice-669f47c6d7-lj52l,1739522686,209596416
currencyservice,currencyservice-669f47c6d7-lj52l,1739522986,141996032
currencyservice,currencyservice-669f47c6d7-lj52l,1739523286,143339520
currencyservice,currencyservice-669f47c6d7-lj52l,1739523586,150650880
currencyservice,currencyservice-669f47c6d7-lj52l,1739523886,155701248
currencyservice,currencyservice-669f47c6d7-lj52l,1739524186,160829440
currencyservice,currencyservice-669f47c6d7-lj52l,1739524486,163815424
currencyservice,currencyservice-669f47c6d7-lj52l,1739524786,167706624
currencyservice,currencyservice-669f47c6d7-lj52l,1739525086,167362560
currencyservice,currencyservice-669f47c6d7-lj52l,1739525386,168939520
currencyservice,currencyservice-669f47c6d7-lj52l,1739525686,173383680
currencyservice,currencyservice-669f47c6d7-lj52l,1739525986,178065408
currencyservice,currencyservice-669f47c6d7-lj52l,1739526286,181288960
currencyservice,currencyservice-669f47c6d7-lj52l,1739526586,184315904
currencyservice,currencyservice-669f47c6d7-lj52l,1739526886,185548800
currencyservice,currencyservice-669f47c6d7-lj52l,1739527186,187629568
currencyservice,currencyservice-669f47c6d7-lj52l,1739527486,189169664
currencyservice,currencyservice-669f47c6d7-lj52l,1739527786,193716224
currencyservice,currencyservice-669f47c6d7-lj52l,1739528086,195387392
currencyservice,currencyservice-669f47c6d7-lj52l,1739528386,197226496
currencyservice,currencyservice-669f47c6d7-lj52l,1739528686,201572352
currencyservice,currencyservice-669f47c6d7-lj52l,1739528986,202436608
currencyservice,currencyservice-669f47c6d7-lj52l,1739529286,205598720
currencyservice,currencyservice-669f47c6d7-lj52l,1739529586,205934592
currencyservice,currencyservice-669f47c6d7-lj52l,1739529886,208044032
currencyservice,currencyservice-669f47c6d7-lj52l,1739530186,138018816
currencyservice,currencyservice-669f47c6d7-lj52l,1739530486,144281600
currencyservice,currencyservice-669f47c6d7-lj52l,1739530786,150798336
currencyservice,currencyservice-669f47c6d7-lj52l,1739531086,151478272
currencyservice,currencyservice-669f47c6d7-lj52l,1739531386,154968064
currencyservice,currencyservice-669f47c6d7-lj52l,1739531686,156446720
currencyservice,currencyservice-669f47c6d7-lj52l,1739531986,158728192
currencyservice,currencyservice-669f47c6d7-lj52l,1739532286,162271232
currencyservice,currencyservice-669f47c6d7-lj52l,1739532586,164593664
currencyservice,currencyservice-669f47c6d7-lj52l,1739532886,168935424
currencyservice,currencyservice-669f47c6d7-lj52l,1739533186,172220416
currencyservice,currencyservice-669f47c6d7-lj52l,1739533486,173178880
currencyservice,currencyservice-669f47c6d7-lj52l,1739533786,178765824
currencyservice,currencyservice-669f47c6d7-lj52l,1739534086,182845440
currencyservice,currencyservice-669f47c6d7-lj52l,1739534386,184336384
currencyservice,currencyservice-669f47c6d7-lj52l,1739534686,189464576
currencyservice,currencyservice-669f47c6d7-lj52l,1739534986,190652416
currencyservice,currencyservice-669f47c6d7-lj52l,1739535286,194727936
currencyservice,currencyservice-669f47c6d7-lj52l,1739535586,196481024
currencyservice,currencyservice-669f47c6d7-lj52l,1739535886,197636096
currencyservice,currencyservice-669f47c6d7-lj52l,1739536186,202108928
currencyservice,currencyservice-669f47c6d7-lj52l,1739536486,204328960
currencyservice,currencyservice-669f47c6d7-lj52l,1739536786,208560128
currencyservice,currencyservice-669f47c6d7-lj52l,1739537086,209108992
currencyservice,currencyservice-669f47c6d7-lj52l,1739537386,141217792
currencyservice,currencyservice-669f47c6d7-lj52l,1739537686,146690048
currencyservice,currencyservice-669f47c6d7-lj52l,1739537986,150183936
currencyservice,currencyservice-669f47c6d7-lj52l,1739538286,156250112
currencyservice,currencyservice-669f47c6d7-lj52l,1739538586,158351360
currencyservice,currencyservice-669f47c6d7-lj52l,1739538886,162213888
currencyservice,currencyservice-669f47c6d7-lj52l,1739539186,166105088
currencyservice,currencyservice-669f47c6d7-lj52l,1739539486,170688512
currencyservice,currencyservice-669f47c6d7-lj52l,1739539786,172548096
currencyservice,currencyservice-669f47c6d7-lj52l,1739540086,178159616
currencyservice,currencyservice-669f47c6d7-lj52l,1739540386,180305920
currencyservice,currencyservice-669f47c6d7-lj52l,1739540686,184487936
currencyservice,currencyservice-669f47c6d7-lj52l,1739540986,188968960
currencyservice,currencyservice-669f47c6d7-lj52l,1739541286,190496768
currencyservice,currencyservice-669f47c6d7-lj52l,1739541586,199458816
currencyservice,currencyservice-669f47c6d7-lj52l,1739541886,140783616
currencyservice,currencyservice-669f47c6d7-lj52l,1739542186,144363520
currencyservice,currencyservice-669f47c6d7-lj52l,1739542486,145858560
currencyservice,currencyservice-669f47c6d7-lj52l,1739542786,147812352
currencyservice,currencyservice-669f47c6d7-lj52l,1739543086,149716992
currencyservice,currencyservice-669f47c6d7-lj52l,1739543386,151465984
currencyservice,currencyservice-669f47c6d7-lj52l,1739543686,155246592
currencyservice,currencyservice-669f47c6d7-lj52l,1739543986,156880896
currencyservice,currencyservice-669f47c6d7-lj52l,1739544286,161030144
currencyservice,currencyservice-669f47c6d7-lj52l,1739544586,163340288
currencyservice,currencyservice-669f47c6d7-lj52l,1739544886,164880384
currencyservice,currencyservice-669f47c6d7-lj52l,1739545186,167727104
currencyservice,currencyservice-669f47c6d7-lj52l,1739545486,171249664
currencyservice,currencyservice-669f47c6d7-lj52l,1739545786,173658112
currencyservice,currencyservice-669f47c6d7-lj52l,1739546086,175525888
currencyservice,currencyservice-669f47c6d7-lj52l,1739546386,177123328
currencyservice,currencyservice-669f47c6d7-lj52l,1739546686,179363840
currencyservice,currencyservice-669f47c6d7-lj52l,1739546986,180396032
currencyservice,currencyservice-669f47c6d7-lj52l,1739547286,189132800
currencyservice,currencyservice-669f47c6d7-lj52l,1739547586,193265664
currencyservice,currencyservice-669f47c6d7-lj52l,1739547886,194281472
currencyservice,currencyservice-669f47c6d7-lj52l,1739548186,198299648
currencyservice,currencyservice-669f47c6d7-lj52l,1739548486,200425472
currencyservice,currencyservice-669f47c6d7-lj52l,1739548786,202616832
currencyservice,currencyservice-669f47c6d7-lj52l,1739549086,204546048
currencyservice,currencyservice-669f47c6d7-lj52l,1739549386,206434304
currencyservice,currencyservice-669f47c6d7-lj52l,1739549686,208637952
currencyservice,currencyservice-669f47c6d7-lj52l,1739549986,209326080
currencyservice,currencyservice-669f47c6d7-lj52l,1739550286,140210176
currencyservice,currencyservice-669f47c6d7-lj52l,1739550586,147378176
currencyservice,currencyservice-669f47c6d7-lj52l,1739550886,149123072
currencyservice,currencyservice-669f47c6d7-lj52l,1739551186,154763264
currencyservice,currencyservice-669f47c6d7-lj52l,1739551486,155340800
currencyservice,currencyservice-669f47c6d7-lj52l,1739551786,159391744
currencyservice,currencyservice-669f47c6d7-lj52l,1739552086,160223232
currencyservice,currencyservice-669f47c6d7-lj52l,1739552386,165695488
currencyservice,currencyservice-669f47c6d7-lj52l,1739552686,167497728
currencyservice,currencyservice-669f47c6d7-lj52l,1739552986,141381632
currencyservice,currencyservice-669f47c6d7-lj52l,1739553286,151138304
currencyservice,currencyservice-669f47c6d7-lj52l,1739553586,155648000
currencyservice,currencyservice-669f47c6d7-lj52l,1739553886,157863936
currencyservice,currencyservice-669f47c6d7-lj52l,1739554186,159465472
currencyservice,currencyservice-669f47c6d7-lj52l,1739554486,161792000
currencyservice,currencyservice-669f47c6d7-lj52l,1739554786,165384192
currencyservice,currencyservice-669f47c6d7-lj52l,1739555086,167915520
currencyservice,currencyservice-669f47c6d7-lj52l,1739555386,169717760
currencyservice,currencyservice-669f47c6d7-lj52l,1739555686,170942464
currencyservice,currencyservice-669f47c6d7-lj52l,1739555986,172756992
currencyservice,currencyservice-669f47c6d7-lj52l,1739556286,176312320
currencyservice,currencyservice-669f47c6d7-lj52l,1739556586,177659904
currencyservice,currencyservice-669f47c6d7-lj52l,1739556886,180621312
currencyservice,currencyservice-669f47c6d7-lj52l,1739557186,181346304
currencyservice,currencyservice-669f47c6d7-lj52l,1739557486,182620160
currencyservice,currencyservice-669f47c6d7-lj52l,1739557786,186298368
currencyservice,currencyservice-669f47c6d7-lj52l,1739558086,188108800
currencyservice,currencyservice-669f47c6d7-lj52l,1739558386,190144512
currencyservice,currencyservice-669f47c6d7-lj52l,1739558686,191725568
currencyservice,currencyservice-669f47c6d7-lj52l,1739558986,196567040
currencyservice,currencyservice-669f47c6d7-lj52l,1739559286,200904704
currencyservice,currencyservice-669f47c6d7-lj52l,1739559586,202559488
currencyservice,currencyservice-669f47c6d7-lj52l,1739559886,203194368
currencyservice,currencyservice-669f47c6d7-lj52l,1739560186,205365248
currencyservice,currencyservice-669f47c6d7-lj52l,1739560486,207056896
currencyservice,currencyservice-669f47c6d7-lj52l,1739560786,145580032
currencyservice,currencyservice-669f47c6d7-lj52l,1739561086,148660224
currencyservice,currencyservice-669f47c6d7-lj52l,1739561386,153649152
currencyservice,currencyservice-669f47c6d7-lj52l,1739561686,155918336
currencyservice,currencyservice-669f47c6d7-lj52l,1739561986,160296960
currencyservice,currencyservice-669f47c6d7-lj52l,1739562286,164077568
currencyservice,currencyservice-669f47c6d7-lj52l,1739562586,168800256
currencyservice,currencyservice-669f47c6d7-lj52l,1739562886,171012096
currencyservice,currencyservice-669f47c6d7-lj52l,1739563186,174510080
currencyservice,currencyservice-669f47c6d7-lj52l,1739563486,176283648
currencyservice,currencyservice-669f47c6d7-lj52l,1739563786,177721344
currencyservice,currencyservice-669f47c6d7-lj52l,1739564086,179335168
currencyservice,currencyservice-669f47c6d7-lj52l,1739564386,180736000
currencyservice,currencyservice-669f47c6d7-lj52l,1739564686,182263808
currencyservice,currencyservice-669f47c6d7-lj52l,1739564986,180662272
currencyservice,currencyservice-669f47c6d7-lj52l,1739565286,186310656
currencyservice,currencyservice-669f47c6d7-lj52l,1739565586,188325888
currencyservice,currencyservice-669f47c6d7-lj52l,1739565886,190574592
currencyservice,currencyservice-669f47c6d7-lj52l,1739566186,195002368
currencyservice,currencyservice-669f47c6d7-lj52l,1739566486,196911104
currencyservice,currencyservice-669f47c6d7-lj52l,1739566786,198291456
currencyservice,currencyservice-669f47c6d7-lj52l,1739567086,203157504
currencyservice,currencyservice-669f47c6d7-lj52l,1739567386,203952128
currencyservice,currencyservice-669f47c6d7-lj52l,1739567686,207863808
currencyservice,currencyservice-669f47c6d7-lj52l,1739567986,148000768
currencyservice,currencyservice-669f47c6d7-lj52l,1739568286,149823488
currencyservice,currencyservice-669f47c6d7-lj52l,1739568586,154075136
currencyservice,currencyservice-669f47c6d7-lj52l,1739568886,155516928
currencyservice,currencyservice-669f47c6d7-lj52l,1739569186,159776768
currencyservice,currencyservice-669f47c6d7-lj52l,1739569486,161476608
currencyservice,currencyservice-669f47c6d7-lj52l,1739569786,165916672
currencyservice,currencyservice-669f47c6d7-lj52l,1739570086,167428096
currencyservice,currencyservice-669f47c6d7-lj52l,1739570386,171552768
currencyservice,currencyservice-669f47c6d7-lj52l,1739570686,173486080
currencyservice,currencyservice-669f47c6d7-lj52l,1739570986,174817280
currencyservice,currencyservice-669f47c6d7-lj52l,1739571286,179351552
currencyservice,currencyservice-669f47c6d7-lj52l,1739571586,180817920
currencyservice,currencyservice-669f47c6d7-lj52l,1739571886,184561664
currencyservice,currencyservice-669f47c6d7-lj52l,1739572186,186507264
currencyservice,currencyservice-669f47c6d7-lj52l,1739572486,188878848
currencyservice,currencyservice-669f47c6d7-lj52l,1739572786,143790080
currencyservice,currencyservice-669f47c6d7-lj52l,1739573086,149155840
currencyservice,currencyservice-669f47c6d7-lj52l,1739573386,150601728
currencyservice,currencyservice-669f47c6d7-lj52l,1739573686,155148288
currencyservice,currencyservice-669f47c6d7-lj52l,1739573986,156803072
currencyservice,currencyservice-669f47c6d7-lj52l,1739574286,160411648
currencyservice,currencyservice-669f47c6d7-lj52l,1739574586,164814848
currencyservice,currencyservice-669f47c6d7-lj52l,1739574886,167256064
currencyservice,currencyservice-669f47c6d7-lj52l,1739575186,169328640
currencyservice,currencyservice-669f47c6d7-lj52l,1739575486,172892160
currencyservice,currencyservice-669f47c6d7-lj52l,1739575786,174608384
currencyservice,currencyservice-669f47c6d7-lj52l,1739576086,177913856
currencyservice,currencyservice-669f47c6d7-lj52l,1739576386,180277248
currencyservice,currencyservice-669f47c6d7-lj52l,1739576686,184553472
currencyservice,currencyservice-669f47c6d7-lj52l,1739576986,185999360
currencyservice,currencyservice-669f47c6d7-lj52l,1739577286,188022784
currencyservice,currencyservice-669f47c6d7-lj52l,1739577586,192409600
currencyservice,currencyservice-669f47c6d7-lj52l,1739577886,194084864
currencyservice,currencyservice-669f47c6d7-lj52l,1739578186,197632000
currencyservice,currencyservice-669f47c6d7-lj52l,1739578486,199749632
currencyservice,currencyservice-669f47c6d7-lj52l,1739578786,208248832
currencyservice,currencyservice-669f47c6d7-lj52l,1739579086,208982016
currencyservice,currencyservice-669f47c6d7-lj52l,1739579386,145440768
currencyservice,currencyservice-669f47c6d7-lj52l,1739579686,149901312
currencyservice,currencyservice-669f47c6d7-lj52l,1739579986,151650304
currencyservice,currencyservice-669f47c6d7-lj52l,1739580286,155668480
currencyservice,currencyservice-669f47c6d7-lj52l,1739580586,157024256
currencyservice,currencyservice-669f47c6d7-lj52l,1739580886,159358976
currencyservice,currencyservice-669f47c6d7-lj52l,1739581186,162369536
currencyservice,currencyservice-669f47c6d7-lj52l,1739581486,164569088
currencyservice,currencyservice-669f47c6d7-lj52l,1739581786,168693760
currencyservice,currencyservice-669f47c6d7-lj52l,1739582086,170455040
currencyservice,currencyservice-669f47c6d7-lj52l,1739582386,174100480
currencyservice,currencyservice-669f47c6d7-lj52l,1739582686,175980544
currencyservice,currencyservice-669f47c6d7-lj52l,1739582986,177709056
currencyservice,currencyservice-669f47c6d7-lj52l,1739583286,182300672
currencyservice,currencyservice-669f47c6d7-lj52l,1739583586,184307712
currencyservice,currencyservice-669f47c6d7-lj52l,1739583886,188018688
currencyservice,currencyservice-669f47c6d7-lj52l,1739584186,196317184
currencyservice,currencyservice-669f47c6d7-lj52l,1739584486,198615040
currencyservice,currencyservice-669f47c6d7-lj52l,1739584786,202174464
currencyservice,currencyservice-669f47c6d7-lj52l,1739585086,204402688
currencyservice,currencyservice-669f47c6d7-lj52l,1739585386,208179200
currencyservice,currencyservice-669f47c6d7-lj52l,1739585686,204247040
currencyservice,currencyservice-669f47c6d7-lj52l,1739585986,143122432
currencyservice,currencyservice-669f47c6d7-lj52l,1739586286,148709376
currencyservice,currencyservice-669f47c6d7-lj52l,1739586586,150528000
currencyservice,currencyservice-669f47c6d7-lj52l,1739586886,154247168
currencyservice,currencyservice-669f47c6d7-lj52l,1739587186,155942912
currencyservice,currencyservice-669f47c6d7-lj52l,1739587486,160579584
currencyservice,currencyservice-669f47c6d7-lj52l,1739587786,162181120
currencyservice,currencyservice-669f47c6d7-lj52l,1739588086,166404096
currencyservice,currencyservice-669f47c6d7-lj52l,1739588386,170151936
currencyservice,currencyservice-669f47c6d7-lj52l,1739588686,171769856
currencyservice,currencyservice-669f47c6d7-lj52l,1739588986,177131520
currencyservice,currencyservice-669f47c6d7-lj52l,1739589286,183382016
currencyservice,currencyservice-669f47c6d7-lj52l,1739589586,187170816
currencyservice,currencyservice-669f47c6d7-lj52l,1739589886,194584576
currencyservice,currencyservice-669f47c6d7-lj52l,1739590186,196743168
currencyservice,currencyservice-669f47c6d7-lj52l,1739590486,200925184
currencyservice,currencyservice-669f47c6d7-lj52l,1739590786,204623872
currencyservice,currencyservice-669f47c6d7-lj52l,1739591086,205697024
currencyservice,currencyservice-669f47c6d7-lj52l,1739591386,207544320
currencyservice,currencyservice-669f47c6d7-lj52l,1739591686,209035264
currencyservice,currencyservice-669f47c6d7-lj52l,1739591986,147492864
currencyservice,currencyservice-669f47c6d7-lj52l,1739592286,154112000
currencyservice,currencyservice-669f47c6d7-lj52l,1739592586,159989760
currencyservice,currencyservice-669f47c6d7-lj52l,1739592886,167022592
currencyservice,currencyservice-669f47c6d7-lj52l,1739593186,171712512
currencyservice,currencyservice-669f47c6d7-lj52l,1739593486,177369088
currencyservice,currencyservice-669f47c6d7-lj52l,1739593786,183263232
currencyservice,currencyservice-669f47c6d7-lj52l,1739594086,188993536
currencyservice,currencyservice-669f47c6d7-lj52l,1739594386,196001792
currencyservice,currencyservice-669f47c6d7-lj52l,1739594686,200486912
currencyservice,currencyservice-669f47c6d7-lj52l,1739594986,208281600
currencyservice,currencyservice-669f47c6d7-lj52l,1739595286,145932288
currencyservice,currencyservice-669f47c6d7-lj52l,1739595586,151248896
currencyservice,currencyservice-669f47c6d7-lj52l,1739595886,155779072
currencyservice,currencyservice-669f47c6d7-lj52l,1739596186,161316864
currencyservice,currencyservice-669f47c6d7-lj52l,1739596486,164249600
currencyservice,currencyservice-669f47c6d7-lj52l,1739596786,164978688
currencyservice,currencyservice-669f47c6d7-lj52l,1739597086,170311680
currencyservice,currencyservice-669f47c6d7-lj52l,1739597386,171122688
currencyservice,currencyservice-669f47c6d7-lj52l,1739597686,177672192
currencyservice,currencyservice-669f47c6d7-lj52l,1739597986,181526528
currencyservice,currencyservice-669f47c6d7-lj52l,1739598286,186916864
currencyservice,currencyservice-669f47c6d7-lj52l,1739598586,191528960
currencyservice,currencyservice-669f47c6d7-lj52l,1739598886,196046848
currencyservice,currencyservice-669f47c6d7-lj52l,1739599186,201580544
currencyservice,currencyservice-669f47c6d7-lj52l,1739599486,205934592
currencyservice,currencyservice-669f47c6d7-lj52l,1739599786,143773696
currencyservice,currencyservice-669f47c6d7-lj52l,1739600086,148103168
currencyservice,currencyservice-669f47c6d7-lj52l,1739600386,152875008
currencyservice,currencyservice-669f47c6d7-lj52l,1739600686,157847552
currencyservice,currencyservice-669f47c6d7-lj52l,1739600986,162521088
currencyservice,currencyservice-669f47c6d7-lj52l,1739601286,164188160
currencyservice,currencyservice-669f47c6d7-lj52l,1739601586,166535168
currencyservice,currencyservice-669f47c6d7-lj52l,1739601886,168615936
currencyservice,currencyservice-669f47c6d7-lj52l,1739602186,173232128
currencyservice,currencyservice-669f47c6d7-lj52l,1739602486,175263744
currencyservice,currencyservice-669f47c6d7-lj52l,1739602786,178900992
currencyservice,currencyservice-669f47c6d7-lj52l,1739603086,180269056
currencyservice,currencyservice-669f47c6d7-lj52l,1739603386,181923840
currencyservice,currencyservice-669f47c6d7-lj52l,1739603686,183193600
currencyservice,currencyservice-669f47c6d7-lj52l,1739603986,184631296
currencyservice,currencyservice-669f47c6d7-lj52l,1739604286,186134528
currencyservice,currencyservice-669f47c6d7-lj52l,1739604586,188198912
currencyservice,currencyservice-669f47c6d7-lj52l,1739604886,190021632
currencyservice,currencyservice-669f47c6d7-lj52l,1739605186,191488000
currencyservice,currencyservice-669f47c6d7-lj52l,1739605486,192798720
currencyservice,currencyservice-669f47c6d7-lj52l,1739605786,194486272
currencyservice,currencyservice-669f47c6d7-lj52l,1739606086,204300288
currencyservice,currencyservice-669f47c6d7-lj52l,1739606386,205963264
currencyservice,currencyservice-669f47c6d7-lj52l,1739606686,207380480
currencyservice,currencyservice-669f47c6d7-lj52l,1739606986,208433152
currencyservice,currencyservice-669f47c6d7-lj52l,1739607286,85450752
currencyservice,currencyservice-669f47c6d7-lj52l,1739607586,142868480
currencyservice,currencyservice-669f47c6d7-lj52l,1739607886,144216064
currencyservice,currencyservice-669f47c6d7-lj52l,1739608186,152080384
currencyservice,currencyservice-669f47c6d7-lj52l,1739608486,157790208
currencyservice,currencyservice-669f47c6d7-lj52l,1739608786,162844672
currencyservice,currencyservice-669f47c6d7-lj52l,1739609086,163864576
currencyservice,currencyservice-669f47c6d7-lj52l,1739609386,167862272
currencyservice,currencyservice-669f47c6d7-lj52l,1739609686,169668608
currencyservice,currencyservice-669f47c6d7-lj52l,1739609986,171409408
currencyservice,currencyservice-669f47c6d7-lj52l,1739610286,172658688
currencyservice,currencyservice-669f47c6d7-lj52l,1739610586,174206976
currencyservice,currencyservice-669f47c6d7-lj52l,1739610886,179277824
currencyservice,currencyservice-669f47c6d7-lj52l,1739611186,180068352
currencyservice,currencyservice-669f47c6d7-lj52l,1739611486,182059008
currencyservice,currencyservice-669f47c6d7-lj52l,1739611786,188231680
currencyservice,currencyservice-669f47c6d7-lj52l,1739612086,189845504
currencyservice,currencyservice-669f47c6d7-lj52l,1739612386,193671168
currencyservice,currencyservice-669f47c6d7-lj52l,1739612686,195092480
currencyservice,currencyservice-669f47c6d7-lj52l,1739612986,196595712
currencyservice,currencyservice-669f47c6d7-lj52l,1739613286,199081984
currencyservice,currencyservice-669f47c6d7-lj52l,1739613586,199720960
currencyservice,currencyservice-669f47c6d7-lj52l,1739613886,204308480
currencyservice,currencyservice-669f47c6d7-lj52l,1739614186,206131200
currencyservice,currencyservice-669f47c6d7-lj52l,1739614486,207392768
currencyservice,currencyservice-669f47c6d7-lj52l,1739614786,142860288
currencyservice,currencyservice-669f47c6d7-lj52l,1739615086,149127168
currencyservice,currencyservice-669f47c6d7-lj52l,1739615386,150786048
currencyservice,currencyservice-669f47c6d7-lj52l,1739615686,151793664
currencyservice,currencyservice-669f47c6d7-lj52l,1739615986,153493504
currencyservice,currencyservice-669f47c6d7-lj52l,1739616286,154894336
currencyservice,currencyservice-669f47c6d7-lj52l,1739616586,157032448
currencyservice,currencyservice-669f47c6d7-lj52l,1739616886,160436224
currencyservice,currencyservice-669f47c6d7-lj52l,1739617186,161902592
currencyservice,currencyservice-669f47c6d7-lj52l,1739617486,163594240
currencyservice,currencyservice-669f47c6d7-lj52l,1739617786,169824256
currencyservice,currencyservice-669f47c6d7-lj52l,1739618086,171245568
currencyservice,currencyservice-669f47c6d7-lj52l,1739618386,173064192
currencyservice,currencyservice-669f47c6d7-lj52l,1739618686,174170112
currencyservice,currencyservice-669f47c6d7-lj52l,1739618986,177680384
currencyservice,currencyservice-669f47c6d7-lj52l,1739619286,179470336
currencyservice,currencyservice-669f47c6d7-lj52l,1739619586,181473280
currencyservice,currencyservice-669f47c6d7-lj52l,1739619886,182878208
currencyservice,currencyservice-669f47c6d7-lj52l,1739620186,185331712
currencyservice,currencyservice-669f47c6d7-lj52l,1739620486,188841984
currencyservice,currencyservice-669f47c6d7-lj52l,1739620786,189747200
currencyservice,currencyservice-669f47c6d7-lj52l,1739621086,191430656
currencyservice,currencyservice-669f47c6d7-lj52l,1739621386,193769472
currencyservice,currencyservice-669f47c6d7-lj52l,1739621686,195833856
currencyservice,currencyservice-669f47c6d7-lj52l,1739621986,197857280
currencyservice,currencyservice-669f47c6d7-lj52l,1739622286,199290880
currencyservice,currencyservice-669f47c6d7-lj52l,1739622586,203935744
currencyservice,currencyservice-669f47c6d7-lj52l,1739622886,205242368
currencyservice,currencyservice-669f47c6d7-lj52l,1739623186,206729216
currencyservice,currencyservice-669f47c6d7-lj52l,1739623486,208568320
currencyservice,currencyservice-669f47c6d7-lj52l,1739623786,136474624
currencyservice,currencyservice-669f47c6d7-lj52l,1739624086,147005440
currencyservice,currencyservice-669f47c6d7-lj52l,1739624386,148639744
currencyservice,currencyservice-669f47c6d7-lj52l,1739624686,153006080
currencyservice,currencyservice-669f47c6d7-lj52l,1739624986,155541504
currencyservice,currencyservice-669f47c6d7-lj52l,1739625286,158486528
currencyservice,currencyservice-669f47c6d7-lj52l,1739625586,161366016
currencyservice,currencyservice-669f47c6d7-lj52l,1739625886,165109760
currencyservice,currencyservice-669f47c6d7-lj52l,1739626186,169189376
currencyservice,currencyservice-669f47c6d7-lj52l,1739626486,172351488
currencyservice,currencyservice-669f47c6d7-lj52l,1739626786,175304704
currencyservice,currencyservice-669f47c6d7-lj52l,1739627086,177606656
currencyservice,currencyservice-669f47c6d7-lj52l,1739627386,181694464
currencyservice,currencyservice-669f47c6d7-lj52l,1739627686,183238656
currencyservice,currencyservice-669f47c6d7-lj52l,1739627986,187719680
currencyservice,currencyservice-669f47c6d7-lj52l,1739628286,189087744
currencyservice,currencyservice-669f47c6d7-lj52l,1739628586,193269760
currencyservice,currencyservice-669f47c6d7-lj52l,1739628886,195227648
currencyservice,currencyservice-669f47c6d7-lj52l,1739629186,199495680
currencyservice,currencyservice-669f47c6d7-lj52l,1739629486,208560128
currencyservice,currencyservice-669f47c6d7-lj52l,1739629786,144621568
currencyservice,currencyservice-669f47c6d7-lj52l,1739630086,151441408
currencyservice,currencyservice-669f47c6d7-lj52l,1739630386,152829952
currencyservice,currencyservice-669f47c6d7-lj52l,1739630686,155725824
currencyservice,currencyservice-669f47c6d7-lj52l,1739630986,159305728
currencyservice,currencyservice-669f47c6d7-lj52l,1739631286,161402880
currencyservice,currencyservice-669f47c6d7-lj52l,1739631586,164859904
currencyservice,currencyservice-669f47c6d7-lj52l,1739631886,167120896
currencyservice,currencyservice-669f47c6d7-lj52l,1739632186,168108032
currencyservice,currencyservice-669f47c6d7-lj52l,1739632486,172171264
currencyservice,currencyservice-669f47c6d7-lj52l,1739632786,174829568
currencyservice,currencyservice-669f47c6d7-lj52l,1739633086,178700288
currencyservice,currencyservice-669f47c6d7-lj52l,1739633386,179879936
currencyservice,currencyservice-669f47c6d7-lj52l,1739633686,184766464
currencyservice,currencyservice-669f47c6d7-lj52l,1739633986,185352192
currencyservice,currencyservice-669f47c6d7-lj52l,1739634286,187236352
currencyservice,currencyservice-669f47c6d7-lj52l,1739634586,191254528
currencyservice,currencyservice-669f47c6d7-lj52l,1739634886,192966656
currencyservice,currencyservice-669f47c6d7-lj52l,1739635186,196784128
currencyservice,currencyservice-669f47c6d7-lj52l,1739635486,208830464
currencyservice,currencyservice-669f47c6d7-lj52l,1739635786,147107840
currencyservice,currencyservice-669f47c6d7-lj52l,1739636086,151056384
currencyservice,currencyservice-669f47c6d7-lj52l,1739636386,155066368
currencyservice,currencyservice-669f47c6d7-lj52l,1739636686,158244864
currencyservice,currencyservice-669f47c6d7-lj52l,1739636986,161771520
currencyservice,currencyservice-669f47c6d7-lj52l,1739637286,163299328
currencyservice,currencyservice-669f47c6d7-lj52l,1739637586,165920768
currencyservice,currencyservice-669f47c6d7-lj52l,1739637886,167653376
currencyservice,currencyservice-669f47c6d7-lj52l,1739638186,168497152
currencyservice,currencyservice-669f47c6d7-lj52l,1739638486,170029056
currencyservice,currencyservice-669f47c6d7-lj52l,1739638786,173862912
currencyservice,currencyservice-669f47c6d7-lj52l,1739639086,175751168
currencyservice,currencyservice-669f47c6d7-lj52l,1739639386,178307072
currencyservice,currencyservice-669f47c6d7-lj52l,1739639686,181534720
currencyservice,currencyservice-669f47c6d7-lj52l,1739639986,183271424
currencyservice,currencyservice-669f47c6d7-lj52l,1739640286,185409536
currencyservice,currencyservice-669f47c6d7-lj52l,1739640586,186744832
currencyservice,currencyservice-669f47c6d7-lj52l,1739640886,191275008
currencyservice,currencyservice-669f47c6d7-lj52l,1739641186,192843776
currencyservice,currencyservice-669f47c6d7-lj52l,1739641486,195776512
currencyservice,currencyservice-669f47c6d7-lj52l,1739641786,197390336
currencyservice,currencyservice-669f47c6d7-lj52l,1739642086,200753152
currencyservice,currencyservice-669f47c6d7-lj52l,1739642386,203010048
currencyservice,currencyservice-669f47c6d7-lj52l,1739642686,204193792
currencyservice,currencyservice-669f47c6d7-lj52l,1739642986,207388672
currencyservice,currencyservice-669f47c6d7-lj52l,1739643286,210718720
currencyservice,currencyservice-669f47c6d7-lj52l,1739643586,211697664
currencyservice,currencyservice-669f47c6d7-lj52l,1739643886,213872640
currencyservice,currencyservice-669f47c6d7-lj52l,1739644186,145047552
currencyservice,currencyservice-669f47c6d7-lj52l,1739644486,151261184
currencyservice,currencyservice-669f47c6d7-lj52l,1739644786,153153536
currencyservice,currencyservice-669f47c6d7-lj52l,1739645086,156794880
currencyservice,currencyservice-669f47c6d7-lj52l,1739645386,160739328
currencyservice,currencyservice-669f47c6d7-lj52l,1739645686,162717696
currencyservice,currencyservice-669f47c6d7-lj52l,1739645986,165527552
currencyservice,currencyservice-669f47c6d7-lj52l,1739646286,169013248
currencyservice,currencyservice-669f47c6d7-lj52l,1739646586,170004480
currencyservice,currencyservice-669f47c6d7-lj52l,1739646886,171958272
currencyservice,currencyservice-669f47c6d7-lj52l,1739647186,176087040
currencyservice,currencyservice-669f47c6d7-lj52l,1739647486,178987008
currencyservice,currencyservice-669f47c6d7-lj52l,1739647786,180412416
currencyservice,currencyservice-669f47c6d7-lj52l,1739648086,184221696
currencyservice,currencyservice-669f47c6d7-lj52l,1739648386,185602048
currencyservice,currencyservice-669f47c6d7-lj52l,1739648686,187432960
currencyservice,currencyservice-669f47c6d7-lj52l,1739648986,192966656
currencyservice,currencyservice-669f47c6d7-lj52l,1739649286,193015808
currencyservice,currencyservice-669f47c6d7-lj52l,1739649586,144982016
currencyservice,currencyservice-669f47c6d7-lj52l,1739649886,147783680
currencyservice,currencyservice-669f47c6d7-lj52l,1739650186,151629824
currencyservice,currencyservice-669f47c6d7-lj52l,1739650486,154947584
currencyservice,currencyservice-669f47c6d7-lj52l,1739650786,157749248
currencyservice,currencyservice-669f47c6d7-lj52l,1739651086,159207424
currencyservice,currencyservice-669f47c6d7-lj52l,1739651386,160776192
currencyservice,currencyservice-669f47c6d7-lj52l,1739651686,167321600
currencyservice,currencyservice-669f47c6d7-lj52l,1739651986,168116224
currencyservice,currencyservice-669f47c6d7-lj52l,1739652286,171839488
currencyservice,currencyservice-669f47c6d7-lj52l,1739652586,173535232
currencyservice,currencyservice-669f47c6d7-lj52l,1739652886,175169536
currencyservice,currencyservice-669f47c6d7-lj52l,1739653186,177029120
currencyservice,currencyservice-669f47c6d7-lj52l,1739653486,178200576
currencyservice,currencyservice-669f47c6d7-lj52l,1739653786,179175424
currencyservice,currencyservice-669f47c6d7-lj52l,1739654086,180903936
currencyservice,currencyservice-669f47c6d7-lj52l,1739654386,185982976
currencyservice,currencyservice-669f47c6d7-lj52l,1739654686,186757120
currencyservice,currencyservice-669f47c6d7-lj52l,1739654986,188334080
currencyservice,currencyservice-669f47c6d7-lj52l,1739655286,190144512
currencyservice,currencyservice-669f47c6d7-lj52l,1739655586,192282624
currencyservice,currencyservice-669f47c6d7-lj52l,1739655886,144822272
currencyservice,currencyservice-669f47c6d7-lj52l,1739656186,145915904
currencyservice,currencyservice-669f47c6d7-lj52l,1739656486,151986176
currencyservice,currencyservice-669f47c6d7-lj52l,1739656786,154136576
currencyservice,currencyservice-669f47c6d7-lj52l,1739657086,158105600
currencyservice,currencyservice-669f47c6d7-lj52l,1739657386,160317440
currencyservice,currencyservice-669f47c6d7-lj52l,1739657686,161783808
currencyservice,currencyservice-669f47c6d7-lj52l,1739657986,163418112
currencyservice,currencyservice-669f47c6d7-lj52l,1739658286,168472576
currencyservice,currencyservice-669f47c6d7-lj52l,1739658586,175144960
currencyservice,currencyservice-669f47c6d7-lj52l,1739658886,176263168
currencyservice,currencyservice-669f47c6d7-lj52l,1739659186,177897472
currencyservice,currencyservice-669f47c6d7-lj52l,1739659486,179253248
currencyservice,currencyservice-669f47c6d7-lj52l,1739659786,180658176
currencyservice,currencyservice-669f47c6d7-lj52l,1739660086,181903360
currencyservice,currencyservice-669f47c6d7-lj52l,1739660386,183898112
currencyservice,currencyservice-669f47c6d7-lj52l,1739660686,185794560
currencyservice,currencyservice-669f47c6d7-lj52l,1739660986,190812160
currencyservice,currencyservice-669f47c6d7-lj52l,1739661286,195100672
currencyservice,currencyservice-669f47c6d7-lj52l,1739661586,196411392
currencyservice,currencyservice-669f47c6d7-lj52l,1739661886,198959104
currencyservice,currencyservice-669f47c6d7-lj52l,1739662186,199393280
currencyservice,currencyservice-669f47c6d7-lj52l,1739662486,202301440
currencyservice,currencyservice-669f47c6d7-lj52l,1739662786,205824000
currencyservice,currencyservice-669f47c6d7-lj52l,1739663086,209473536
currencyservice,currencyservice-669f47c6d7-lj52l,1739663386,212434944
currencyservice,currencyservice-669f47c6d7-lj52l,1739663686,149708800
currencyservice,currencyservice-669f47c6d7-lj52l,1739663986,155308032
currencyservice,currencyservice-669f47c6d7-lj52l,1739664286,160710656
currencyservice,currencyservice-669f47c6d7-lj52l,1739664586,165584896
currencyservice,currencyservice-669f47c6d7-lj52l,1739664886,168783872
currencyservice,currencyservice-669f47c6d7-lj52l,1739665186,173297664
currencyservice,currencyservice-669f47c6d7-lj52l,1739665486,178155520
currencyservice,currencyservice-669f47c6d7-lj52l,1739665786,182337536
currencyservice,currencyservice-669f47c6d7-lj52l,1739666086,187269120
currencyservice,currencyservice-669f47c6d7-lj52l,1739666386,150167552
currencyservice,currencyservice-669f47c6d7-lj52l,1739666686,154562560
currencyservice,currencyservice-669f47c6d7-lj52l,1739666986,159264768
currencyservice,currencyservice-669f47c6d7-lj52l,1739667286,164548608
currencyservice,currencyservice-669f47c6d7-lj52l,1739667586,168955904
currencyservice,currencyservice-669f47c6d7-lj52l,1739667886,170721280
currencyservice,currencyservice-669f47c6d7-lj52l,1739668186,175779840
currencyservice,currencyservice-669f47c6d7-lj52l,1739668486,181583872
currencyservice,currencyservice-669f47c6d7-lj52l,1739668786,184717312
currencyservice,currencyservice-669f47c6d7-lj52l,1739669086,187666432
currencyservice,currencyservice-669f47c6d7-lj52l,1739669386,191430656
currencyservice,currencyservice-669f47c6d7-lj52l,1739669686,194228224
currencyservice,currencyservice-669f47c6d7-lj52l,1739669986,195760128
currencyservice,currencyservice-669f47c6d7-lj52l,1739670286,196661248
currencyservice,currencyservice-669f47c6d7-lj52l,1739670586,201457664
currencyservice,currencyservice-669f47c6d7-lj52l,1739670886,203841536
currencyservice,currencyservice-669f47c6d7-lj52l,1739671186,207331328
currencyservice,currencyservice-669f47c6d7-lj52l,1739671486,211501056
currencyservice,currencyservice-669f47c6d7-lj52l,1739671786,212750336
currencyservice,currencyservice-669f47c6d7-lj52l,1739672086,148815872
currencyservice,currencyservice-669f47c6d7-lj52l,1739672386,152547328
currencyservice,currencyservice-669f47c6d7-lj52l,1739672686,154521600
currencyservice,currencyservice-669f47c6d7-lj52l,1739672986,156160000
currencyservice,currencyservice-669f47c6d7-lj52l,1739673286,162603008
currencyservice,currencyservice-669f47c6d7-lj52l,1739673586,164618240
currencyservice,currencyservice-669f47c6d7-lj52l,1739673886,165670912
currencyservice,currencyservice-669f47c6d7-lj52l,1739674186,170434560
currencyservice,currencyservice-669f47c6d7-lj52l,1739674486,171323392
currencyservice,currencyservice-669f47c6d7-lj52l,1739674786,177418240
currencyservice,currencyservice-669f47c6d7-lj52l,1739675086,181993472
currencyservice,currencyservice-669f47c6d7-lj52l,1739675386,183255040
currencyservice,currencyservice-669f47c6d7-lj52l,1739675686,187023360
currencyservice,currencyservice-669f47c6d7-lj52l,1739675986,188514304
currencyservice,currencyservice-669f47c6d7-lj52l,1739676286,191229952
currencyservice,currencyservice-669f47c6d7-lj52l,1739676586,195633152
currencyservice,currencyservice-669f47c6d7-lj52l,1739676886,197439488
currencyservice,currencyservice-669f47c6d7-lj52l,1739677186,197558272
currencyservice,currencyservice-669f47c6d7-lj52l,1739677486,202010624
currencyservice,currencyservice-669f47c6d7-lj52l,1739677786,203132928
currencyservice,currencyservice-669f47c6d7-lj52l,1739678086,204886016
currencyservice,currencyservice-669f47c6d7-lj52l,1739678386,205819904
currencyservice,currencyservice-669f47c6d7-lj52l,1739678686,207364096
currencyservice,currencyservice-669f47c6d7-lj52l,1739678986,209235968
currencyservice,currencyservice-669f47c6d7-lj52l,1739679286,211746816
currencyservice,currencyservice-669f47c6d7-lj52l,1739679586,213073920
currencyservice,currencyservice-669f47c6d7-lj52l,1739679886,109682688
currencyservice,currencyservice-669f47c6d7-lj52l,1739680186,145715200
currencyservice,currencyservice-669f47c6d7-lj52l,1739680486,148197376
currencyservice,currencyservice-669f47c6d7-lj52l,1739680786,152350720
currencyservice,currencyservice-669f47c6d7-lj52l,1739681086,154439680
currencyservice,currencyservice-669f47c6d7-lj52l,1739681386,157929472
currencyservice,currencyservice-669f47c6d7-lj52l,1739681686,159744000
currencyservice,currencyservice-669f47c6d7-lj52l,1739681986,162148352
currencyservice,currencyservice-669f47c6d7-lj52l,1739682286,166612992
currencyservice,currencyservice-669f47c6d7-lj52l,1739682586,167256064
currencyservice,currencyservice-669f47c6d7-lj52l,1739682886,169340928
currencyservice,currencyservice-669f47c6d7-lj52l,1739683186,173928448
currencyservice,currencyservice-669f47c6d7-lj52l,1739683486,174956544
currencyservice,currencyservice-669f47c6d7-lj52l,1739683786,176680960
currencyservice,currencyservice-669f47c6d7-lj52l,1739684086,179052544
currencyservice,currencyservice-669f47c6d7-lj52l,1739684386,179929088
currencyservice,currencyservice-669f47c6d7-lj52l,1739684686,181534720
currencyservice,currencyservice-669f47c6d7-lj52l,1739684986,185221120
currencyservice,currencyservice-669f47c6d7-lj52l,1739685286,187133952
currencyservice,currencyservice-669f47c6d7-lj52l,1739685586,188747776
currencyservice,currencyservice-669f47c6d7-lj52l,1739685886,190812160
currencyservice,currencyservice-669f47c6d7-lj52l,1739686186,192098304
currencyservice,currencyservice-669f47c6d7-lj52l,1739686486,196321280
currencyservice,currencyservice-669f47c6d7-lj52l,1739686786,199110656
currencyservice,currencyservice-669f47c6d7-lj52l,1739687086,204148736
currencyservice,currencyservice-669f47c6d7-lj52l,1739687386,209264640
currencyservice,currencyservice-669f47c6d7-lj52l,1739687686,209575936
currencyservice,currencyservice-669f47c6d7-lj52l,1739687986,211738624
currencyservice,currencyservice-669f47c6d7-lj52l,1739688286,212615168
currencyservice,currencyservice-669f47c6d7-lj52l,1739688586,144900096
currencyservice,currencyservice-669f47c6d7-lj52l,1739688886,147288064
currencyservice,currencyservice-669f47c6d7-lj52l,1739689186,143933440
currencyservice,currencyservice-669f47c6d7-lj52l,1739689486,147271680
currencyservice,currencyservice-669f47c6d7-lj52l,1739689786,152268800
currencyservice,currencyservice-669f47c6d7-lj52l,1739690086,158363648
currencyservice,currencyservice-669f47c6d7-lj52l,1739690386,150650880
currencyservice,currencyservice-669f47c6d7-lj52l,1739690686,156782592
currencyservice,currencyservice-669f47c6d7-lj52l,1739690986,159170560
currencyservice,currencyservice-669f47c6d7-lj52l,1739691286,160329728
currencyservice,currencyservice-669f47c6d7-lj52l,1739691586,164061184
currencyservice,currencyservice-669f47c6d7-lj52l,1739691886,165175296
currencyservice,currencyservice-669f47c6d7-lj52l,1739692186,167944192
currencyservice,currencyservice-669f47c6d7-lj52l,1739692486,168656896
currencyservice,currencyservice-669f47c6d7-lj52l,1739692786,172605440
currencyservice,currencyservice-669f47c6d7-lj52l,1739693086,174501888
currencyservice,currencyservice-669f47c6d7-lj52l,1739693386,175960064
currencyservice,currencyservice-669f47c6d7-lj52l,1739693686,177696768
currencyservice,currencyservice-669f47c6d7-lj52l,1739693986,182312960
currencyservice,currencyservice-669f47c6d7-lj52l,1739694286,183283712
currencyservice,currencyservice-669f47c6d7-lj52l,1739694586,184905728
currencyservice,currencyservice-669f47c6d7-lj52l,1739694886,188747776
currencyservice,currencyservice-669f47c6d7-lj52l,1739695186,188866560
currencyservice,currencyservice-669f47c6d7-lj52l,1739695486,192909312
currencyservice,currencyservice-669f47c6d7-lj52l,1739695786,194609152
currencyservice,currencyservice-669f47c6d7-lj52l,1739696086,200253440
currencyservice,currencyservice-669f47c6d7-lj52l,1739696386,201998336
currencyservice,currencyservice-669f47c6d7-lj52l,1739696686,205746176
currencyservice,currencyservice-669f47c6d7-lj52l,1739696986,200540160
currencyservice,currencyservice-669f47c6d7-lj52l,1739697286,205430784
currencyservice,currencyservice-669f47c6d7-lj52l,1739697586,137388032
currencyservice,currencyservice-669f47c6d7-lj52l,1739697886,144453632
currencyservice,currencyservice-669f47c6d7-lj52l,1739698186,147439616
currencyservice,currencyservice-669f47c6d7-lj52l,1739698486,149266432
currencyservice,currencyservice-669f47c6d7-lj52l,1739698786,154820608
currencyservice,currencyservice-669f47c6d7-lj52l,1739699086,160899072
currencyservice,currencyservice-669f47c6d7-lj52l,1739699386,164601856
currencyservice,currencyservice-669f47c6d7-lj52l,1739699686,168542208
currencyservice,currencyservice-669f47c6d7-lj52l,1739699986,170463232
currencyservice,currencyservice-669f47c6d7-lj52l,1739700286,174723072
currencyservice,currencyservice-669f47c6d7-lj52l,1739700586,179642368
currencyservice,currencyservice-669f47c6d7-lj52l,1739700886,185929728
currencyservice,currencyservice-669f47c6d7-lj52l,1739701186,189784064
currencyservice,currencyservice-669f47c6d7-lj52l,1739701486,191770624
currencyservice,currencyservice-669f47c6d7-lj52l,1739701786,196390912
currencyservice,currencyservice-669f47c6d7-lj52l,1739702086,200097792
currencyservice,currencyservice-669f47c6d7-lj52l,1739702386,201854976
currencyservice,currencyservice-669f47c6d7-lj52l,1739702686,205979648
currencyservice,currencyservice-669f47c6d7-lj52l,1739702986,209473536
currencyservice,currencyservice-669f47c6d7-lj52l,1739703286,210485248
currencyservice,currencyservice-669f47c6d7-lj52l,1739703586,212922368
currencyservice,currencyservice-669f47c6d7-lj52l,1739703886,146251776
currencyservice,currencyservice-669f47c6d7-lj52l,1739704186,153993216
currencyservice,currencyservice-669f47c6d7-lj52l,1739704486,159019008
currencyservice,currencyservice-669f47c6d7-lj52l,1739704786,160948224
currencyservice,currencyservice-669f47c6d7-lj52l,1739705086,164749312
currencyservice,currencyservice-669f47c6d7-lj52l,1739705386,166682624
currencyservice,currencyservice-669f47c6d7-lj52l,1739705686,171028480
currencyservice,currencyservice-669f47c6d7-lj52l,1739705986,173092864
currencyservice,currencyservice-669f47c6d7-lj52l,1739706286,175796224
currencyservice,currencyservice-669f47c6d7-lj52l,1739706586,180330496
currencyservice,currencyservice-669f47c6d7-lj52l,1739706886,181645312
currencyservice,currencyservice-669f47c6d7-lj52l,1739707186,182968320
currencyservice,currencyservice-669f47c6d7-lj52l,1739707486,182824960
currencyservice,currencyservice-669f47c6d7-lj52l,1739707786,185122816
currencyservice,currencyservice-669f47c6d7-lj52l,1739708086,186785792
currencyservice,currencyservice-669f47c6d7-lj52l,1739708386,190443520
currencyservice,currencyservice-669f47c6d7-lj52l,1739708686,193130496
currencyservice,currencyservice-669f47c6d7-lj52l,1739708986,108781568
currencyservice,currencyservice-669f47c6d7-lj52l,1739709286,144269312
currencyservice,currencyservice-669f47c6d7-lj52l,1739709586,151109632
currencyservice,currencyservice-669f47c6d7-lj52l,1739709886,159043584
currencyservice,currencyservice-669f47c6d7-lj52l,1739710186,160755712
currencyservice,currencyservice-669f47c6d7-lj52l,1739710486,161497088
currencyservice,currencyservice-669f47c6d7-lj52l,1739710786,163340288
currencyservice,currencyservice-669f47c6d7-lj52l,1739711086,168779776
currencyservice,currencyservice-669f47c6d7-lj52l,1739711386,170647552
currencyservice,currencyservice-669f47c6d7-lj52l,1739711686,172146688
currencyservice,currencyservice-669f47c6d7-lj52l,1739711986,174145536
currencyservice,currencyservice-669f47c6d7-lj52l,1739712286,178171904
currencyservice,currencyservice-669f47c6d7-lj52l,1739712586,179580928
currencyservice,currencyservice-669f47c6d7-lj52l,1739712886,183566336
currencyservice,currencyservice-669f47c6d7-lj52l,1739713186,185704448
currencyservice,currencyservice-669f47c6d7-lj52l,1739713486,186978304
currencyservice,currencyservice-669f47c6d7-lj52l,1739713786,155746304
currencyservice,currencyservice-669f47c6d7-lj52l,1739714086,158097408
currencyservice,currencyservice-669f47c6d7-lj52l,1739714386,161783808
currencyservice,currencyservice-669f47c6d7-lj52l,1739714686,166297600
currencyservice,currencyservice-669f47c6d7-lj52l,1739714986,168558592
currencyservice,currencyservice-669f47c6d7-lj52l,1739715286,172400640
currencyservice,currencyservice-669f47c6d7-lj52l,1739715586,147591168
currencyservice,currencyservice-669f47c6d7-lj52l,1739715886,153432064
currencyservice,currencyservice-669f47c6d7-lj52l,1739716186,156237824
currencyservice,currencyservice-669f47c6d7-lj52l,1739716486,157790208
currencyservice,currencyservice-669f47c6d7-lj52l,1739716786,161710080
currencyservice,currencyservice-669f47c6d7-lj52l,1739717086,135712768
currencyservice,currencyservice-669f47c6d7-lj52l,1739717386,153460736
currencyservice,currencyservice-669f47c6d7-lj52l,1739717686,155320320
currencyservice,currencyservice-669f47c6d7-lj52l,1739717986,159010816
currencyservice,currencyservice-669f47c6d7-lj52l,1739718286,164327424
currencyservice,currencyservice-669f47c6d7-lj52l,1739718586,168730624
currencyservice,currencyservice-669f47c6d7-lj52l,1739718886,170909696
currencyservice,currencyservice-669f47c6d7-lj52l,1739719186,172904448
currencyservice,currencyservice-669f47c6d7-lj52l,1739719486,175656960
currencyservice,currencyservice-669f47c6d7-lj52l,1739719786,176173056
currencyservice,currencyservice-669f47c6d7-lj52l,1739720086,177782784
currencyservice,currencyservice-669f47c6d7-lj52l,1739720386,179273728
currencyservice,currencyservice-669f47c6d7-lj52l,1739720686,180600832
currencyservice,currencyservice-669f47c6d7-lj52l,1739720986,182579200
currencyservice,currencyservice-669f47c6d7-lj52l,1739721286,185585664
currencyservice,currencyservice-669f47c6d7-lj52l,1739721586,187142144
currencyservice,currencyservice-669f47c6d7-lj52l,1739721886,187666432
currencyservice,currencyservice-669f47c6d7-lj52l,1739722186,189288448
currencyservice,currencyservice-669f47c6d7-lj52l,1739722486,193228800
currencyservice,currencyservice-669f47c6d7-lj52l,1739722786,195747840
currencyservice,currencyservice-669f47c6d7-lj52l,1739723086,196812800
currencyservice,currencyservice-669f47c6d7-lj52l,1739723386,198471680
currencyservice,currencyservice-669f47c6d7-lj52l,1739723686,204087296
currencyservice,currencyservice-669f47c6d7-lj52l,1739723986,208932864
currencyservice,currencyservice-669f47c6d7-lj52l,1739724286,212041728
currencyservice,currencyservice-669f47c6d7-lj52l,1739724586,213172224
currencyservice,currencyservice-669f47c6d7-lj52l,1739724886,120762368
currencyservice,currencyservice-669f47c6d7-lj52l,1739725186,149819392
currencyservice,currencyservice-669f47c6d7-lj52l,1739725486,156086272
currencyservice,currencyservice-669f47c6d7-lj52l,1739725786,163987456
currencyservice,currencyservice-669f47c6d7-lj52l,1739726086,165720064
currencyservice,currencyservice-669f47c6d7-lj52l,1739726386,168460288
currencyservice,currencyservice-669f47c6d7-lj52l,1739726686,175079424
currencyservice,currencyservice-669f47c6d7-lj52l,1739726986,178900992
currencyservice,currencyservice-669f47c6d7-lj52l,1739727286,183013376
currencyservice,currencyservice-669f47c6d7-lj52l,1739727586,186417152
currencyservice,currencyservice-669f47c6d7-lj52l,1739727886,187842560
currencyservice,currencyservice-669f47c6d7-lj52l,1739728186,194863104
currencyservice,currencyservice-669f47c6d7-lj52l,1739728486,198336512
currencyservice,currencyservice-669f47c6d7-lj52l,1739728786,201461760
currencyservice,currencyservice-669f47c6d7-lj52l,1739729086,150503424
currencyservice,currencyservice-669f47c6d7-lj52l,1739729386,151924736
currencyservice,currencyservice-669f47c6d7-lj52l,1739729686,159105024
currencyservice,currencyservice-669f47c6d7-lj52l,1739729986,160899072
currencyservice,currencyservice-669f47c6d7-lj52l,1739730286,162299904
currencyservice,currencyservice-669f47c6d7-lj52l,1739730586,164425728
currencyservice,currencyservice-669f47c6d7-lj52l,1739730886,165924864
currencyservice,currencyservice-669f47c6d7-lj52l,1739731186,168099840
currencyservice,currencyservice-669f47c6d7-lj52l,1739731486,171188224
currencyservice,currencyservice-669f47c6d7-lj52l,1739731786,177905664
currencyservice,currencyservice-669f47c6d7-lj52l,1739732086,178704384
currencyservice,currencyservice-669f47c6d7-lj52l,1739732386,180465664
currencyservice,currencyservice-669f47c6d7-lj52l,1739732686,182632448
currencyservice,currencyservice-669f47c6d7-lj52l,1739732986,184348672
currencyservice,currencyservice-669f47c6d7-lj52l,1739733286,185999360
currencyservice,currencyservice-669f47c6d7-lj52l,1739733586,188583936
currencyservice,currencyservice-669f47c6d7-lj52l,1739733886,192200704
currencyservice,currencyservice-669f47c6d7-lj52l,1739734186,194535424
currencyservice,currencyservice-669f47c6d7-lj52l,1739734486,196055040
currencyservice,currencyservice-669f47c6d7-lj52l,1739734786,198766592
currencyservice,currencyservice-669f47c6d7-lj52l,1739735086,200245248
currencyservice,currencyservice-669f47c6d7-lj52l,1739735386,203436032
currencyservice,currencyservice-669f47c6d7-lj52l,1739735686,210866176
currencyservice,currencyservice-669f47c6d7-lj52l,1739735986,213954560
currencyservice,currencyservice-669f47c6d7-lj52l,1739736286,149635072
currencyservice,currencyservice-669f47c6d7-lj52l,1739736586,152301568
currencyservice,currencyservice-669f47c6d7-lj52l,1739736886,154963968
currencyservice,currencyservice-669f47c6d7-lj52l,1739737186,159821824
currencyservice,currencyservice-669f47c6d7-lj52l,1739737486,162816000
currencyservice,currencyservice-669f47c6d7-lj52l,1739737786,164225024
currencyservice,currencyservice-669f47c6d7-lj52l,1739738086,166133760
currencyservice,currencyservice-669f47c6d7-lj52l,1739738386,168427520
currencyservice,currencyservice-669f47c6d7-lj52l,1739738686,170459136
currencyservice,currencyservice-669f47c6d7-lj52l,1739738986,172408832
currencyservice,currencyservice-669f47c6d7-lj52l,1739739286,175869952
currencyservice,currencyservice-669f47c6d7-lj52l,1739739586,175759360
currencyservice,currencyservice-669f47c6d7-lj52l,1739739886,181366784
currencyservice,currencyservice-669f47c6d7-lj52l,1739740186,183123968
currencyservice,currencyservice-669f47c6d7-lj52l,1739740486,185253888
currencyservice,currencyservice-669f47c6d7-lj52l,1739740786,186843136
currencyservice,currencyservice-669f47c6d7-lj52l,1739741086,188391424
currencyservice,currencyservice-669f47c6d7-lj52l,1739741386,192233472
currencyservice,currencyservice-669f47c6d7-lj52l,1739741686,193757184
currencyservice,currencyservice-669f47c6d7-lj52l,1739741986,195350528
currencyservice,currencyservice-669f47c6d7-lj52l,1739742286,196816896
currencyservice,currencyservice-669f47c6d7-lj52l,1739742586,198717440
currencyservice,currencyservice-669f47c6d7-lj52l,1739742886,200110080
currencyservice,currencyservice-669f47c6d7-lj52l,1739743186,201048064
currencyservice,currencyservice-669f47c6d7-lj52l,1739743486,203329536
currencyservice,currencyservice-669f47c6d7-lj52l,1739743786,209342464
currencyservice,currencyservice-669f47c6d7-lj52l,1739744086,212701184
currencyservice,currencyservice-669f47c6d7-lj52l,1739744386,146903040
currencyservice,currencyservice-669f47c6d7-lj52l,1739744686,152932352
currencyservice,currencyservice-669f47c6d7-lj52l,1739744986,154447872
currencyservice,currencyservice-669f47c6d7-lj52l,1739745286,156143616
currencyservice,currencyservice-669f47c6d7-lj52l,1739745586,159920128
currencyservice,currencyservice-669f47c6d7-lj52l,1739745886,161705984
currencyservice,currencyservice-669f47c6d7-lj52l,1739746186,160567296
currencyservice,currencyservice-669f47c6d7-lj52l,1739746486,164732928
currencyservice,currencyservice-669f47c6d7-lj52l,1739746786,169402368
currencyservice,currencyservice-669f47c6d7-lj52l,1739747086,174096384
currencyservice,currencyservice-669f47c6d7-lj52l,1739747386,176746496
currencyservice,currencyservice-669f47c6d7-lj52l,1739747686,180449280
currencyservice,currencyservice-669f47c6d7-lj52l,1739747986,182116352
currencyservice,currencyservice-669f47c6d7-lj52l,1739748286,185131008
currencyservice,currencyservice-669f47c6d7-lj52l,1739748586,188170240
currencyservice,currencyservice-669f47c6d7-lj52l,1739748886,190455808
currencyservice,currencyservice-669f47c6d7-lj52l,1739749186,193646592
currencyservice,currencyservice-669f47c6d7-lj52l,1739749486,199794688
currencyservice,currencyservice-669f47c6d7-lj52l,1739749786,203157504
currencyservice,currencyservice-669f47c6d7-lj52l,1739750086,204484608
currencyservice,currencyservice-669f47c6d7-lj52l,1739750386,206700544
currencyservice,currencyservice-669f47c6d7-lj52l,1739750686,210333696
currencyservice,currencyservice-669f47c6d7-lj52l,1739750986,213028864
currencyservice,currencyservice-669f47c6d7-lj52l,1739751286,146616320
currencyservice,currencyservice-669f47c6d7-lj52l,1739751586,151007232
currencyservice,currencyservice-669f47c6d7-lj52l,1739751886,158576640
currencyservice,currencyservice-669f47c6d7-lj52l,1739752186,160419840
currencyservice,currencyservice-669f47c6d7-lj52l,1739752486,161820672
currencyservice,currencyservice-669f47c6d7-lj52l,1739752786,164974592
currencyservice,currencyservice-669f47c6d7-lj52l,1739753086,166666240
currencyservice,currencyservice-669f47c6d7-lj52l,1739753386,165388288
currencyservice,currencyservice-669f47c6d7-lj52l,1739753686,173531136
currencyservice,currencyservice-669f47c6d7-lj52l,1739753986,176467968
currencyservice,currencyservice-669f47c6d7-lj52l,1739754286,179011584
currencyservice,currencyservice-669f47c6d7-lj52l,1739754586,183308288
currencyservice,currencyservice-669f47c6d7-lj52l,1739754886,185311232
currencyservice,currencyservice-669f47c6d7-lj52l,1739755186,186748928
currencyservice,currencyservice-669f47c6d7-lj52l,1739755486,190533632
currencyservice,currencyservice-669f47c6d7-lj52l,1739755786,192577536
currencyservice,currencyservice-669f47c6d7-lj52l,1739756086,194891776
currencyservice,currencyservice-669f47c6d7-lj52l,1739756386,196964352
currencyservice,currencyservice-669f47c6d7-lj52l,1739756686,203292672
currencyservice,currencyservice-669f47c6d7-lj52l,1739756986,205475840
currencyservice,currencyservice-669f47c6d7-lj52l,1739757286,206512128
currencyservice,currencyservice-669f47c6d7-lj52l,1739757586,210382848
currencyservice,currencyservice-669f47c6d7-lj52l,1739757886,212279296
currencyservice,currencyservice-669f47c6d7-lj52l,1739758186,212918272
currencyservice,currencyservice-669f47c6d7-lj52l,1739758486,212975616
currencyservice,currencyservice-669f47c6d7-lj52l,1739758786,213159936
currencyservice,currencyservice-669f47c6d7-lj52l,1739759086,150577152
currencyservice,currencyservice-669f47c6d7-lj52l,1739759386,153071616
currencyservice,currencyservice-669f47c6d7-lj52l,1739759686,161546240
currencyservice,currencyservice-669f47c6d7-lj52l,1739759986,166002688
currencyservice,currencyservice-669f47c6d7-lj52l,1739760286,168361984
currencyservice,currencyservice-669f47c6d7-lj52l,1739760586,98959360
currencyservice,currencyservice-669f47c6d7-lj52l,1739760886,149876736
currencyservice,currencyservice-669f47c6d7-lj52l,1739761186,154259456
currencyservice,currencyservice-669f47c6d7-lj52l,1739761486,158060544
currencyservice,currencyservice-669f47c6d7-lj52l,1739761786,160477184
currencyservice,currencyservice-669f47c6d7-lj52l,1739762086,168624128
currencyservice,currencyservice-669f47c6d7-lj52l,1739762386,170627072
currencyservice,currencyservice-669f47c6d7-lj52l,1739762686,172380160
currencyservice,currencyservice-669f47c6d7-lj52l,1739762986,175300608
currencyservice,currencyservice-669f47c6d7-lj52l,1739763286,178393088
currencyservice,currencyservice-669f47c6d7-lj52l,1739763586,187625472
currencyservice,currencyservice-669f47c6d7-lj52l,1739763886,190238720
currencyservice,currencyservice-669f47c6d7-lj52l,1739764186,193839104
currencyservice,currencyservice-669f47c6d7-lj52l,1739764486,196091904
currencyservice,currencyservice-669f47c6d7-lj52l,1739764786,202088448
currencyservice,currencyservice-669f47c6d7-lj52l,1739765086,205844480
currencyservice,currencyservice-669f47c6d7-lj52l,1739765386,207515648
currencyservice,currencyservice-669f47c6d7-lj52l,1739765686,211529728
currencyservice,currencyservice-669f47c6d7-lj52l,1739765986,213463040
currencyservice,currencyservice-669f47c6d7-lj52l,1739766286,158126080
currencyservice,currencyservice-669f47c6d7-lj52l,1739766586,159469568
currencyservice,currencyservice-669f47c6d7-lj52l,1739766886,160718848
currencyservice,currencyservice-669f47c6d7-lj52l,1739767186,165318656
currencyservice,currencyservice-669f47c6d7-lj52l,1739767486,167026688
currencyservice,currencyservice-669f47c6d7-lj52l,1739767786,168628224
currencyservice,currencyservice-669f47c6d7-lj52l,1739768086,169762816
currencyservice,currencyservice-669f47c6d7-lj52l,1739768386,172572672
currencyservice,currencyservice-669f47c6d7-lj52l,1739768686,173576192
currencyservice,currencyservice-669f47c6d7-lj52l,1739768986,176144384
currencyservice,currencyservice-669f47c6d7-lj52l,1739769286,180895744
currencyservice,currencyservice-669f47c6d7-lj52l,1739769586,182423552
currencyservice,currencyservice-669f47c6d7-lj52l,1739769886,186847232
currencyservice,currencyservice-669f47c6d7-lj52l,1739770186,189173760
currencyservice,currencyservice-669f47c6d7-lj52l,1739770486,190373888
currencyservice,currencyservice-669f47c6d7-lj52l,1739770786,192196608
currencyservice,currencyservice-669f47c6d7-lj52l,1739771086,194166784
currencyservice,currencyservice-669f47c6d7-lj52l,1739771386,196521984
currencyservice,currencyservice-669f47c6d7-lj52l,1739771686,198443008
currencyservice,currencyservice-669f47c6d7-lj52l,1739771986,202678272
currencyservice,currencyservice-669f47c6d7-lj52l,1739772286,202743808
currencyservice,currencyservice-669f47c6d7-lj52l,1739772586,205516800
currencyservice,currencyservice-669f47c6d7-lj52l,1739772886,207339520
currencyservice,currencyservice-669f47c6d7-lj52l,1739773186,209395712
currencyservice,currencyservice-669f47c6d7-lj52l,1739773486,210771968
currencyservice,currencyservice-669f47c6d7-lj52l,1739773786,214859776
currencyservice,currencyservice-669f47c6d7-lj52l,1739774086,215126016
currencyservice,currencyservice-669f47c6d7-lj52l,1739774386,215310336
currencyservice,currencyservice-669f47c6d7-lj52l,1739774686,134475776
currencyservice,currencyservice-669f47c6d7-lj52l,1739774986,154378240
currencyservice,currencyservice-669f47c6d7-lj52l,1739775286,159248384
currencyservice,currencyservice-669f47c6d7-lj52l,1739775586,160665600
currencyservice,currencyservice-669f47c6d7-lj52l,1739775886,166850560
currencyservice,currencyservice-669f47c6d7-lj52l,1739776186,169615360
currencyservice,currencyservice-669f47c6d7-lj52l,1739776486,152444928
currencyservice,currencyservice-669f47c6d7-lj52l,1739776786,162099200
currencyservice,currencyservice-669f47c6d7-lj52l,1739777086,167424000
currencyservice,currencyservice-669f47c6d7-lj52l,1739777386,170905600
currencyservice,currencyservice-669f47c6d7-lj52l,1739777686,174673920
currencyservice,currencyservice-669f47c6d7-lj52l,1739777986,179138560
currencyservice,currencyservice-669f47c6d7-lj52l,1739778286,182833152
currencyservice,currencyservice-669f47c6d7-lj52l,1739778586,187699200
currencyservice,currencyservice-669f47c6d7-lj52l,1739778886,192446464
currencyservice,currencyservice-669f47c6d7-lj52l,1739779186,201547776
currencyservice,currencyservice-669f47c6d7-lj52l,1739779486,209321984
currencyservice,currencyservice-669f47c6d7-lj52l,1739779786,146497536
currencyservice,currencyservice-669f47c6d7-lj52l,1739780086,158580736
currencyservice,currencyservice-669f47c6d7-lj52l,1739780386,163934208
currencyservice,currencyservice-669f47c6d7-lj52l,1739780686,169177088
currencyservice,currencyservice-669f47c6d7-lj52l,1739780986,174673920
currencyservice,currencyservice-669f47c6d7-lj52l,1739781286,179884032
currencyservice,currencyservice-669f47c6d7-lj52l,1739781586,184954880
currencyservice,currencyservice-669f47c6d7-lj52l,1739781886,187928576
currencyservice,currencyservice-669f47c6d7-lj52l,1739782186,191291392
currencyservice,currencyservice-669f47c6d7-lj52l,1739782486,192622592
currencyservice,currencyservice-669f47c6d7-lj52l,1739782786,195911680
currencyservice,currencyservice-669f47c6d7-lj52l,1739783086,197013504
currencyservice,currencyservice-669f47c6d7-lj52l,1739783386,200687616
currencyservice,currencyservice-669f47c6d7-lj52l,1739783686,202018816
currencyservice,currencyservice-669f47c6d7-lj52l,1739783986,208093184
currencyservice,currencyservice-669f47c6d7-lj52l,1739784286,212611072
currencyservice,currencyservice-669f47c6d7-lj52l,1739784586,214700032
currencyservice,currencyservice-669f47c6d7-lj52l,1739784886,149688320
currencyservice,currencyservice-669f47c6d7-lj52l,1739785186,160612352
currencyservice,currencyservice-669f47c6d7-lj52l,1739785486,167784448
currencyservice,currencyservice-669f47c6d7-lj52l,1739785786,172441600
currencyservice,currencyservice-669f47c6d7-lj52l,1739786086,177930240
currencyservice,currencyservice-669f47c6d7-lj52l,1739786386,185126912
currencyservice,currencyservice-669f47c6d7-lj52l,1739786686,192507904
currencyservice,currencyservice-669f47c6d7-lj52l,1739786986,198180864
currencyservice,currencyservice-669f47c6d7-lj52l,1739787286,203886592
currencyservice,currencyservice-669f47c6d7-lj52l,1739787586,209772544
currencyservice,currencyservice-669f47c6d7-lj52l,1739787886,215367680
currencyservice,currencyservice-669f47c6d7-lj52l,1739788186,152907776
currencyservice,currencyservice-669f47c6d7-lj52l,1739788486,161550336
currencyservice,currencyservice-669f47c6d7-lj52l,1739788786,168431616
currencyservice,currencyservice-669f47c6d7-lj52l,1739789086,175730688
currencyservice,currencyservice-669f47c6d7-lj52l,1739789386,182259712
currencyservice,currencyservice-669f47c6d7-lj52l,1739789686,186814464
currencyservice,currencyservice-669f47c6d7-lj52l,1739789986,192606208
currencyservice,currencyservice-669f47c6d7-lj52l,1739790286,198598656
currencyservice,currencyservice-669f47c6d7-lj52l,1739790586,203943936
currencyservice,currencyservice-669f47c6d7-lj52l,1739790886,210440192
currencyservice,currencyservice-669f47c6d7-lj52l,1739791186,215449600
currencyservice,currencyservice-669f47c6d7-lj52l,1739791486,150532096
currencyservice,currencyservice-669f47c6d7-lj52l,1739791786,158826496
currencyservice,currencyservice-669f47c6d7-lj52l,1739792086,164163584
currencyservice,currencyservice-669f47c6d7-lj52l,1739792386,170254336
currencyservice,currencyservice-669f47c6d7-lj52l,1739792686,174780416
currencyservice,currencyservice-669f47c6d7-lj52l,1739792986,179867648
currencyservice,currencyservice-669f47c6d7-lj52l,1739793286,182267904
currencyservice,currencyservice-669f47c6d7-lj52l,1739793586,183508992
currencyservice,currencyservice-669f47c6d7-lj52l,1739793886,185335808
currencyservice,currencyservice-669f47c6d7-lj52l,1739794186,189104128
currencyservice,currencyservice-669f47c6d7-lj52l,1739794486,191250432
currencyservice,currencyservice-669f47c6d7-lj52l,1739794786,192458752
currencyservice,currencyservice-669f47c6d7-lj52l,1739795086,194273280
currencyservice,currencyservice-669f47c6d7-lj52l,1739795386,195571712
currencyservice,currencyservice-669f47c6d7-lj52l,1739795686,196706304
currencyservice,currencyservice-669f47c6d7-lj52l,1739795986,199876608
currencyservice,currencyservice-669f47c6d7-lj52l,1739796286,200142848
currencyservice,currencyservice-669f47c6d7-lj52l,1739796586,201666560
currencyservice,currencyservice-669f47c6d7-lj52l,1739796886,199573504
currencyservice,currencyservice-669f47c6d7-lj52l,1739797186,203882496
currencyservice,currencyservice-669f47c6d7-lj52l,1739797486,204693504
currencyservice,currencyservice-669f47c6d7-lj52l,1739797786,211378176
currencyservice,currencyservice-669f47c6d7-lj52l,1739798086,215666688
currencyservice,currencyservice-669f47c6d7-lj52l,1739798386,139804672
currencyservice,currencyservice-669f47c6d7-lj52l,1739798686,157016064
currencyservice,currencyservice-669f47c6d7-lj52l,1739798986,157519872
currencyservice,currencyservice-669f47c6d7-lj52l,1739799286,165150720
currencyservice,currencyservice-669f47c6d7-lj52l,1739799586,166387712
currencyservice,currencyservice-669f47c6d7-lj52l,1739799886,169115648
currencyservice,currencyservice-669f47c6d7-lj52l,1739800186,170360832
currencyservice,currencyservice-669f47c6d7-lj52l,1739800486,171634688
currencyservice,currencyservice-669f47c6d7-lj52l,1739800786,172896256
currencyservice,currencyservice-669f47c6d7-lj52l,1739801086,176959488
currencyservice,currencyservice-669f47c6d7-lj52l,1739801386,182218752
currencyservice,currencyservice-669f47c6d7-lj52l,1739801686,183341056
currencyservice,currencyservice-669f47c6d7-lj52l,1739801986,186564608
currencyservice,currencyservice-669f47c6d7-lj52l,1739802286,188866560
currencyservice,currencyservice-669f47c6d7-lj52l,1739802586,191950848
currencyservice,currencyservice-669f47c6d7-lj52l,1739802886,195702784
currencyservice,currencyservice-669f47c6d7-lj52l,1739803186,197836800
currencyservice,currencyservice-669f47c6d7-lj52l,1739803486,199921664
currencyservice,currencyservice-669f47c6d7-lj52l,1739803786,201641984
currencyservice,currencyservice-669f47c6d7-lj52l,1739804086,203952128
currencyservice,currencyservice-669f47c6d7-lj52l,1739804386,206819328
currencyservice,currencyservice-669f47c6d7-lj52l,1739804686,209993728
currencyservice,currencyservice-669f47c6d7-lj52l,1739804986,213295104
currencyservice,currencyservice-669f47c6d7-lj52l,1739805286,215744512
currencyservice,currencyservice-669f47c6d7-lj52l,1739805586,215056384
currencyservice,currencyservice-669f47c6d7-lj52l,1739805886,146481152
currencyservice,currencyservice-669f47c6d7-lj52l,1739806186,152477696
currencyservice,currencyservice-669f47c6d7-lj52l,1739806486,155054080
currencyservice,currencyservice-669f47c6d7-lj52l,1739806786,159301632
currencyservice,currencyservice-669f47c6d7-lj52l,1739807086,161603584
currencyservice,currencyservice-669f47c6d7-lj52l,1739807386,162906112
currencyservice,currencyservice-669f47c6d7-lj52l,1739807686,164327424
currencyservice,currencyservice-669f47c6d7-lj52l,1739807986,166449152
currencyservice,currencyservice-669f47c6d7-lj52l,1739808286,169594880
currencyservice,currencyservice-669f47c6d7-lj52l,1739808586,175017984
currencyservice,currencyservice-669f47c6d7-lj52l,1739808886,182337536
currencyservice,currencyservice-669f47c6d7-lj52l,1739809186,187568128
currencyservice,currencyservice-669f47c6d7-lj52l,1739809486,193220608
currencyservice,currencyservice-669f47c6d7-lj52l,1739809786,198553600
currencyservice,currencyservice-669f47c6d7-lj52l,1739810086,205094912
currencyservice,currencyservice-669f47c6d7-lj52l,1739810386,210690048
currencyservice,currencyservice-669f47c6d7-lj52l,1739810686,213590016
currencyservice,currencyservice-669f47c6d7-lj52l,1739810986,214990848
currencyservice,currencyservice-669f47c6d7-lj52l,1739811286,215375872
currencyservice,currencyservice-669f47c6d7-lj52l,1739811586,214999040
currencyservice,currencyservice-669f47c6d7-lj52l,1739811886,150675456
currencyservice,currencyservice-669f47c6d7-lj52l,1739812186,153419776
currencyservice,currencyservice-669f47c6d7-lj52l,1739812486,155320320
currencyservice,currencyservice-669f47c6d7-lj52l,1739812786,156553216
currencyservice,currencyservice-669f47c6d7-lj52l,1739813086,169095168
currencyservice,currencyservice-669f47c6d7-lj52l,1739813386,172986368
currencyservice,currencyservice-669f47c6d7-lj52l,1739813686,178155520
currencyservice,currencyservice-669f47c6d7-lj52l,1739813986,182079488
currencyservice,currencyservice-669f47c6d7-lj52l,1739814286,186327040
currencyservice,currencyservice-669f47c6d7-lj52l,1739814586,187928576
currencyservice,currencyservice-669f47c6d7-lj52l,1739814886,189890560
currencyservice,currencyservice-669f47c6d7-lj52l,1739815186,190889984
currencyservice,currencyservice-669f47c6d7-lj52l,1739815486,192503808
currencyservice,currencyservice-669f47c6d7-lj52l,1739815786,194314240
currencyservice,currencyservice-669f47c6d7-lj52l,1739816086,196456448
currencyservice,currencyservice-669f47c6d7-lj52l,1739816386,198115328
currencyservice,currencyservice-669f47c6d7-lj52l,1739816686,200335360
currencyservice,currencyservice-669f47c6d7-lj52l,1739816986,202641408
currencyservice,currencyservice-669f47c6d7-lj52l,1739817286,204271616
currencyservice,currencyservice-669f47c6d7-lj52l,1739817586,206516224
currencyservice,currencyservice-669f47c6d7-lj52l,1739817886,208658432
currencyservice,currencyservice-669f47c6d7-lj52l,1739818186,211783680
currencyservice,currencyservice-669f47c6d7-lj52l,1739818486,213200896
currencyservice,currencyservice-669f47c6d7-lj52l,1739818786,215281664
currencyservice,currencyservice-669f47c6d7-lj52l,1739819086,214892544
currencyservice,currencyservice-669f47c6d7-lj52l,1739819386,215601152
currencyservice,currencyservice-669f47c6d7-lj52l,1739819686,157077504
currencyservice,currencyservice-669f47c6d7-lj52l,1739819986,159260672
currencyservice,currencyservice-669f47c6d7-lj52l,1739820286,161628160
currencyservice,currencyservice-669f47c6d7-lj52l,1739820586,162787328
currencyservice,currencyservice-669f47c6d7-lj52l,1739820886,165433344
currencyservice,currencyservice-669f47c6d7-lj52l,1739821186,166576128
currencyservice,currencyservice-669f47c6d7-lj52l,1739821486,169639936
currencyservice,currencyservice-669f47c6d7-lj52l,1739821786,171679744
currencyservice,currencyservice-669f47c6d7-lj52l,1739822086,178941952
currencyservice,currencyservice-669f47c6d7-lj52l,1739822386,179863552
currencyservice,currencyservice-669f47c6d7-lj52l,1739822686,182550528
currencyservice,currencyservice-669f47c6d7-lj52l,1739822986,185487360
currencyservice,currencyservice-669f47c6d7-lj52l,1739823286,189427712
currencyservice,currencyservice-669f47c6d7-lj52l,1739823586,190300160
currencyservice,currencyservice-669f47c6d7-lj52l,1739823886,192000000
currencyservice,currencyservice-669f47c6d7-lj52l,1739824186,150638592
currencyservice,currencyservice-669f47c6d7-lj52l,1739824486,157020160
currencyservice,currencyservice-669f47c6d7-lj52l,1739824786,160587776
currencyservice,currencyservice-669f47c6d7-lj52l,1739825086,162226176
currencyservice,currencyservice-669f47c6d7-lj52l,1739825386,165531648
currencyservice,currencyservice-669f47c6d7-lj52l,1739825686,167936000
currencyservice,currencyservice-669f47c6d7-lj52l,1739825986,171286528
currencyservice,currencyservice-669f47c6d7-lj52l,1739826286,176394240
currencyservice,currencyservice-669f47c6d7-lj52l,1739826586,178012160
currencyservice,currencyservice-669f47c6d7-lj52l,1739826886,176791552
currencyservice,currencyservice-669f47c6d7-lj52l,1739827186,182194176
currencyservice,currencyservice-669f47c6d7-lj52l,1739827486,184467456
currencyservice,currencyservice-669f47c6d7-lj52l,1739827786,187748352
currencyservice,currencyservice-669f47c6d7-lj52l,1739828086,191975424
currencyservice,currencyservice-669f47c6d7-lj52l,1739828386,193978368
currencyservice,currencyservice-669f47c6d7-lj52l,1739828686,199344128
currencyservice,currencyservice-669f47c6d7-lj52l,1739828986,202457088
currencyservice,currencyservice-669f47c6d7-lj52l,1739829286,209985536
currencyservice,currencyservice-669f47c6d7-lj52l,1739829586,212099072
currencyservice,currencyservice-669f47c6d7-lj52l,1739829886,152186880
currencyservice,currencyservice-669f47c6d7-lj52l,1739830186,157814784
currencyservice,currencyservice-669f47c6d7-lj52l,1739830486,160120832
currencyservice,currencyservice-669f47c6d7-lj52l,1739830786,165720064
currencyservice,currencyservice-669f47c6d7-lj52l,1739831086,167079936
currencyservice,currencyservice-669f47c6d7-lj52l,1739831386,170557440
